V1,V2,V3,V4,V5,V6,V7,V8,V9,V10,V11,V12,V13,V14,V15,V16,V17,V18,V19,V20,V21,V22,V23,V24,V25,V26,V27,V28,V29,V30,V31,V32,V33,V34,V35,V36,V37,V38,V39,V40,V41,V42,V43,V44,V45,V46,V47,V48,V49,V50,V51,V52,V53,V54,V55,V56,V57,V58,V59,V60,V61,V62,V63,V64,V65,V66,V67,V68,V69,V70,V71,V72,V73,V74,V75,V76,V77,V78,V79,V80
18.2751769259865,18.7402030539022,4.23475011351245,2.68859716134466,1.07797192319361,0.0877658776341902,0.110032740129475,0.0465665241509213,0.173489677441153,0.331819075827082,0.00189021242277896,0.652662591901044,0.338277542111426,0.523990015057223,0.8292461151714,0.641881798309656,15.6824870103936,43.3312469864087,3.66990049675485,4.05427390478143,0.278230638799877,0.325449457480298,0.450500276434459,0.115517918227241,18.1407978067642,0.162162862961257,1.97370120319132,1.33958220169487,0.251903125700221,0.330375849155511,0.00908193620931352,0.0840856898508456,0.33649551360226,0.130508791009551,0.269742157929671,0.477911194544317,0.40959078819937,0.402851128724176,0.067193084215528,0.387648614134287,15.4264374808199,7.93589497688099,12.8754304149608,0.550778933513924,1.10978376672202,0.00103918931021486,0.0216192295529367,0.138320241384575,15.4349785503712,37.0068746608766,6.41020971710745,1.8266875859749,0.0886650205812115,0.143619801539097,0.176554672544406,0.0215952110467216,0.461821257963076,0.521499745837011,0.430635912990882,0.229313395745608,0.116864031419052,0.18959131350393,0.146292285467237,0.0375982547387777,0.0773341724439915,0.89035837879346,1.06158043230615,0.118796870514234,0.955679070155501,0.246788407182987,0.110190058523662,0.122850104090341,9.70968966161714,8.68830206127014,4.69812928890326,2.49221258409598,0.313206362383495,0.105617824645765,0.0462865350283574,0.0908368174260299
13.4231974360122,13.0319866636732,4.26210729954527,2.34807304657523,0.801357626819662,0.352891227195366,0.312597777914891,0.108437776701355,0.227337348383337,0.614298036042937,0.00451674279841591,0.0571757520665511,0.269919242596282,0.342196132003961,0.712416553848383,0.672737151975306,21.7150201247637,47.1279366084804,3.14942471481901,2.25031198084684,0.250172169012936,0.245122793544981,0.353337360874637,0.0748842371297054,33.1756055788037,1.72720672725777,4.15935387388591,1.01143120576384,0.0857917007248375,0.21905392468078,0.00825558504228748,0.0469954312959466,0.566055144368776,0.186494787659073,0.144119878020436,0.874305583067356,0.515751981291988,0.555188722619565,0.181191618224029,0.395441321140085,19.5725909183542,8.6393792444695,14.125755572573,0.984774635095945,1.2717329108903,0.00282246304910506,0.0234525817244939,0.0798109842530228,10.4642232686715,37.1479862219409,7.8171607843993,2.86266775262532,0.0463926887125099,0.304147799058599,0.168479869155219,0.01364131727197,0.504176659501863,0.421431761459674,0.411199846305973,0.258324779817197,0.226359917032165,0.254087240295083,0.111164336555086,0.0487756130757313,0.515004081483528,1.77901405963714,2.49802488795705,0.0880648865539888,0.610144230490042,0.144636995005519,0.0930518695241344,0.0832976597967052,16.7990400139373,18.900741815954,3.14688363742324,2.06779445861486,0.327392399317603,0.101253177744708,0.032648172562459,0.130266317326791
19.5453442660609,10.0878421156891,4.08392391356463,4.97827638443621,1.54967766670225,0.555365490846079,0.184342157514102,0.120217709749922,0.374680857225156,0.512936553388671,0.00584218474099327,0.228256459797896,0.498493993284155,0.391475050316458,0.616375900397941,0.647259667801304,13.3655459691831,42.1466521630548,1.5908317009913,3.4179950904694,0.314597339057984,0.252386170748282,0.724830456517578,0.0587935112561951,47.7842214587439,1.80406446156493,6.78977242295594,1.97799067166916,0.131418349575673,0.547667878858253,0.0138847190182254,0.066493751629954,0.19762135231002,0.100401444375994,0.282286186025071,1.02517892641633,0.210055256092849,0.405296953412556,0.328131947777619,0.391075923319173,13.8668148145194,8.80262708441765,10.0293347867211,0.900757958965012,0.651951936917329,0.00249239491393147,0.0105972626347121,0.0777269764474993,4.67977267672912,27.0213591764623,4.91548442516768,1.71519596403688,0.0456977863235381,0.366083973322366,0.238383448093798,0.0153727663057519,0.649662669297334,0.267574829749789,0.851611455621928,0.0835143266556166,0.172244975701889,0.479338026791604,0.123425078564168,0.0515011401994401,0.388932561590238,1.71066120381356,0.870849638193461,0.109374192986581,0.781537267182327,0.15219334036008,0.161441273264896,0.0757398209070851,16.5464427269362,26.5295606364187,4.42911903955813,2.21137307697966,0.251764560602362,0.118023701327032,0.0559345119200044,0.0479923197995463
8.54775122694758,11.3222807582732,0.862021587619273,3.40717070924705,1.67650026615157,0.491564579340869,0.463304942116778,0.1128453881016,0.306167396398015,0.578521245066064,0.00379653915667161,0.514248049177287,0.229198161442383,0.262214486732922,0.496489757548694,0.683901415982234,9.94758911553259,26.4766498174947,4.98104371025166,3.35124763159347,0.26679027189114,0.20543061451685,0.678049265394559,0.0543580432280503,13.7879106553809,2.77994849862247,5.77651355262621,1.94798098964039,0.145844297188575,0.555197400313197,0.0129922265535456,0.0617878677718795,0.409879507010706,0.161363869089527,0.271907851665996,0.39632581368037,0.506866011382181,0.788620197421069,0.423660426951697,0.370961636496986,14.6883742325639,7.77198173136693,13.1025010678672,0.985987507767927,0.873152546069717,0.00157755890559504,0.0173451082965928,0.0693069467639914,14.382037026062,31.9694509131959,9.45570110019321,1.79106960141554,0.0932192624951846,0.309689555795307,0.395738332540314,0.0255503440044999,1.05530713891855,0.2631151817489,0.856140234026459,0.317109494956465,0.184246032743027,0.427740993297354,0.0293108952491436,0.0637525092241724,0.378137168795595,0.791196910942107,0.665829548898173,0.165421681104409,1.03389764711589,0.162055440141742,0.144044129215823,0.17227475034552,17.6777616603185,26.1574300761764,4.48149567077214,1.39559912019089,0.243866771654842,0.0781023015422508,0.0285851511416247,0.123121810393726
5.40876447501239,12.2235354019769,2.76096044592263,4.08266149306833,0.708745980331622,0.320191078395832,0.456135863332395,0.121580403731833,0.338294570264035,0.421881676589417,0.00471491026934511,0.450882053550076,0.476254200141371,0.328106274015774,0.624067249479977,0.79036338614812,25.3724074224402,38.0440695821137,5.23017193268994,2.26849456040672,0.136358277868382,0.454044662574111,0.254862246879091,0.0417979515727563,25.9399109657274,2.46215827356041,6.4664419674587,1.85037352161765,0.080362965178961,0.668556950110897,0.0106358845611991,0.090348411902197,0.322873393905002,0.133364324213553,0.200743458816865,0.455394696098302,0.381222362485514,0.685479127789005,0.384044865798243,0.146250500043515,8.35901125202828,5.90473374010385,15.777042780304,0.647438044645347,1.42505639664576,0.000641407498014,0.0223352083969656,0.0906828902366006,14.5964571462455,31.57842357189,6.87799694264977,1.68103672288517,0.131432942687724,0.4442061314408,0.146016976956356,0.0182082990582258,0.7907842352427,0.411768995805225,0.827561872297058,0.337807029715192,0.203413927251825,0.164654229026475,0.112899520047051,0.0193189582102533,0.0884376661489534,1.35594919209591,0.675554824140342,0.115140188862786,0.452691860326483,0.278873620990714,0.0325319189367531,0.139878451046828,23.9480329077786,34.1568840760077,1.8977789290307,1.40850001124305,0.226899300240908,0.100646178025356,0.0533547333583909,0.127830287064878
21.5873903443589,18.8995603416065,3.45826664602092,3.81910670465321,0.476946887101539,0.428486281112941,0.38584377449674,0.0412984775742011,0.314917003920025,0.559647833681712,0.00165368037225429,0.286068776183323,0.381196857219189,0.312126683343845,0.488090631295113,0.615643874316711,8.56424091418145,40.9917370327702,3.99500796287075,2.31486248953396,0.348906158729725,0.411430652899729,0.437789659107669,0.0535196924097306,30.5258349327571,3.32607671776393,4.56266793893268,1.77136006894317,0.144932005738128,0.171328128879298,0.00268705738904845,0.0178780406742591,0.361647821220659,0.106158173085033,0.251348984996935,0.804753723804734,0.540933703918053,0.702749149172387,0.567595440170964,0.383086383381166,12.5207414654263,8.60586765189356,8.96735810837435,1.73275646895341,0.942321003583794,0.000952866072242579,0.0151312320749913,0.0315299197364611,9.18344359238587,40.3568454908897,12.3539412498742,0.658452822425258,0.0964886451812356,0.311174097508086,0.305575605967716,0.0297781485198535,0.708601582627129,0.587964408970045,0.195550248752973,0.300914667656389,0.191964010666703,0.328987056476486,0.0933867622574276,0.0456908502976756,0.704770820252359,2.13772261415337,1.79396475686402,0.120001304221776,0.722426381579661,0.163119111699269,0.127363365901273,0.195426537235819,20.9490648266539,24.023151578506,3.65429159273393,2.29184292363047,0.30916292110884,0.120665840526588,0.0388844324425516,0.0269638055328539
12.3834486122692,10.6754184031772,3.51122153391135,3.38222552790523,1.66064138437967,0.315875269097228,0.340948957618218,0.0754857128094914,0.226232167707508,0.347439988051061,0.00552767379368697,0.379267935998122,0.328084546911907,0.370791971689584,0.681285531787624,0.720806085980981,25.7159767401103,41.0846298456001,4.13752941016859,2.07440680102653,0.0977868074922486,0.22317022203175,0.838970991772914,0.109801926410971,28.4338687362931,2.67375706039843,6.65185445960177,1.93719187468716,0.140887100566225,0.358483925467474,0.0161643145600225,0.0850464570679494,0.709270951690867,0.0742819732333749,0.136872770637621,0.834106036128329,0.365026992151095,0.402329158725944,0.396536687213767,0.168876279556184,13.457355228753,7.24395726100551,12.1700352339528,1.16065272638405,1.48037926918894,0.000863860954990088,0.0263007454135181,0.0927697951693849,19.3396033550422,40.6349838500856,4.60458043170959,2.27384959040577,0.0791372802526225,0.314566834804653,0.426555149103229,0.0308008862774632,0.585494490303963,0.330856253003613,0.446729444238759,0.237354257226766,0.172274610494326,0.496306647849299,0.0999685506133489,0.0436741089279755,0.658352055614643,1.98531613939894,0.672519566113267,0.123156054275586,0.737125351321065,0.120301755787696,0.0918676053971875,0.0905692836886203,7.4855336848368,20.6838115723214,4.67398104158112,2.78758153280911,0.307046370959092,0.106464312629071,0.0556977643732022,0.102360773343888
6.44067535566828,3.4215340529126,3.79056325184158,3.22709604892977,1.15990515709425,0.255851421851415,0.164889667105561,0.079364943342446,0.193340586869886,0.398618633451934,0.00321755014281436,0.257252926339552,0.296745951728676,0.401077090176136,0.622952952002279,0.692117347101304,22.7185108983993,36.4143391158415,3.88167568666222,3.29862626696047,0.405281799975386,0.372685272783097,0.450269433979218,0.0606712909214537,44.0309335149437,1.26310210818074,5.17577446117235,1.47858867210741,0.126800801817845,0.357061132182119,0.00907274793353869,0.0241211176731589,0.544557256363488,0.139318093623048,0.322397705280177,0.606918663506534,0.521773139359123,0.654633189405629,0.269525048865689,0.270102241976116,15.067272150581,6.3415285500766,10.0197217576879,0.949574355743026,1.42916900153536,0.00225235352590765,0.00682785227995501,0.0803756308570662,16.5667888784354,35.4625641520926,10.5197404858122,3.00393441308297,0.0727863082140407,0.26296751689839,0.29782456641963,0.0304942933923774,0.924886479108525,0.359589707850601,0.503734562141315,0.479412727373261,0.196890460660184,0.344249279871318,0.0973206009002277,0.0715073295653361,0.286404499739499,0.308242159772743,1.3540949055585,0.272156060797125,0.5636291399377,0.0288982930133892,0.21126346592627,0.116115989591886,16.2806338153032,1.93416015811484,4.47978842732051,1.71270837814272,0.167300394138474,0.220631224742687,0.0275404194936067,0.111053861611016
13.2054058869732,14.3635565907314,3.62865029105776,3.61850597529665,2.65215895691598,0.250772339357281,0.407415576120785,0.114423126669325,0.153139787299633,0.277255039574571,0.0050568957914952,0.587698919916763,0.248536159784049,0.373830347878304,0.629141761493862,0.588036057921585,19.9220752387237,42.2247889590959,5.8349335913809,2.25048285558498,0.0506781475252247,0.314209557910357,0.510003048627225,0.110664483748384,38.369495815913,4.62836399817243,8.62125112524513,2.13731567730814,0.230126580655292,0.243459616788031,0.00929007950027843,0.0613715545692642,0.578797580527021,0.0322865595702109,0.173428878633418,0.529444516935504,0.263093495241114,0.616394344942886,0.414745509736688,0.341543896287471,20.2760597509248,9.61859134895617,13.6770396747361,2.00583338345102,0.922180603805281,0.00183192669809214,0.0138094939462492,0.042815303973767,17.8814018269643,37.5279524685391,9.41218181953509,2.35296082922131,0.0837328364206917,0.275501536412752,0.470511300823644,0.0173422114526053,0.992293827310772,0.2716166967794,0.460040899962191,0.405169474351532,0.197723608109746,0.375276502085052,0.0867034397299264,0.0616750142144889,0.526289001773424,1.90174221867629,1.88438504580315,0.121183247655202,0.879419441372852,0.266125110908104,0.101216135716109,0.160559153715681,15.0928448784163,16.5071256155902,2.41079438349916,1.33177390576529,0.214810195590075,0.149946580248969,0.0187043256757553,0.0338158812639501
7.808516579128,7.75679899094767,1.87713925391021,4.29055078312924,1.59038089950131,0.55958674238534,0.130454632091949,0.0137230108790934,0.332618573754324,0.738979316107313,0.00414369536619556,0.576050625615045,0.460535238806149,0.176492979113143,0.797284818771689,0.697738787421808,7.52811562671366,57.297343843362,0.16236574075014,2.63128970773774,0.238402645491747,0.327208040409516,0.532671462225997,0.107351606010438,22.7055903690189,1.89931214618367,6.67847480207701,0.549338428725172,0.114171831338447,0.563891542418157,0.0157449290555777,0.0758531721999804,0.573536340313342,0.0944621174663773,0.114097129020333,0.450973809787453,0.357913918073741,0.631399986482274,0.472419603002769,0.284723089946672,32.1366978086848,10.4136498650524,10.3113773520916,1.01362820821882,1.34926493212449,0.00209035128319469,0.0221165289532915,0.0202172252137605,15.4076933199933,21.5578669676031,12.1769813797877,1.53560151422987,0.114439532187275,0.368116124943085,0.578712920932652,0.014089868370285,1.06511254298068,0.518125969637055,0.864707587918474,0.121969047864096,0.187730939778862,0.471187980717789,0.069825942930085,0.0602545216837708,0.222703351428952,0.957518178936687,0.914309186388705,0.108815297245802,0.696946782698126,0.201484473718559,0.104375771160088,0.203313909677658,26.8398351422922,22.6253006352442,2.7235905098262,1.32241344928509,0.13967524699876,0.0951644693395256,0.0488111410593361,0.0663879249831603
14.2348607487147,22.815883547976,3.26318010224208,3.91371601144414,0.418378473430852,0.247941123267442,0.178707497451998,0.140287643803748,0.355511212649716,0.270121982624396,0.00172158360500183,0.292449193873074,0.278599778420845,0.508477001434538,0.492735490137145,0.816528880413653,27.239358924176,42.2063617951956,2.66984386244099,2.33689742472408,0.254519892129795,0.630354321622435,0.410715742907246,0.0916951953917265,40.3638325351317,2.6462875318786,4.36201961999692,0.745045081395872,0.13045312770463,0.094631261084788,0.0183890335016768,0.00487888710746513,0.671202613572084,0.167085828960314,0.313107647991108,0.513880166199337,0.447284231457232,0.401075204735028,0.51324899363427,0.17435851816373,20.5974628225571,9.64967253437109,10.0403560156106,0.51062175008987,0.98195195830811,0.0021640629650352,0.00657697436380749,0.0529382567987835,4.68126605372088,21.3250261637447,10.8649047016738,2.52947506921525,0.108223889270728,0.385691852911689,0.350609433822286,0.0195798126053966,0.0380855336200638,0.32595980609815,0.434033903839389,0.439864135259768,0.24298653330279,0.159692069043133,0.104755852387109,0.0529300642521565,0.667568265783636,1.00344763609813,1.43488086193873,0.105226535336738,0.828799879027766,0.0878271418583532,0.148114007038861,0.133836308599214,5.8019951112357,21.1664582433087,2.4953345803578,3.21841864673754,0.274454288059967,0.136911564249678,0.0156778708247007,0.212333259860962
14.2052932766602,14.2756847489245,1.47294148023402,2.24531049445287,0.963734077565332,0.167449258841681,0.455297646165997,0.20360356425971,0.152461486564045,0.484467222798433,0.00557110298629163,0.47619898594062,0.376909475104052,0.443843321728628,0.749810042429548,0.64156868362349,12.2964230688034,36.5937889523872,3.56741779100204,1.54444596741721,0.209983915573657,0.354975241417777,0.185995152573235,0.0419057644864997,26.2394460932988,1.29962642242009,9.47774379761281,1.88932419047215,0.182855741507354,0.573939912584313,0.0100267440419198,0.0393447997438885,0.535069510175505,0.0720042363046946,0.327525954773031,0.455545688774533,0.419233923932703,0.616131275492525,0.0682727764479008,0.316754076721134,19.8112179144584,8.8285969456091,10.3526114202252,1.19312404100475,1.72311451491527,0.0012761643525675,0.0255998751473149,0.096625699267707,9.80652724439872,32.3712923071753,11.7673496093954,1.51603272753083,0.0679039460067606,0.637092620709298,0.209756242717273,0.022971706422202,0.618356424936181,0.250278410051368,0.394134512763348,0.376545695619665,0.305695744576241,0.308113367098249,0.0794181544714997,0.0309929301489438,0.589957066759643,2.21263643517974,1.23517346776453,0.0967377234081644,0.555887739046702,0.152947518985492,0.196178932477948,0.106478512687627,7.70961828868108,24.2437817145784,4.03914526004075,2.27734439760389,0.331179927016656,0.183784774660527,0.0494061311698137,0.135296527644569
19.1434810870145,19.8185211630215,1.82171841861026,3.22601394297662,1.51802043320781,0.215630553592921,0.315613832837037,0.0746591116849758,0.267442917007967,0.661735783594377,0.00534690025214618,0.298971713293127,0.220679809850631,0.535135522478498,0.54642637731373,0.70812415629035,39.5603513268402,47.0960735493504,2.37322230773289,2.14617190130372,0.203538170941803,0.523236747916924,0.589607602076186,0.0747229276965122,32.4311964117368,4.59164390198949,9.0872754863264,1.40481263218365,0.164297056013222,0.468942695274705,0.00258408194943133,0.0829883094103875,0.384931498722554,0.142081144039446,0.231244286581277,0.652772349998201,0.368139758617684,0.345484274329223,0.572566118245693,0.252831063341038,11.3281197202453,6.03915990176403,11.4925509531802,1.87406851546898,1.14535993431624,0.00167640777944396,0.0169968609073807,0.063069224846475,20.4723884195609,29.351344074131,13.502316004728,1.89301666549574,0.0739440366288578,0.485096044470722,0.476831061824422,0.0147946067732765,0.965159048541685,0.245505732305609,0.73581752411225,0.369166397617856,0.237341674888019,0.509980753694611,0.0872412558041872,0.0276915586943351,0.757223187218971,2.32963215197135,1.72457584489758,0.120090146847175,0.934012490534472,0.0969645743411089,0.107433138461575,0.169287304785508,12.39839733878,9.54004181656046,3.43970753653994,1.18867544989457,0.149036106378823,0.0125571494842938,0.0349067947940619,0.118186944500566
9.23140946880332,24.9332192132971,2.95102925640158,2.24532162292253,2.11970424483296,0.387424021569273,0.363425848256519,0.10596235137037,0.283297048849906,0.202800452338228,0.00266183730335712,0.278354073802507,0.245153549416394,0.505936681942713,0.667523888347055,0.73564389682113,28.1749132006749,32.1190455549897,1.20973731896836,0.937342687318634,0.300629021872388,0.284358803828974,0.339611123215173,0.111451682374439,35.3765206202749,1.2951679192962,4.73474111700004,2.60543986847261,0.111714899120768,0.732596075395868,0.0139159333807224,0.0835983159417746,0.644483449824219,0.090916440052169,0.0669027249795346,0.741517084313913,0.457415255759125,0.415071263908623,0.421893118231656,0.27635565903064,19.8198434983778,7.28025176560055,16.6980510615579,1.1150925522881,0.407071523834329,0.00221571831408087,0.0188616260833274,0.130877971027993,25.7652970335206,25.7471281319101,4.09680202786881,1.79909893145212,0.0927433705660508,0.0587320557259586,0.338063017337135,0.0185785753158604,0.661001122483141,0.136807215161153,0.472866716655825,0.163323449146,0.29990725115178,0.428538837726018,0.0229608337691725,0.0736674185913179,0.445903872068214,1.83210076044479,1.69131131548254,0.113103224991833,0.858516028437521,0.0886688419513435,0.1391688946133,0.107155594652264,7.80218617362118,30.3141668319084,4.62156824333226,1.61704679708477,0.0363181518579433,0.105863694725263,0.068674932850538,0.0755681022849793
11.0235895668991,7.31569741821404,2.32526349477601,3.08104147474756,0.953220326876897,0.19756850932181,0.214624350556688,0.127395041682098,0.268204075056437,0.387966272495505,0.00545804349474074,0.241706504528407,0.311783843137867,0.0853691180549668,0.634604223315157,0.745593952300949,32.713789507671,33.0527026335343,4.2187020077475,3.03348306084659,0.418363563637348,0.38078876644893,0.168005763964443,0.0807224818007118,26.3909670472554,3.78983172190806,5.96747415728494,1.48715247417319,0.146707996671427,0.158505446197951,0.00896256801799707,0.0658531587389989,0.371138405501992,0.107409075300253,0.208256183242064,0.82713143879735,0.405898448734601,0.74893444389412,0.424739270458296,0.281247415492076,7.42396741264282,9.68636118788323,11.315885220741,1.09407809843987,0.668943654053962,0.000838077565868153,0.0192813869979614,0.11817270508825,15.686731326164,36.8402428548605,12.9044767896849,2.18694137277364,0.0873541093970792,0.188842579075003,0.133998988846592,0.0242999282092197,0.778875735116953,0.317736002699773,0.569667363935626,0.235958071496481,0.144157360204133,0.608615709449802,0.0856626000012341,0.0411158297937235,0.618373279306019,1.1227592705678,0.888034788449671,0.111279116889502,0.629208366871887,0.264400485225433,0.166733784248964,0.168268166518698,13.5587102264077,21.9952582702236,2.21330372031513,1.31115281682121,0.198248434014119,0.181660045432702,0.0621095076171206,0.0846042135165848
11.7353272468043,15.108561597454,1.98248560404279,3.12291016372642,1.77806979824746,0.442764723406163,0.203962035883552,0.0895435859282481,0.341760719598759,0.431264646848111,0.00505246245366354,0.239982314908958,0.196531542102479,0.422476608054528,0.613778739884177,0.650822152517044,21.5489989308341,49.3446841494086,2.78289675340902,3.0070096425458,0.123961579953367,0.292811044374106,0.521516439287407,0.10847149698385,25.8742526716017,1.9685458922475,3.96537462229007,1.49808121867045,0.143411411165958,0.477520082829748,0.0173448113142413,0.0670193393487264,0.519814379519537,0.0367332775182897,0.294472700483213,1.06881901660009,0.708335145684978,0.753024816723777,0.474094694211293,0.251356666217455,16.6414949744158,8.03840143718382,9.80594526642821,1.47315578631064,1.03363491042951,0.0015659621013795,0.00873646402513058,0.156273912368146,17.6456383909965,33.4014813334424,9.78330038451086,3.47155447483416,0.0298126270832273,0.167080897561569,0.285435037633134,0.00877809694571867,0.197575050781737,0.520918166331911,0.215418467720789,0.199328472686322,0.197802226929262,0.452715263537912,0.0871138776525533,0.0523621920309823,0.585556658559558,1.43359333095683,2.08850880389442,0.0735398364308116,0.426369337385875,0.066556306102548,0.0954810065163873,0.103895508313828,14.3530151666127,13.2438790363052,1.91678055928886,3.43865886970189,0.241296662182793,0.102183426154138,0.0384210524374171,0.151451734458029
17.5741190711944,3.82088171993196,0.957725229935868,3.20690253755858,2.00807956636365,0.389666959304105,0.0192193532913666,0.0988875599120516,0.232121167916445,0.296705297280813,0.00280807153611023,0.657156092644622,0.347823383720334,0.346930327259568,0.629943108090614,0.779886952824217,17.8752427634265,45.6482862542264,0.627274657258001,2.95827711601747,0.407878438051403,0.468416525850394,0.46298296333058,0.0507826169264844,38.0688269740813,1.42748042717713,5.82973854989503,2.4719773237525,0.134335342245482,0.458464406405398,0.00909889124596434,0.0819210093167678,0.364342923964,0.120476917243879,0.331777480262923,0.230914371385772,0.639395267623394,0.49636771682254,0.391877619278305,0.184298458646839,15.6594179284633,13.1660233282975,17.1120417727072,0.321643914698157,0.946852931958568,0.00127324987379289,0.00325405255700329,0.092824080264942,13.0492996714707,46.7552496685014,7.41692782692114,0.646936416684877,0.116721918212619,0.301848181341726,0.203076546193684,0.0180802388637174,0.482420640268458,0.291575785696058,0.579202790325566,0.311112232055414,0.237498786445844,0.37881458095661,0.0357851438859291,0.0126316166846966,0.414638632353807,1.46181685915323,1.21947733981685,0.136530616048229,0.15201951792279,0.212061307463374,0.14892721710229,0.0853308234780937,18.2938204859869,13.3927398255021,3.15844564963653,2.18868829710975,0.449737078674361,0.138498741427659,0.0219070076994436,0.162988478635872
12.839235185603,12.7656104904732,2.80476582370801,4.20402224698047,1.81495386331473,0.126907230265985,0.361252474675841,0.227432445054008,0.201272657911527,0.330980269870881,0.00449470710540883,0.266253518906928,0.179657982862605,0.149488813575505,0.718962571276956,0.753859718193693,19.6389233018429,50.100428529134,5.11170144298656,3.47133350983715,0.168934678083188,0.211416576742777,0.341259543334822,0.0560506032600612,31.5016652071484,2.04046696384035,6.53394021044507,1.36979619156979,0.229197313545406,0.376461490447598,0.0180940913691086,0.0662035016592174,0.384162610460025,0.11061494426737,0.275838775391352,0.861254321211935,0.307260672024825,0.478877373414279,0.240359818796399,0.254454626482359,21.984860508609,12.0288952470195,11.7895942324429,0.787360496214373,1.43913166114765,0.00147097646443019,0.00784662512767822,0.116541149698531,9.6643057085021,19.8413809072414,10.5587296593018,2.17982076987029,0.140321466004698,0.379827113166547,0.645947776541378,0.00701059254577856,0.7141886978364,0.253191090386409,0.464741784871053,0.511254000669134,0.289094630454374,0.469012543286929,0.0758416666977645,0.0270499397662093,0.656624581978421,0.987457484348124,1.68051404653642,0.086778553949636,1.13994870823149,0.210422081814513,0.0885450549859376,0.208660166333697,4.17797491265527,11.1105547894246,2.25390384375428,0.645426101603332,0.0775644369160337,0.113837541173567,0.0120014649654321,0.163815015356762
23.5286830410053,17.2276732990508,3.71223883987985,2.30868408227719,1.37600642769862,0.302824272164306,0.290247687532764,0.155842319143502,0.382448031796416,0.518889444136335,0.00576116889772356,0.424967299276355,0.254558699963198,0.261182273961148,0.736054582426063,0.707393642285195,20.8532461900541,33.5318486744753,3.96193303240384,3.25592611319373,0.341401870531095,0.335865932821196,0.607976186804632,0.0759752911698913,37.3586611197842,2.90256970919603,1.36515159932445,1.04235222542548,0.0611337708270376,0.392970013066032,0.0108446730495446,0.0514669680441015,0.667939264464769,0.090174261512594,0.241963011141887,0.455144228730629,0.253042716062711,0.717834758198169,0.340903869856901,0.203832604401664,6.45934138716134,9.47514260104832,9.52932721219688,0.531882030048596,1.23341322443602,0.00191925464673166,0.0144316057003645,0.0341346033276663,10.4566827069437,30.302162039625,8.71597602299526,1.72215450728412,0.101004512760659,0.442894488870182,0.250855029244704,0.0151385584609461,0.204901866947865,0.349242857270794,0.564759087818262,0.454266872515304,0.279147107006593,0.3376140233539,0.11417589259575,0.0480065638447362,0.506943803327062,1.12128386461903,1.91686463103661,0.0992233728033251,1.01261135574641,0.110660197267035,0.154303802070665,0.214347791972638,21.2731577498434,19.6570890072355,1.94128552933722,2.12894935886488,0.230945215577404,0.157930240060569,0.0236309724007063,0.126142328668962
20.074805547639,19.3034503496328,2.28624066387878,2.7685349554575,0.849144525994891,0.407496509077477,0.366530750250499,0.128581278746017,0.301711140908638,0.384824338541684,0.00441435918383503,0.348146148166054,0.238111293665011,0.402041098461763,0.581430750137263,0.724308882341963,25.3776853696367,32.5394062218407,4.94552146833674,2.30677911447658,0.321591166778079,0.395287937384358,0.294859510412132,0.0965174528240473,51.2349562006055,2.63076324570683,9.32555294002801,3.19137892275912,0.0802628632376532,0.617129316381903,0.0081520916419603,0.0673116746161026,0.375227469747683,0.104376518884428,0.22562040128019,0.687720109298123,0.376522858582282,0.6374603454708,0.344116188844964,0.206950787551381,11.9413990569426,4.40227106683867,12.1533138189654,1.93462237947118,0.670965897020801,0.000594533044740588,0.0121769215127853,0.0445896336401463,16.6748593298988,41.5524504810263,10.8389622077195,2.17964619223992,0.0982618817679684,0.458172469789016,0.283470127727668,0.0275817701072607,0.745241000138308,0.33816940332979,0.293545031756966,0.474422163645949,0.2003232036763,0.310858602328973,0.0800759323962958,0.0669046141925606,0.370484974843849,1.81779029336819,1.41663580573841,0.102148369635791,0.782966806694735,0.182788227650654,0.16498111241822,0.145296528074524,11.8576851611349,13.2363973471862,3.06155514059193,2.75897926924418,0.198226322444913,0.12518064725903,0.0407745417429332,0.0880984278423455
9.47682031991542,14.7356384938012,2.9391677246335,4.3750913365717,0.718568272198504,0.343565341383213,0.370190163194458,0.125926206249112,0.11770749509403,0.425216171808443,0.00471489792254929,0.404145539641654,0.256488089165241,0.245450035336012,0.555723101231353,0.690440778687448,8.6813359971072,47.3731916689793,3.87601708228552,1.6391794559367,0.4110115747459,0.394192971381198,0.360349414281523,0.0335473047632781,46.161552863419,2.37457669180748,1.34541630294143,1.76700312413743,0.153915841937659,0.495066108215219,0.0145115207413337,0.0706118267131952,0.715926777723644,0.1133149604924,0.137897357445595,0.465434881261605,0.778321146066839,0.841486593213706,0.500911183683714,0.171996393352918,13.9223300697329,6.30045121657111,10.3376365256689,0.96789417016104,0.872583828324896,0.00161295778227389,0.0310895387966017,0.127629589293763,7.93943692453669,25.8398259562751,5.6998850217339,2.7863031098213,0.0894569405292476,0.674941702710272,0.335002443497219,0.00942222565482165,0.750943719063019,0.407358868107674,0.486852381378974,0.179127483327731,0.152067838387517,0.351126715949632,0.0551835288718235,0.0806053706889007,0.487876653972615,1.42087871291319,1.41889896503637,0.0762490343310916,0.783718993391517,0.247310479008341,0.109439398775704,0.142154498493086,9.41006590756978,26.8413003469917,3.41526044860576,3.5390656345559,0.27393609728426,0.0253362633150422,0.0327126211121922,0.112971275844047
13.4206223583803,26.2911408309773,2.06064745855231,2.91049098607814,0.615683241389686,0.358130586819805,0.3455877626749,0.169407759064144,0.236835465854648,0.345536507775378,0.00498311846578043,0.105437941114434,0.485879948182556,0.242112989688262,0.870755735199019,0.678484146248861,35.7653744102513,33.9905923207515,3.32203977635024,1.88357940492427,0.353988745824433,0.509950839088469,0.311600323607868,0.0043361320756934,10.4229754834761,1.7436058526745,4.28274709839949,1.49007639224539,0.142806321551351,0.266472668943988,0.0178318646188404,0.0320287298468583,0.533626337071449,0.0696444741716397,0.349690945835331,0.827537373904734,0.663933555696243,0.477164369470593,0.105035956660289,0.391943134790931,8.16699709146784,9.67761402712545,9.34611342265855,0.997832411986314,1.6181079592756,0.00258677499074834,0.0162719882487789,0.0606004607294909,16.0452659182514,25.6993784931359,12.0905039050381,0.973593887847314,0.0727607189262539,0.347341437498228,0.179579891944186,0.00936195887290921,1.10869954648207,0.30562999442371,0.491586789336956,0.406782737092256,0.180421592421072,0.499242953901641,0.113063927841629,0.0336302523655486,0.376045738110034,2.87449297080556,1.27858428834908,0.087891288567087,0.0275259548111527,0.179815463519881,0.103313959250551,0.0497773544937907,18.2380730845081,12.2874501903652,5.9840706786888,4.02428758436997,0.349202409003596,0.0563903109914296,0.0486678865769589,0.136647542720467
7.65990115249914,20.4923491509675,3.60201132159336,4.36637381200737,1.60963761336686,0.130602688830489,0.421854519822652,0.140280701264155,0.246036402645864,0.244525155690596,0.00609845161843617,0.396099488801127,0.290269731660763,0.482128727880619,0.663276358477873,0.545071070770436,28.0351501586459,48.0615518720094,3.88274138902958,2.20186147827391,0.227508364124969,0.557769754863349,0.58587858394097,0.0550432059481264,48.5564446614805,3.38953856390114,6.65232457972206,1.10116516534023,0.195019865669083,0.373249497832953,0.00204414623004236,0.0740210923469868,0.630090001287766,0.187582505102985,0.25989402638245,0.916790454106053,0.426125495389232,0.741413354483968,0.424434293616997,0.484700556981195,9.33926156137789,6.87017196725511,9.74482996739117,0.63568303104363,1.240509012879,0.0011280603056237,0.0177305436781618,0.0936373393289826,10.3015693133841,21.3786508050844,11.5121745453752,1.11286214882338,0.00424823832529044,0.297052720364196,0.147353999269598,0.0209158350244884,0.661855303539507,0.44850457807401,0.15635030759558,0.231340050135511,0.209016217589101,0.0875776886989331,0.0576305226471611,0.0338657821061927,0.312533182581573,0.878517725151615,1.26608171903448,0.139897857284375,0.466927567092916,0.0907878760818017,0.159424547398487,0.142418867572494,17.1731523150136,15.1452070046713,4.87513916563175,3.07017506963184,0.318467708276604,0.0794976375880792,0.0355862616055593,0.129967540694986
15.0665115190194,22.4790094282256,2.73746322905142,3.67353823312284,1.21821572014312,0.130387140348847,0.388687892425771,0.0501524449124283,0.321401527608399,0.672500651968612,0.0072029516693452,0.406777549667648,0.130788037074695,0.440733626954625,0.554071536100679,0.661699946190401,21.846745399388,20.9140353584906,5.23875630900101,2.26349647646977,0.188967834835477,0.461730429743944,0.302552482226446,0.0352445337940089,60.7013802403682,3.82827190235068,6.36901585722999,1.00369462486799,0.202986044615264,0.45198430508737,0.0104082666480405,0.0928252884243103,0.445589879154354,0.111667524432051,0.38446321965511,0.654223220974928,0.228429531500784,0.559060406837252,0.370458017853509,0.358153367380611,12.3554366444736,12.6643539180987,10.2106484160619,1.77062062961058,0.906834154763244,0.00109580110630514,0.0245050657716301,0.136921384350914,12.2337707246187,34.0101034864882,6.76285139131663,1.35424417248789,0.0996786987145484,0.456919414249935,0.316639942790637,0.0196141932165742,0.484634593133475,0.306060904136309,0.577335749370571,0.327151713283516,0.366362314955772,0.273999291109181,0.0861767225466463,0.0436858967103992,0.466125047169326,0.616300950274461,1.66486129207962,0.067004686081098,1.42746433715273,0.109236800143634,0.103712832020866,0.154207520341362,12.3399979393486,32.5652038156642,0.898607035584316,1.79713510781828,0.319013378262512,0.067999159363185,0.0277927659386555,0.0815166842468987
14.4254813747441,16.0395755594226,4.18581094439186,2.97405860802647,0.95396844601582,0.273199680196237,0.299499674871771,0.209433655633489,0.331484185207772,0.609221994819634,0.00557186266551624,0.193637555230427,0.39967057132132,0.25051456009338,0.592987471600356,0.725637445605973,17.8732809536568,32.9162308287794,4.13207453112623,1.30002049248464,0.236782101411827,0.139369090866964,0.620790400333498,0.0868854589524057,12.3606539656492,3.57178441465378,9.99927321224612,0.851199119429483,0.0636098244626927,0.0645195310154871,0.00775701757475064,0.0868154368680263,0.839033744732398,0.148032979655308,0.26991269419127,0.620090677728398,0.305043059241169,0.600548521908064,0.423729436291944,0.266404200609796,7.667266345023,5.15652780950716,10.4934680873689,1.6625641812392,1.325750714518,0.00253492346434423,0.0164810535985577,0.154399310576978,24.9743713607939,52.9429169601727,9.06300888864571,2.21359518578678,0.0566850664511462,0.121033477465361,0.267446649492554,0.00706640301779857,0.609312553904592,0.109314552014423,0.44423816206882,0.44728320938653,0.2599567693811,0.444179494394742,0.0443615342573624,0.0225802802573671,0.29525422964278,1.48175933070615,1.39710113944331,0.237046071026474,0.682628740427815,0.233320997019477,0.134112012155258,0.217374308008253,13.4876174722835,17.8490392926247,4.51535494550496,1.11787718388733,0.127233045742456,0.283266477536547,0.00842992189506409,0.114677606989268
17.4542198434238,18.5786121395658,1.29646284056012,4.98363036141043,0.898611113093639,0.308854161181379,0.382130621301072,0.0820294181348636,0.242127242423169,0.76007929684701,0.00233606234537033,0.50150081868559,0.309760337625978,0.488176004931048,0.457095852407693,0.696158291412471,18.6632364270205,33.7083833523866,4.20641574287867,1.36851364237881,0.374779423818942,0.252014563814712,0.921165017919243,0.0548222055506365,25.0332786152826,3.12070063421178,7.8503664966454,1.59187952881593,0.143627063064144,0.956697295947208,0.0107464691875742,0.0716495574655551,0.211412791098667,0.0407903051447837,0.371866385095751,0.508085894351421,0.544194796716886,0.336915948375353,0.581235497931527,0.276682010723692,5.56818805999739,7.10674157822178,13.4297644598874,0.890429868408775,0.284402088480397,0.000911965509664307,0.0232153953298186,0.0841277404336763,20.9190817670547,36.7264025070424,7.55504007956476,1.77496536637613,0.0813562940045716,0.330910055143038,0.369118464433093,0.0210745358854066,1.05862804126026,0.516691870059539,0.389804680644663,0.170836645813858,0.250402912140382,0.455526519617638,0.0860171859420533,0.0289386363193252,0.757519298626254,1.35028450834457,1.8167742598817,0.141812307667932,0.537509146376887,0.132445644975359,0.130459862090716,0.126804139953169,15.3957179025328,29.0157910576882,4.84299428285813,2.94456690577983,0.206354962297783,0.075860083042758,0.0414168625285478,0.133418498513294
21.8691318774364,17.3459287250588,4.14379088575366,2.2354855742866,1.50497503767093,0.316192825418063,0.168199592398874,0.17965937071054,0.122562482340948,0.785769648175495,0.00371715471961275,0.387059042983732,0.446200262148103,0.415582590911828,0.771305079279574,0.778331267000704,26.8965916216445,46.1480735064588,1.45828409511257,3.31853512697519,0.34833414772069,0.172353833095359,0.531029595761014,0.0668942306480775,42.0110598715603,5.42390734147928,5.4597354130601,2.15929559760883,0.172217332095199,0.648304162736417,0.00765325575431224,0.103149078356552,0.658607050431784,0.111950114492129,0.20698528027073,0.685196127614689,0.293244986973336,0.461182486241511,0.225972014060929,0.131650332762703,11.2869118262538,8.99764011561738,14.7717606767891,1.32504403753744,0.952942644050137,0.00197875791345026,0.0213448228262397,0.0717789594995227,9.29861772302553,34.3586924584566,7.87721448644152,2.1390098491956,0.0488624943220171,0.230854769110031,0.33423131082257,0.0204018930189476,0.349791727205908,0.210021168249795,0.506882444071128,0.293825451899082,0.202900574676616,0.292144432432497,0.0625365765607037,0.0361070677794735,0.736316611072857,1.70701857011511,1.93121366304536,0.094370188195423,0.60413241000677,0.175608908963625,0.12691466211164,0.135809874857575,6.82953400251318,16.6342723355875,4.91563592776024,0.855684050391407,0.208919560097082,0.113718269637676,0.0638639278763084,0.153709264763821
14.3529893677776,6.89267889818136,1.42268406846469,3.1015240813676,1.40680644707692,0.488724449387605,0.2947755690936,0.104885564029587,0.362378372627214,0.818865156441197,0.00893972775790696,0.638094530788892,0.33494165620414,0.186431262545268,0.513203789375505,0.500404371951514,25.9657704596125,36.4810508684398,5.25345247506508,0.267799184245345,0.252745575678594,0.567407060544611,0.421497293265897,0.10542743697095,41.4021122274199,4.72334427234397,7.4714218603757,2.52763245435179,0.155014477064303,0.3656302153898,0.00324251002196386,0.0418095332293343,0.350421295807951,0.0700680547387162,0.185638069120642,0.438086245725772,0.551227052300226,0.886649157679019,0.506833731629882,0.473107943047917,13.8338101690203,5.40379969542109,9.16292461941809,1.27696530748534,1.46534476152839,0.000733355830268594,0.0155258418307241,0.082019735769379,14.5463246668767,26.1357970954291,11.1029583799029,1.31593353830128,0.0484345352530409,0.359753458382882,0.324106743238952,0.0189791158681599,0.436317710362818,0.228821603476317,0.319375752341883,0.401824803303049,0.298643166485721,0.379078006779965,0.0971606369070296,0.0654676508739314,0.314322508998581,2.06496855879832,1.15038341428641,0.161266184799176,0.570005755323954,0.383355457826034,0.083426163594965,0.169799717517929,14.9343324687828,17.4311481093237,5.17418945438569,0.978409783430936,0.350346449597557,0.0719229877856793,0.0455888084328671,0.0556411921645692
13.6274102905967,26.8439908054538,2.33808496519683,4.19249587490338,0.946796903072709,0.153462437248148,0.259620897503648,0.160504664932272,0.197514296128867,0.250080520193478,0.00175172970358804,0.282788308131738,0.41836897156375,0.488700004367327,0.46696469600925,0.64352001785396,20.7569184404218,39.8430326899761,5.63021394489165,2.59261813331963,0.249553276688878,0.312797377878038,0.325386698119333,0.052311077074054,47.4507924082316,1.14731680908549,6.40052237181574,1.36019269956135,0.0885763320374953,0.217331052337052,0.0132826952819475,0.107671037124506,0.609154730121772,0.110465388623272,0.0920243773314896,0.325321485975101,0.210567994025753,0.557806741447849,0.361687810980898,0.405505183698864,21.3005995926085,9.74268767745782,14.3042993085967,0.791042838762451,0.584597913700013,0.00174897139854557,0.0304914740325537,0.0647669063421767,8.41203821626845,27.0945241343175,11.5266949032994,1.38587341768099,0.0965997268215956,0.595013473089926,0.25514113983133,0.0118931187991841,0.929783479894649,0.356519898832708,0.33081892976466,0.795170256100867,0.241796993522295,0.215332454875608,0.0652586779563571,0.0332076671968142,0.656022529753813,0.955938521577521,2.05272981457264,0.110307442033854,1.01596641185722,0.169105615125802,0.0856386787726922,0.251679535156326,7.78913054996438,25.6727010941413,2.21467223663715,1.75099361446925,0.205374876228333,0.0404854669830069,0.0503001426457126,0.181882033769987
17.3533749236351,19.1210605968239,5.74044123814218,2.43506137242894,1.11471719409751,0.449829279163753,0.141982293146647,0.124409192954506,0.267887902838627,0.233406638144334,0.00256347261671771,0.398919185006781,0.186378797829033,0.405800861398124,0.815323076342191,0.711197854547862,16.1943118894148,39.844273434858,1.79876607743713,3.24887122089291,0.0195339616385304,0.678965986610659,0.518901498020843,0.0920364881310156,19.7686721345228,1.63928314610782,6.24701646871261,0.551503614139334,0.214559190495396,0.678450601514379,0.00132292052017223,0.0909803244035056,0.680211498602064,0.0876030666677602,0.0789232247930985,0.565069970697328,0.277083828650233,0.509746839435934,0.153510031847699,0.358750735744594,11.1717972467596,4.83875577744911,11.1163062175812,0.880217384291471,0.819937472408368,0.00182903446751846,0.0359206810560139,0.0546739558994874,13.6198949451341,34.7067987984407,7.50680167832178,2.97297288709791,0.0721185956536303,0.442158748945507,0.356586585343196,0.0121528297490423,0.420925265639727,0.288170646509601,0.468264980162311,0.428561999476253,0.275239963874853,0.264712893008505,0.073973885005691,0.0184091301145105,0.158580884421141,1.66342243152759,1.60736773241926,0.0831854077887514,0.751256366680751,0.104094586731325,0.025123304909725,0.040700554795519,14.0483338959774,23.1546919994391,5.1442977130248,0.610435148124826,0.0971166134558126,0.115921144879895,0.0239905225427127,0.047700967900866
12.2356837737472,13.9577929240535,2.12433108265903,4.84911018854416,1.31505758019114,0.438573168678409,0.218779191894904,0.0683676772594214,0.254181498199918,0.415358171973117,0.00634648336440547,0.581530729832395,0.260539266318229,0.298376529976943,0.487551300385242,0.696821915341806,19.6464240517878,45.7916658586714,5.27695051453175,0.803552636544572,0.488275833533023,0.271097485722863,0.532926507008825,0.074901249208935,20.7789526729633,4.49034239447864,6.44091209588754,2.07480684151738,0.141641652824699,0.914976019393617,0.00787867672478352,0.0858299825614886,0.388946796211357,0.128616662367181,0.321710314253486,0.383685903041705,0.39290767468806,0.744764114158177,0.539353400593478,0.224853618341881,7.44640945449759,3.63180353643335,12.4455829871319,1.47312776534079,0.425477657435447,0.000748380789693618,0.00663701959945796,0.135102383813642,23.5311176515154,41.7875713741245,7.70892905373546,1.73750287183648,0.0389231798801547,0.342015180335437,0.308592241744927,0.0325483412658563,0.646438320052296,0.256132027308285,0.406872888267597,0.509560789601604,0.190380411804542,0.331554994884758,0.0956925708266801,0.058045555339329,0.481939899948052,1.40822792313209,1.55202819295009,0.0972254596574245,1.1354988208328,0.119366367305851,0.195101314025449,0.128845709158673,19.04620191616,13.7262319052443,3.95285329396748,2.13745848758647,0.110275833369445,0.0828154672484951,0.0268202596868375,0.0920695187489349
17.0887273230779,20.293769158611,2.73467780336956,4.96560855786594,1.60716884340423,0.261641710346605,0.197674592492926,0.163371720611578,0.071329793107863,0.475408327288074,0.0074530424036529,0.392571176336983,0.175505907649629,0.322036328100959,0.58386763583385,0.689244271611382,20.9133642146796,41.6185283439074,4.76169197851842,2.3146787464481,0.452109239377427,0.283347755217331,0.555820478851697,0.0679969209615063,22.1951224321147,1.90825431154567,5.22117515560772,0.807477259138248,0.0754154235931046,0.191497975107875,0.0121967504872076,0.0100364244355487,0.309880136779463,0.0644193664705801,0.077947225531716,0.513550804653925,0.492407274917468,0.648627371762251,0.527321041832542,0.201022320745521,15.484919382871,6.03438309695739,10.4558540394012,1.33935941575243,0.649323741818898,0.00107235797115376,0.0118588489955869,0.144931335061534,12.852525333435,36.9089394816898,11.0658120754997,2.0731376350975,0.0729704265310342,0.413283927339589,0.281073704551319,0.017307077396554,0.803858796020192,0.118039445640695,0.492051918741248,0.466287044517291,0.177198647795571,0.390194822626039,0.112388211993611,0.0485375293449845,0.573187585183938,0.847920013979697,2.60547446640111,0.150118225930881,1.23446516821172,0.163789707455966,0.0708138239076657,0.107745100769434,18.0341035929789,22.5188691838714,4.2282888503154,1.87644333601764,0.398750456416929,0.228873975727188,0.0677410090995333,0.121799995973995
14.7498856968252,4.60415560715429,1.10091352727384,1.94628893501873,2.13549537129407,0.352964093496088,0.363796406939426,0.175751318474891,0.386682648134893,0.752343574776366,0.00592049878540262,0.412833151890144,0.255360157905224,0.322976097434892,0.634375279852551,0.701223896556636,27.8650792240676,28.6290834368313,2.62991280798171,2.36452286812008,0.161134588611689,0.645488782254049,0.230177912242948,0.0273328573205475,46.6924527838822,3.6906114420895,5.72517476354214,1.47599147154574,0.101849245743342,0.234152847266812,0.0137800828791768,0.08181736439531,0.384444552019972,0.153910689549054,0.190290269211777,0.690258513320563,0.399459558626469,0.715152851788034,0.337426623201664,0.260102202720553,18.4842135720762,7.58559435519915,15.8765805705235,0.525912806980452,0.856860558022721,0.00164200737227844,0.0156257398931372,0.0629763455022154,12.3376123047875,45.0777147142335,6.3963767374513,2.01777692852021,0.0383620397126391,0.443249786954511,0.242867089918544,0.00808333647152265,0.458431121505667,0.308671346824109,0.225998090306258,0.270002178848546,0.140467263851008,0.33478310713689,0.113751373759924,0.0436002964296461,0.533194230164996,0.898490733964001,1.99219346399644,0.122754457746219,0.911931636288451,0.130866215017962,0.128881524835051,0.0902047865565334,13.4797084727258,27.2894410905411,4.83515667685431,1.61546139903713,0.231426011063474,0.0568539342481101,0.0289405301270118,0.156566058722459
9.27743702914971,23.9198553331882,0.534854693755377,4.70801558889158,1.57258782306093,0.299719183251798,0.239762369506642,0.129645439216679,0.233849893513901,0.248407171249603,0.00208786780156331,0.487932449479198,0.471526849316232,0.340525138697116,0.796465635471497,0.531229732247407,25.5796594662452,53.9468879916083,4.04338306830925,1.54921508869417,0.213924753325313,0.225698098485894,0.417746927520932,0.091863491297839,21.3203422918083,4.57383756540409,4.05417741721404,1.34320009414061,0.12276439180317,0.277034821883011,0.00573403540739145,0.0926972036395564,0.266818572385309,0.15059075302204,0.23996167619436,0.467181688857572,0.560136899980367,0.644262842103944,0.361088296868992,0.390879579769361,12.2415682549285,6.21360552122584,8.64164468225349,2.0107182499503,0.577480116314646,0.00235141530721366,0.0246226359860964,0.101690244465679,20.2175604763872,23.2531282593176,12.5027783793312,2.1193223822429,0.119308806544566,0.0806974259179295,0.564410056972677,0.0009681610023945,0.907904874532509,0.154129099721979,0.287132957160042,0.426191853845522,0.208377176581994,0.584279925113365,0.0906412407526033,0.043114974019654,0.752486708890497,0.281023850645912,2.18513925844741,0.150751888897357,0.0232606664175203,0.161980908276641,0.241853136421406,0.130777358674009,14.1616058648961,24.9293174864095,3.82838644491067,1.18636533861953,0.434331115095425,0.163374300227399,0.0365149506003323,0.147648428001745
14.3722973437733,9.38156867611437,2.11711994876193,5.54403856060031,0.958708500123912,0.299962828152692,0.150924639829172,0.0492893257838829,0.3082362699946,0.239513149229073,0.00403498508723652,0.568188110058695,0.210511041720936,0.1982666122188,0.722718605908168,0.683032903815687,21.8108751650066,51.1691350621415,2.5495734257752,2.43809125082549,0.299783719971373,0.0684626742925085,0.530716410546452,0.0708835070482774,16.5607061884896,1.68856554258786,3.1365477800517,0.629008562787268,0.0072853927943074,0.532032749388403,0.0189046352495425,0.0919375754957078,0.400709471565238,0.0483909755304165,0.30904427694737,0.329958505014981,0.55367913415165,0.830625532276238,0.25315350126192,0.350604796762512,22.1528708660705,4.81904839623376,9.37220288975494,1.44516786326593,1.33035100032826,0.00176452923970931,0.0116084978897076,0.104672649149172,17.2985536399552,42.3070400283276,9.21411219968114,1.12397619273421,0.0728293490753236,0.544031723593367,0.392434007951318,0.0114976178857368,0.95216693488043,0.555920662795987,0.416638774029926,0.404876394380102,0.103092840569687,0.360569145960601,0.0104681501147635,0.0455630440688173,0.532934099510597,1.67452152503081,1.06792943195777,0.0716403476867558,0.948140966069121,0.231327196970325,0.0891582898740686,0.102398341052732,19.7812640718489,17.9506874077318,3.61398296560565,1.25668734994547,0.352322423585052,0.0559878725083645,0.0504833446284868,0.128162118374732
17.0887273230779,20.293769158611,2.73467780336956,4.96560855786594,1.60716884340423,0.261641710346605,0.197674592492926,0.163371720611578,0.071329793107863,0.475408327288074,0.0074530424036529,0.392571176336983,0.175505907649629,0.322036328100959,0.58386763583385,0.689244271611382,20.9133642146796,41.6185283439074,4.76169197851842,2.3146787464481,0.452109239377427,0.283347755217331,0.555820478851697,0.0679969209615063,22.1951224321147,1.90825431154567,5.22117515560772,0.807477259138248,0.0754154235931046,0.191497975107875,0.0121967504872076,0.0100364244355487,0.309880136779463,0.0644193664705801,0.077947225531716,0.513550804653925,0.492407274917468,0.648627371762251,0.527321041832542,0.201022320745521,15.484919382871,6.03438309695739,10.4558540394012,1.33935941575243,0.649323741818898,0.00107235797115376,0.0118588489955869,0.144931335061534,12.852525333435,36.9089394816898,11.0658120754997,2.0731376350975,0.0729704265310342,0.413283927339589,0.281073704551319,0.017307077396554,0.803858796020192,0.118039445640695,0.492051918741248,0.466287044517291,0.177198647795571,0.390194822626039,0.112388211993611,0.0485375293449845,0.573187585183938,0.847920013979697,2.60547446640111,0.150118225930881,1.23446516821172,0.163789707455966,0.0708138239076657,0.107745100769434,18.0341035929789,22.5188691838714,4.2282888503154,1.87644333601764,0.398750456416929,0.228873975727188,0.0677410090995333,0.121799995973995
16.6377093985211,15.2505184544981,2.66403809604285,3.64845649909724,1.26766879805683,0.213397761380824,0.42411946056377,0.0852076635882633,0.279947769092258,0.315776602102883,0.00678627046026953,0.210369578975222,0.159424776184011,0.0813885470429331,0.657872950329716,0.755453844008542,24.5200958820745,53.7165036642135,3.15140856014428,2.78224133627811,0.303011205294182,0.246856914728249,0.507743384517217,0.102301446607802,36.9821141397091,0.803191495863979,5.79606510024192,1.52912073600611,0.202319758442487,0.406145964555631,0.00811252460769657,0.0790476716971643,0.10211049613753,0.0701114201418159,0.167046784652013,0.935621607765954,0.630714869568996,0.825687758761161,0.234553954806084,0.273607904060591,4.75133097119843,6.88452225410905,10.1764925987729,1.36713963953687,0.587030954850146,0.00105933875124848,0.00813159321314137,0.117810252805012,6.68656506395056,35.0321922690031,11.0009141207462,1.15653896200574,0.0935412965319675,0.187938922236555,0.265093704147226,0.0221944593276995,0.948895157012054,0.484637337030994,0.338165721107051,0.255930631234936,0.203481459033437,0.424595692954316,0.115236427195939,0.0316586367507074,1.06000156276611,0.985582108032227,1.83193834697724,0.0864315284870026,0.853195905365944,0.263647831043201,0.0920263196677941,0.162276932926026,10.7940452678056,29.8605533983844,4.46384882993387,4.0129925257582,0.165208442997322,0.135211973518156,0.0208614282286701,0.0963715152737795
11.7294953444212,16.4694959090534,4.88370600843346,5.42621319508504,1.54281426466572,0.391284286606942,0.188731279825282,0.20266087233885,0.142964420199584,0.412671265369928,0.00383231005048694,0.625337922536406,0.145770877069673,0.455572221244883,0.577397881642233,0.638121875583985,16.2940256285022,62.4566371513996,6.64546326614639,2.6565769195138,0.321234856575828,0.23005222935405,0.541948858572087,0.0641537716595057,45.8172820531024,0.940117157541692,7.29131072486374,1.58606131421963,0.187065360467429,0.579364020610487,0.0152640750407738,0.0500309858485026,0.308405095850009,0.128218986015271,0.295192387316808,0.472278410813683,0.381805453836841,0.522043415714673,0.396739570145847,0.351382448723163,10.5780988106194,1.7699874404977,10.1930927306044,0.528844089866176,1.00916858539075,0.00158257477021026,0.0152720186525506,0.109224016925129,10.2703301699966,38.010494108945,10.5417576296253,0.451975422449501,0.0485782772993762,0.176386558801596,0.220527881530816,0.0228292593013804,0.683213370573021,0.308227876465335,0.407034801451884,0.313928658337231,0.26857409283682,0.260439315594623,0.0276143908983835,0.0777025768475769,0.137998616985662,1.26335987674145,1.48898706285046,0.0911822874598882,0.914776997817398,0.139511924380282,0.161621159327315,0.209696847376672,14.2098731415197,9.67445920164048,1.58676198586455,2.2172230782039,0.318840440108982,0.129192277233605,0.000709195047799892,0.103469360729718
8.25025369656914,21.59687915099,3.16069244959527,2.99310396044224,1.74092501256736,0.334099934509384,0.346275953561404,0.167240439323646,0.0173402788716697,0.654881602801184,0.00516628209162948,0.472721239988193,0.439329956981759,0.387324902106584,0.839233978902894,0.698320567570327,34.156148345467,41.0802417505858,2.85981776478306,3.91777780285092,0.293405104470322,0.124961251885066,0.821201076040522,0.0515177123396888,13.2040559508821,3.21637755392865,5.22918483938434,2.41321684507411,0.158630904262941,0.201327888182046,0.00627787336022605,0.0370866571529633,0.558617397048667,0.10126064450085,0.230460794885275,0.469899877081792,0.574538609815095,0.578981845829759,0.169499627246813,0.16746936843864,14.4584464618856,12.5774435174305,7.81393708762728,1.32318306759633,1.03894562592369,0.00182140506460755,0.0173462230451462,0.0278400843428531,21.2003056740058,18.4652026748636,5.95178300829023,1.61659185547322,0.0598768455605092,0.600488658054045,0.245319713458077,0.0317784076910653,0.471589754396583,0.228181792353049,0.33387922868726,0.338489067806104,0.149996386279331,0.268676791032672,0.129059500060546,0.0354080556560619,0.781274598587208,2.02941094847879,1.76691804011077,0.0848120919205493,0.409445917180657,0.175464890885514,0.155887716207924,0.167210986419488,19.3928462956456,19.3820717204359,4.44162801413932,2.67773287946077,0.406244931400854,0.150033374485031,0.0551261548647221,0.0657922958465097
21.0393737692843,24.2669279527116,3.48792939267602,1.72930784455326,2.3380986064562,0.364598158312252,0.405555610952375,0.130599005594297,0.300453290620697,0.402090809458575,0.00594561834785898,0.469170703673157,0.393685785221684,0.463157856336477,0.597478422942996,0.660861804719935,22.9477177437593,40.5442854605934,2.35782892698494,3.30554675843353,0.287934392081209,0.314654132831256,0.340373986791298,0.0585335449698391,19.866150816055,1.79000683964801,3.43139082637854,1.7926093346088,0.147498582706194,0.253153080646259,0.0176754406168898,0.0553389470467885,0.344211648333978,0.148151223417296,0.331032152834654,0.526385591510954,0.332382236480762,0.356739501445041,0.367108987597235,0.29684628627267,9.68677917597159,8.81604052582864,13.2512320354187,0.928508739043157,0.65710991536713,0.0012246810037642,0.0269535281026548,0.0541919676286624,23.3090349170152,34.4925538698385,8.80008351120756,1.71365582332415,0.0991578902051923,0.148606138782132,0.366457954104065,0.0176349004453866,0.77883190191656,0.490786202443293,0.31052653015175,0.193099564166951,0.186043249165719,0.314895685608659,0.0984889721442191,0.0544487954085754,0.720802731792595,2.24135894842688,2.09775778460623,0.0735221110275205,0.826014288179292,0.175760163651211,0.178378221979942,0.117905332610803,8.93293418386349,11.2708757022794,1.74864433638724,2.16104381331458,0.215670363857425,0.088483887344113,0.0365015842352987,0.0817641467079907
11.3312568073922,1.93003298316784,2.9736811782499,5.02118082154461,1.57893017081262,0.383383737115124,0.348497462057145,0.16985107689269,0.104735597719479,0.594539010342519,0.00759655290493656,0.0935116907252838,0.213788011760277,0.412956287531326,0.634533242281884,0.742246129509426,11.7184245084128,37.6328649586239,1.49314551105696,4.19064249056503,0.167052005751051,0.667397296482342,0.744297677611429,0.0408556356854438,14.0750639377326,2.16197959978185,4.95833998409685,1.06442854619141,0.219104110880012,0.398590195559629,0.00552273251815109,0.0723590282005363,0.180286711947344,0.0543804142438125,0.0442212732390459,0.680722942791162,0.601868100573409,0.611927394618438,0.35330820833239,0.205686534169758,14.7690694409836,7.19993186863817,10.8559079453283,1.05901385700904,0.822788939772207,0.00132372180593464,0.0189253285066629,0.11616788282561,13.2724118646174,59.195780596145,5.52132683841437,1.27947985790507,0.0619850667429836,0.380201017472093,0.346533421380903,0.0330260787440093,0.85380575146754,0.142694351088366,0.64462595131885,0.6853202906883,0.201405109321985,0.161138640330393,0.108291242972104,0.0450740084321715,0.67225817365432,1.51920161787814,2.20025005520287,0.124169942500938,0.589651449351559,0.0654010856351856,0.0561560019922475,0.218847607224529,15.8310468203525,16.1123887637507,3.71246011076166,0.559097639686603,0.226000045198759,0.163279985252744,0.039907943647938,0.0969151380110114
14.9192194202306,14.8745710969398,2.21729461100861,2.59223699686643,1.18138306296758,0.29117805320645,0.19060538850036,0.159327284485939,0.291910934258315,0.375338010255884,0.00471497464547617,0.487664210860154,0.410530910653608,0.333565817983829,0.523340626231878,0.720203222521219,9.35929632746253,35.0343182468088,3.656504149315,1.05372935744712,0.379381400182846,0.567628928266012,0.491671692916014,0.0724533018663743,32.0867098086812,1.99307557153525,5.92071813985996,1.83002466101801,0.15793943299236,0.537801872636104,0.0150044846353454,0.0672509723142647,0.500908037342441,0.0790278381692774,0.236170095461993,0.552477380129259,0.397661101405607,0.596084769569131,0.528468967061672,0.269696989960119,19.7812167806468,5.53307659232456,14.0458817418074,1.56872449440081,0.801298834857373,0.00229664015095543,0.0165295298264686,0.0876886529568078,13.1217450983686,47.5990602675569,8.77401748954521,0.604613426588395,0.082860579115849,0.335514564023381,0.343121498520247,0.020917324467433,0.651732149602375,0.339773231585275,0.217270133289195,0.220213418003361,0.131574617251468,0.408647667949647,0.0982080119302455,0.0365720499309267,0.537229674775649,1.30685949079827,1.52009635697981,0.0726753063073527,0.712074213367034,0.146665224157234,0.122482711638684,0.172505333046826,18.289040172257,18.4250862846534,5.16760319753773,1.26094250875268,0.437788526739688,0.179130085484402,0.0395723569536926,0.106650271192812
8.6708578470192,15.8134820760375,4.29163099097886,4.4043805098865,1.08998343239064,0.259736101968863,0.188996192838155,0.223887924397352,0.322226601001531,0.422308639930545,0.00446655519974651,0.347524110640276,0.229865355214782,0.242335165472151,0.409532785639221,0.860488482470532,28.3261444644125,23.0540898040767,2.72429989070432,1.82699582127741,0.194551865293576,0.598111566695088,0.875450182990166,0.03278010119228,31.9971587579054,4.1357601365828,4.95454218419039,0.318584144936784,0.243996669133849,0.490565149720159,0.0126897320348039,0.113218856853777,0.186964542881552,0.135847500528543,0.106170829872662,0.722092165303137,0.611031265047371,0.713601536030944,0.529733232734738,0.13508011110314,19.3462881727249,1.52540286534643,6.52670106187204,1.97056592585116,1.58065784399165,0.000269231070323907,0.0292622503961093,0.0514659862539031,18.2302898549531,61.0856128421045,5.74568245958232,1.28775919853416,0.0252656521411821,0.630054886091029,0.251796551595822,0.016426581009407,0.936225566296738,0.261192227662841,0.897069360636332,0.320586762859866,0.309426077348133,0.349419396659286,0.0874836759471662,0.00584580420045,0.512273562782272,3.02215748375837,1.1679413069843,0.162849475540878,0.485405586155104,0.193616226456074,0.132249921592518,0.0496707271738584,5.89504366889977,10.3703774991813,5.56414642236167,2.42054923961346,0.258547715847289,0.120979193191484,0.0511188952108149,0.0422466492939259
18.3491401357612,19.7036076536652,1.32310943601249,0.666439827838316,2.23372687359787,0.643081606279706,0.295401888681981,0.0540862927355473,0.212646601142354,0.54542149196655,0.00498025169140494,0.221650332075665,0.322046388538481,0.158745620374354,0.75817686769901,0.600414067639769,20.175835601103,23.7990612488946,3.87270712196411,1.96581115339601,0.322417354550127,0.550331641579012,0.120850832640286,0.0722587827018359,44.8773881731589,0.866677632572507,4.91297930439947,0.886895610098532,0.138517811950622,0.347608250321555,0.0123467311619866,0.0429026090750517,0.57600041895746,0.196891971687315,0.0823280276697856,0.831425846498675,0.613251339038002,0.837546038578836,0.476699683057872,0.398210162112985,8.6011383831906,7.44368791159748,15.3950201797251,1.70578129289071,0.713462496476898,0.00224546674822731,0.0251969497804501,0.0636803094883714,8.81374899613104,27.0450906561442,11.0227755161695,0.924939478984282,0.0542683626529565,0.19783118516464,0.328676912344436,0.0274316148713453,0.810457526362865,0.341092167056839,0.526216554951139,0.368968680232879,0.0684816770671714,0.367624414549753,0.0525236028261768,0.0521895572761299,0.650795667555008,1.1724515951808,1.53770214685896,0.138560929272079,0.699934268476884,0.21003476667907,0.121448171185036,0.0979463607334929,18.1015206244666,28.9754972851616,4.50620565302833,2.46574855720281,0.310192773596826,0.12147404264573,0.0523038638319935,0.137849678078641
18.3457823400941,17.2886137690813,2.97489383136744,3.90803408457594,1.02124307621715,0.168441608043666,0.22787277620381,0.127056686199197,0.193733362251692,0.424989733183114,0.0015738102401535,0.547256090714163,0.318483234391916,0.154543337177283,0.656567467444243,0.751298031660121,21.2217199237458,39.6698569361807,5.16159419421918,4.33972357794404,0.330179638604447,0.324593852893842,0.42414736482412,0.0513913189043298,26.7702269552307,2.71680523372728,7.58654161492845,1.28812967922386,0.132997815449513,0.12042833031018,0.0112574680476967,0.0757446240335275,0.481393820676202,0.140154397022785,0.14498612967135,0.478034106276166,0.452336817049908,0.627173685103079,0.34572046462263,0.282076808943035,12.5574598152859,9.43271608925687,10.0380870446001,0.859226796342863,1.19756641880736,0.000875658946775207,0.0191119856166237,0.0443024501032387,3.29399815471715,26.6402700085474,10.6810322174635,2.75583469062378,0.0669726900895572,0.411465702611438,0.223228730251944,0.0113009479046619,1.40774484464204,0.414619971217389,0.524698307146284,0.180734321033774,0.261453980452279,0.352229576475932,0.09158859458806,0.0138693606466853,0.627728304395425,1.37258963067951,1.86975507046326,0.122638738273368,0.684595268479319,0.272882050650557,0.10328750821017,0.134540825669562,9.46060737535809,21.7179325235068,3.04677623025324,1.53059067540299,0.304917716050775,0.185817246660278,0.0634064666105634,0.102306689797979
21.8861248483005,25.3551240455544,2.91593275553068,3.04393907657753,1.36978624980672,0.182956782652784,0.148558483580668,0.148725843313025,0.245375026950189,0.48344198306319,0.00237615198625976,0.497378700204252,0.452341918761892,0.350464325581384,0.657633265424805,0.61825413151582,28.7882013718596,30.2470832196942,4.83332514210741,2.00564965798242,0.340630067931114,0.0511833656846422,0.634942018847325,0.0737566306446237,50.2906581936838,3.1541206596355,2.24829661514193,0.740597588226286,0.0640403007498747,0.267299727128215,0.00868867150177729,0.0585917936168076,0.515089417009168,0.0975273447794935,0.25819129632926,0.449496377507603,0.12823343447755,0.638221859328523,0.345665402784035,0.282384627848407,19.2669684293803,11.4945252538386,12.4068011839217,2.06081189010876,0.764442148835616,4.06299452675829e-05,0.0166610165416829,0.112370523110571,6.31476114948368,15.7723589734275,12.7160090117211,1.49554787254038,0.0771412679102979,0.486588303883459,0.399584580961419,0.00360528955779526,0.332543681374171,0.363318394465495,0.201959920385828,0.625343093288933,0.0806632376320126,0.358768487136623,0.0801836968223751,0.0140231125892829,0.742096161610246,2.01820928997374,1.49480172078246,0.12396087728885,1.15839495372556,0.239294387618312,0.0938842592791389,0.205164011474804,9.05393550576218,13.8325349335943,3.76821365702591,3.08601270868402,0.258554149645916,0.174188413717362,0.0586255508969956,0.0919403921937253
15.6173270681231,13.7581559913717,4.02169079522844,1.61728309314891,1.65203446073947,0.554282803128411,0.343479653921155,0.128060583097511,0.100131962920029,0.35118662587007,0.00161643247612871,0.407574631091064,0.132731159392765,0.289882429679785,0.519604790249306,0.733554563683092,12.8949155585708,43.3238070669329,6.12118170932394,1.33869125656147,0.194336343314429,0.264508696191959,0.434003813425753,0.0651931571980039,23.7878016137285,2.1835919508159,3.01040747985396,0.610910337991751,0.164009975577744,0.525230542292696,0.0143903695755811,0.0506456511919347,0.553113378669852,0.173934730026258,0.167043035804695,0.609852995478893,0.45013623556768,0.445852884336006,0.325025781850879,0.249101982718879,13.8589216281018,6.38899420346223,13.4252433416724,1.51150570102932,1.06478342247039,0.00150292433924877,0.0274649452813531,0.041252387928681,19.8950615143245,38.1236213572777,7.52442573095167,2.21243110351081,0.0595632756348346,0.469902495167258,0.684906612413798,0.0254351901913888,0.519536452042053,0.408642986971753,0.542639663074189,0.403938888630102,0.19981145207118,0.524568237621568,0.098377818109319,0.0520585913813609,0.347301011524519,1.32760722570055,1.16880976025363,0.18162090982986,1.30157109734064,0.247393358209311,0.106377489814222,0.115804211377138,13.0348162951179,23.2206546176713,0.261168677666756,2.12493362659813,0.112638067443539,0.00148880924463918,0.0632794600337718,0.144498904030268
14.5685586280789,20.7531940247106,1.77884227963139,3.50619566465583,1.76408844937079,0.364830989765661,0.230658164592535,0.102792208299225,0.173322438765393,0.0751497799657628,0.00495064544878379,0.611801137800667,0.468419483451205,0.263323199672463,0.687231589041371,0.699604343715801,21.5857104035999,32.5241976798301,2.26763674180009,0.656163300320007,0.206370929750952,0.360142447658448,0.444730222563534,0.0994313095616377,7.52520465342994,4.69990985119343,1.32549232089094,2.17474102125501,0.224867645113697,0.0457901349480116,0.00402693433220539,0.0198111782927752,0.356618831460445,0.150423303802413,0.106988595338247,0.493025508953557,0.511868050425801,0.820389061783877,0.577034993824888,0.221526519483409,15.3107482115695,8.69314189865908,10.8113814683774,2.41774515907658,0.949349381803115,0.00203065853171619,0.022581776587333,0.12746807371705,11.6216245910355,39.1469681570433,8.6663439442829,1.46966783233442,0.0369518236212536,0.347036502716451,0.220460117744328,0.0141584404220259,0.448607762479302,0.0758606640593698,0.317429636533587,0.320109564793728,0.101170046366452,0.149276091063089,0.0334931969594998,0.0485104995050249,0.64936582236249,1.93725623465745,1.61968014322445,0.121942115487066,0.351618085403203,0.0779306312569723,0.0976082296980362,0.2623673666059,22.3447704853083,22.3959108948014,5.06402732847059,1.77146337192601,0.431601828718857,0.0496610591055491,0.0427470174650738,0.00457414332260142
25.7402996582897,6.42620789720953,1.75014392421913,3.99371134128396,1.89174124965628,0.0921676922457523,0.174070319501878,0.13530480704016,0.249474465152878,0.42473263277243,0.00607454909464677,0.427123927513506,0.510800348113406,0.364321631141998,0.826825140580043,0.644521775357643,23.1669059292617,35.3994809734159,2.28626211184039,3.57308455217515,0.176102391524437,0.215516686679531,0.429927856746587,0.0293525728626355,50.1351111355341,4.58003336772471,4.81736973394809,1.33894812563118,0.133965908056518,0.540537928885089,0.0110251998063624,0.0164313038918369,0.363229089104035,0.165107709185049,0.409334664563462,0.741280276837179,0.347960867605887,0.505244535937575,0.263527760265408,0.28848617482872,5.66231309535926,7.57276724947567,13.1466456006086,0.908633733845421,1.21438151617891,0.000840747609174652,0.0142268318626588,0.0457978056060538,15.6850964363975,38.2545326196387,7.70267704221429,2.08772298459381,0.0875683196492596,0.302407390450099,0.377455446654157,0.0230715031652812,0.783817365748038,0.376202854757762,0.449127599048356,0.360802539428648,0.0779894494323052,0.430973660382609,0.106119911871186,0.0635860780027464,0.752901400610812,1.05413860969941,1.0272267480512,0.111261588890846,0.555464290801691,0.119871458588657,0.126922350621017,0.126745126214323,14.0758110345789,12.8365848916325,4.50802932894596,1.50877972602835,0.234187522091189,0.161402780479913,0.0569557376972746,0.107157520455507
18.3739042466583,14.562943881931,1.51405367937678,1.38677819165727,1.35676409474917,0.260009022833228,0.300190996856126,0.274031618719654,0.337930590007021,0.77759698991705,0.00783044307877108,0.394231807146029,0.294450006221396,0.316328825282151,0.761200167175467,0.574711487556839,26.9164877003429,39.9086808305081,2.21460992276035,2.06608934044892,0.292068888009276,0.480549705382922,0.381743539202697,0.0386032038646308,44.996588616951,1.87010870591851,5.17890727984348,0.86324784615467,0.072029536169762,0.423366849236029,0.0104317217876667,0.0286460581736853,0.26210623554646,0.168462119477335,0.194204218785727,0.942176824988367,0.329039543812316,0.625378594228968,0.338245609448724,0.252775926148671,14.7719864685611,10.4516979981743,11.0217235271205,1.06765331058693,0.673903584748461,0.00135238613658979,0.0172819612794214,0.134561069992989,16.4474950952138,37.6601869516232,8.18515280348445,1.99303246709524,0.0530650383696987,0.217287702671088,0.155110372513081,0.0249782453035286,0.641777072165984,0.136444724150193,0.24022908861673,0.357623317251836,0.192281281497055,0.455196340404401,0.0828249090665042,0.048254534291368,0.512294510140798,1.46438452621904,1.2663276761158,0.110454414263535,1.03868288782724,0.300349818593242,0.137184992853153,0.200282768953165,12.2013197311573,16.7487731536822,3.25995330447042,2.06716144769829,0.416666808866046,0.0862714529560856,0.0349356252042579,0.148768199744783
9.53959391812404,9.56115816837857,1.7970558799397,3.1440745970561,0.712495755635645,0.356420296392111,0.290250684808304,0.0598839822231742,0.22936490633133,0.373497404019165,0.00501069344709547,0.322475858975467,0.282913506835115,0.560569869832427,0.871516755716698,0.683075006224262,16.9579115059378,34.3801666390339,5.81534062046558,3.89216315562798,0.28134136336818,0.00082144936255929,0.608181944506618,0.0748898121601186,29.0467074769842,2.97030260543623,6.76447088548144,0.688623801536997,0.210513146730144,0.32473041579926,0.0126528939543134,0.0841751405975243,0.534525153737269,0.121610540943725,0.397029082632265,0.590745725576704,0.383765373917943,0.432767940750106,0.103488267946542,0.267156118446526,16.2571522465508,9.79556374769609,8.97518308357629,0.800171451817878,1.49527138823312,0.00146223218694466,0.020593613372059,0.0831699439045986,17.2989490761132,29.8366541093371,12.4482765823078,2.20863559068928,0.0773909344821936,0.0965094634426235,0.218911421060686,0.0122918515603236,0.993327983097915,0.160190238697727,0.587187078869263,0.599732834958974,0.223417290359561,0.109152803505223,0.18892066611866,0.0486088868008403,0.322482273485949,1.94069151901704,0.659553172263191,0.16981114869703,0.87600186123434,0.154213112596089,0.0727478970309098,0.109865820908262,17.2237066533217,21.9980917131893,5.76347794105987,1.82125689928093,0.0383279874366262,0.210772950412944,0.0171540477585197,0.14700836834584
14.073668548616,25.0888923967334,2.97946217835575,6.60835294531695,1.77322470053796,0.364421891543359,0.135388181923605,0.0195921548474219,0.178522253286358,0.252758438022937,0.00267234226806132,0.42869814790843,0.362218488982357,0.605964185939635,0.710991475949961,0.727026039055956,28.3505110893804,41.0629914682334,3.21463403791386,1.759775962809,0.476716896608092,0.270195997076796,0.734502317782493,0.0642536560215775,38.8196730638812,4.11820037733169,6.93238154777467,0.729021051363913,0.175299302306519,0.523421045770246,0.00720465736246407,0.0208638030917283,0.605679291042295,0.174570344610543,0.187685983329865,0.408689190399902,0.276385333458406,0.488066079640875,0.219547415328642,0.184719993025397,13.1847337504512,11.8084331675331,10.9445687323129,1.33431444981198,0.865319371996158,0.000967769254704061,0.0132625049617997,0.0358052602359527,20.4444244598434,25.017439888159,7.91769940491131,0.575432586561315,0.0840336583624109,0.180425957131733,0.290660250928869,0.0171409784511203,0.771204133321652,0.27259840028407,0.520735968110767,0.364161014907699,0.166258261233522,0.253377793553682,0.0805603938617684,0.0700062490925984,0.167119767131008,2.13189465851285,1.39606749648016,0.106267039152566,1.05635925382484,0.0945701568150135,0.111043877640101,0.115414166978207,20.5371263278549,20.0324541778006,4.21178238401936,2.28938636571736,0.233148448704409,0.0125648119716885,0.00119621352347914,0.109772229967706
13.6019140551007,17.9071234318343,3.82777539812441,3.11428140444527,1.54521793560787,0.267946812741845,0.247036875298695,0.0697555335260223,0.318867336087196,0.498190470565631,0.00667571568920413,0.445326220607738,0.37451627999184,0.417935188436991,0.472746297457279,0.629588366262329,29.7643592973934,56.4248069135138,4.87273967241757,2.44562803065657,0.303547845584563,0.0476170625713063,0.460499273317398,0.108409469576987,37.7742052763813,1.78223032238418,4.46212371775095,1.76894702042578,0.128610462253621,0.393598076804494,0.0166817573141879,0.0415773211282047,0.58108882486943,0.115226933037527,0.182568693079675,0.51333644908561,0.168799926227873,0.610371683390406,0.493728490321535,0.391252955257989,15.0593921761725,7.80449256755057,13.0271932744196,0.952223594057844,1.01677225054984,0.00105676874071948,0.0177964901012364,0.0253025046239677,9.39480092626434,31.8976272287417,10.0621407076382,2.4370812428544,0.0925931153052499,0.397418270848135,0.236800228337102,0.0237116070366917,0.841033200356006,0.290389084978682,0.491971859943628,0.382933069875889,0.149609612994582,0.2132437481376,0.0287082861520853,0.0358468059634905,0.125615612635925,1.80281721195692,1.89745261949282,0.139621544669172,1.26452307058008,0.184901389723325,0.148418535435204,0.124931852415944,17.1119819028243,19.4459932145049,2.39185420980329,2.2624730231365,0.241884763274399,0.132839698447138,0.0319340064299722,0.147602051382483
24.1497073372986,10.2321172813921,2.66714450821153,3.11117648903917,1.48673093677011,0.431461085328472,0.246011429500589,0.104130010934195,0.143188507241578,0.397590033911464,0.00509287097244384,0.700920371731746,0.204585318231858,0.558204742631816,0.644976567697986,0.653782229117573,33.8651078424858,40.1596831504882,1.3007438262263,1.46546201302324,0.24712003329387,0.182987330269524,0.637710935416505,0.0464916214519053,29.6385034161677,2.02580374942425,4.21982144586347,1.94446284813384,0.0624256656407055,0.595783489654748,0.00989864846811346,0.088134700847381,0.403671277832398,0.151143267595832,0.435613001779609,0.272424894424786,0.608049185047596,0.360839421819843,0.386478132985578,0.408491343875484,13.114697977036,10.5204944395629,14.1577698485141,0.288932767530252,0.825810200676107,0.00160324447306179,0.0180564090082675,0.068291635927149,8.66195414437867,54.3822410830288,6.40772277918735,1.32253781251527,0.0816456303228278,0.406417753486198,0.104938638429402,0.0212608277618765,0.814803862573464,0.275438872884721,0.442453066797307,0.377558840466463,0.109736123307389,0.337527468027769,0.0086717606113107,0.0348019197128264,0.63672245296497,2.0877968129408,1.16243952950056,0.113502268956856,0.610067383976569,0.126198476389197,0.147368581730845,0.158680570750237,18.6509384060778,16.3951733654129,5.73188265850957,2.51526476179601,0.223986087476715,0.206595565511863,0.0390106035044738,0.112333259740946
7.85609569285592,24.1023832863585,2.93835796664572,2.40941036196571,1.68885845262133,0.358796427669976,0.176717345095489,0.221124614634435,0.272054930841651,0.494060968799295,0.0040366539049513,0.477773747213985,0.343901553742331,0.233986361308625,0.748109209058573,0.6349635559557,28.1629378547906,41.2608504401368,5.52606904568178,2.19813061671688,0.377355253061698,0.470461532718527,0.319363748813338,0.0763656544480123,33.6213361436717,4.72091891365639,4.5425735865284,1.14253455303704,0.0874731879327863,0.434626722330676,0.0115367136435456,0.142630223457572,0.310403220601072,0.125211337986306,0.175332218081896,0.389106814948566,0.324260180846637,0.777052649845375,0.189494193454858,0.29421369254882,16.2348463616387,5.00167375999071,10.5699727151762,0.949293114924617,0.558009026983672,0.000195885409488561,0.0281015964957667,0.0749157300811892,21.6611318409522,17.088996176608,11.1506355895103,2.23848273856474,0.057252197583156,0.362698442657475,0.293872444694802,0.0123209895825152,0.96051275777664,0.418256156904956,0.604051259566138,0.540726531991785,0.194286875368904,0.174083501187711,0.117085281438143,0.0632549922255739,0.42407832003749,0.84874044019055,0.880272918560074,0.12030367000718,1.15230731012733,0.179780503403746,0.145767479419499,0.0614102475222421,4.52171841645679,23.2579997603665,2.185966217174,1.53841010649337,0.372208752750887,0.123026096838119,0.0341795789739106,0.183356006913787
15.1059615865755,13.9995353209817,2.20785158312106,3.61746939169064,1.5253914696868,0.401348998427193,0.289595308723002,0.133910792424416,0.0429609665204677,0.5717880272528,0.00591443814159733,0.403824784405338,0.156569278450037,0.283497704578257,0.842571044323414,0.687021713050745,24.7771343563717,35.5901001985346,4.46411481257628,1.02221910042287,0.147116463659589,0.463150422607585,0.276590021972056,0.0716762918205116,38.8508186888241,1.78967331277004,1.99142034072383,2.16311660209848,0.217612072707917,0.393160221073979,0.0151629225903759,0.0764276057430071,0.581243868101026,0.120683478893851,0.148002153366413,0.756339562142223,0.458271703715687,0.912474187970019,0.151418106699689,0.199159192068185,17.8806421233811,10.5291780476461,10.0491148250017,1.2279382106818,0.567008101749011,0.00145233302286575,0.0261124527463517,0.0937002773625961,23.2440940944572,29.354635276993,9.09767796906012,1.83667692748673,0.0304101627205477,0.300137198317071,0.290169764168971,0.0195281611724305,0.849668278915481,0.221329613647487,0.305534647171591,0.302227537249083,0.345250078311495,0.305784421150277,0.116485937442419,0.0534976284582044,0.532453193247355,1.79204815479795,1.41296617221928,0.085836823487491,0.796483499488935,0.171297673211793,0.136780853491234,0.110656949284678,17.7736331880394,26.357717890849,4.36968078163799,2.12439600157905,0.14102448353674,0.096972471159252,0.0300015427909889,0.0975926985881454
14.073668548616,25.0888923967334,2.97946217835575,6.60835294531695,1.77322470053796,0.364421891543359,0.135388181923605,0.0195921548474219,0.178522253286358,0.252758438022937,0.00267234226806132,0.42869814790843,0.362218488982357,0.605964185939635,0.710991475949961,0.727026039055956,28.3505110893804,41.0629914682334,3.21463403791386,1.759775962809,0.476716896608092,0.270195997076796,0.734502317782493,0.0642536560215775,38.8196730638812,4.11820037733169,6.93238154777467,0.729021051363913,0.175299302306519,0.523421045770246,0.00720465736246407,0.0208638030917283,0.605679291042295,0.174570344610543,0.187685983329865,0.408689190399902,0.276385333458406,0.488066079640875,0.219547415328642,0.184719993025397,13.1847337504512,11.8084331675331,10.9445687323129,1.33431444981198,0.865319371996158,0.000967769254704061,0.0132625049617997,0.0358052602359527,20.4444244598434,25.017439888159,7.91769940491131,0.575432586561315,0.0840336583624109,0.180425957131733,0.290660250928869,0.0171409784511203,0.771204133321652,0.27259840028407,0.520735968110767,0.364161014907699,0.166258261233522,0.253377793553682,0.0805603938617684,0.0700062490925984,0.167119767131008,2.13189465851285,1.39606749648016,0.106267039152566,1.05635925382484,0.0945701568150135,0.111043877640101,0.115414166978207,20.5371263278549,20.0324541778006,4.21178238401936,2.28938636571736,0.233148448704409,0.0125648119716885,0.00119621352347914,0.109772229967706
19.5192107482843,11.6388620479334,4.07140832699825,2.77435381477081,2.29323736074652,0.318199443287,0.30075251112855,0.123777273130519,0.30224725134222,0.750854969243704,0.00264291143696375,0.0438756824088443,0.310859817246685,0.372203787857009,0.688862442729139,0.651084799695838,24.8489870260002,33.987675412673,1.61449917036658,2.00325998143843,0.384162437220572,0.609459584539003,0.548252338545217,0.0581717849396057,39.4519122428714,2.07109623757464,6.47952696881688,0.839111654408069,0.0819833039164393,0.479152509283367,0.00892288651786701,0.0370176504838641,0.468188536054226,0.13565008102554,0.106176961614909,0.907907582265077,0.382518916252912,0.612422610691868,0.326254778473645,0.259352691056854,16.3901478154837,6.21416639851929,10.0321384227608,1.15399829149973,1.95024116344505,0.000592821642822781,0.0158374869062599,0.106873076502262,9.76843525090353,27.7777555554694,9.71055340773038,1.26941822109768,0.0776652134593113,0.663653413725996,0.284303073701996,0.0138642521740253,0.68481026477176,0.132230690347391,0.289126396942238,0.559212018005297,0.0950369696830533,0.163298016328337,0.106233615672939,0.0453315726817996,0.606449525440524,1.15690392461376,2.20350183070092,0.118568521454908,1.18049062425728,0.14878895311347,0.0967090963609781,0.21010617290479,16.213577892056,19.7481398774841,2.63439991107426,3.74154863982618,0.376862560857421,0.103604800966347,0.0492237464432885,0.123196283494301
11.6848722206573,13.2369449792418,4.01988465090486,4.83505016590642,1.40416467578492,0.434540408773951,0.191465210131981,0.0653866644385044,0.193730631322363,0.439181500374769,0.0050058964147837,0.136964539223037,0.232194808875748,0.5973488367528,0.662355235205179,0.788605940699734,21.5562913060665,36.8454482893539,2.91168190706165,3.10816151696772,0.194998450465938,0.499632858992486,0.242160327666234,0.0677971512702116,7.36013448464358,3.8501885309506,7.32376480185957,1.63015630112246,0.0720732014456648,0.170424270682111,0.0156347414209004,0.0285978140676618,0.917674988075919,0.0897977562645733,0.249383862669737,0.911915181884302,0.386793720231253,0.26498450726828,0.213244110030203,0.164799946159639,14.0880097549615,5.78200970002551,10.5194101328188,0.695895075302127,1.2837229339461,0.00215280382502706,0.0128352864553418,0.10965310961754,13.4014531694771,38.2179140851237,5.75870774749085,1.63541765070832,0.0545809804210559,0.400052212927651,0.075169228826404,0.0180904248305255,0.794607225196088,0.301102762663171,0.413562507563574,0.0587618759016376,0.185924048724627,0.248564123281829,0.0539557569708654,0.0370520133912463,0.512317193546085,2.31906512564111,2.15142500516137,0.166642370654771,0.853835985511589,0.16243581526818,0.239490374382022,0.162511553587908,11.2949270420445,23.6721240961163,2.37031771416955,2.9579963239897,0.360788661581566,0.100212479074894,0.0579147309928547,0.0587393975026666
17.4751449458806,17.3403350300217,2.42491604304583,2.97285622489144,1.7656614636439,0.460624566207037,0.441943575658788,0.120097018804626,0.285205995791537,0.454522428036844,0.00227104460542647,0.600021809105488,0.284355823626329,0.518126396228707,0.829090961115436,0.645307190820556,31.065335992142,62.3677512788934,2.51391091066291,3.36579398632075,0.0785220815373641,0.405278481331721,0.5501396708177,0.0871854576744592,58.4979561462934,4.16286009286881,5.44331972100667,0.829152012405903,0.16434866697604,0.634065443527891,0.0174198236567677,0.0853365063513186,0.615335805290456,0.13386685020045,0.0469996244360973,0.519639687257001,0.385435946069408,0.325636212485463,0.209225772213495,0.300659271480929,8.97948892240727,0.338954648717222,13.1041418014974,1.48359324905588,0.904711042693939,0.000869464138643238,0.0116341506557081,0.0706773169537293,17.5459879562675,38.219279435582,5.99225256640593,2.50186788786768,0.0278411294852464,0.511939553602484,0.235374504599438,0.0108276203773762,0.836312652740012,0.172781606650117,0.392231293566196,0.258656008989908,0.128810704994691,0.427802346268574,0.0464108358321136,0.0997774560096924,0.434651415893739,1.10195181687286,1.48406978907881,0.130363664350265,0.985816782605885,0.170970750360782,0.157936413501477,0.0344134350759414,11.7476994385342,13.1719173242494,2.75915309983383,1.67643238493751,0.23354337335908,0.203341111888875,0.029400640348269,0.136790428843365
9.23140946880332,24.9332192132971,2.95102925640158,2.24532162292253,2.11970424483296,0.387424021569273,0.363425848256519,0.10596235137037,0.283297048849906,0.202800452338228,0.00266183730335712,0.278354073802507,0.245153549416394,0.505936681942713,0.667523888347055,0.73564389682113,28.1749132006749,32.1190455549897,1.20973731896836,0.937342687318634,0.300629021872388,0.284358803828974,0.339611123215173,0.111451682374439,35.3765206202749,1.2951679192962,4.73474111700004,2.60543986847261,0.111714899120768,0.732596075395868,0.0139159333807224,0.0835983159417746,0.644483449824219,0.090916440052169,0.0669027249795346,0.741517084313913,0.457415255759125,0.415071263908623,0.421893118231656,0.27635565903064,19.8198434983778,7.28025176560055,16.6980510615579,1.1150925522881,0.407071523834329,0.00221571831408087,0.0188616260833274,0.130877971027993,25.7652970335206,25.7471281319101,4.09680202786881,1.79909893145212,0.0927433705660508,0.0587320557259586,0.338063017337135,0.0185785753158604,0.661001122483141,0.136807215161153,0.472866716655825,0.163323449146,0.29990725115178,0.428538837726018,0.0229608337691725,0.0736674185913179,0.445903872068214,1.83210076044479,1.69131131548254,0.113103224991833,0.858516028437521,0.0886688419513435,0.1391688946133,0.107155594652264,7.80218617362118,30.3141668319084,4.62156824333226,1.61704679708477,0.0363181518579433,0.105863694725263,0.068674932850538,0.0755681022849793
18.6334379220371,11.0781307415535,2.58124458026129,3.33270789946138,1.7357215561253,0.311254867487737,0.291543011864416,0.10901102798975,0.15420149977261,0.615200258842864,0.00441760782800456,0.395197346035965,0.163781070950357,0.187232238492039,0.461441545987132,0.621329995624765,12.8881161812122,34.4064394017027,4.15830163525706,2.90964650003562,0.189139220805071,0.474005463935702,0.452271979655782,0.0745505489166909,40.3325162065105,0.867383829426179,7.90685100505756,1.92075134488266,0.145587058038197,0.573074191990776,0.0175523588053744,0.0701722848918126,0.788680001127313,0.156833155329938,0.32936417352535,0.610338550959616,0.687487297809811,0.803093116169147,0.522619359181536,0.400489848862114,10.3226819122861,2.69298716127488,8.31441008322722,1.21826152531264,0.547909640376888,0.00150372480998343,0.028054317648358,0.070398421856214,16.0155119084984,39.367837023906,8.9421439936583,2.28829307738292,0.0880092353476955,0.267018601246564,0.466900029036181,0.0234273379257702,0.398878276387112,0.150556274781651,0.437487910498274,0.57192879822925,0.158768766615938,0.277037685817687,0.0971802133523137,0.0627314255277459,0.463727563491207,0.902186790639321,1.98298184905719,0.0669828206298348,0.681362951546589,0.0956141015762577,0.0912275656914883,0.0729516903808662,25.0226497963105,22.0120048176887,1.74423447390394,1.98888010473195,0.162118125050372,0.101936898533924,0.0548249188886881,0.0638020299096876
15.9778978883318,13.9888150025703,2.37743077115295,3.43300684852491,2.23990553460035,0.402072570011408,0.430532886229799,0.193707772180928,0.253843244589121,0.235107174320699,0.00437609722745679,0.679540548934689,0.229683309002053,0.195114375714921,0.61835513127317,0.824043222455481,29.5109369563403,42.1774678203356,2.30476745394063,2.76546680596032,0.538967414354664,0.620461399506289,0.27642679656877,0.0578445676540142,25.4058448700472,1.1218663083187,9.11084937040039,2.60282383777449,0.122385688630638,0.127549609075012,0.00827695861404795,0.0395137437650168,0.814249422902133,0.0917366615137578,0.0956414605883685,0.340902787652876,0.464920807166145,0.679241941421592,0.247604512457353,0.224722353754077,11.9853859632044,4.76993556815804,12.2244508103482,0.976110977438484,0.693063168374888,0.00120263125275766,0.0283784882610898,0.107167250113196,19.1878081474544,30.3166451539179,6.13283530969383,2.07842570412548,0.0631017950608691,0.411376787773312,0.328693256014169,0.0217564460879064,0.326214812284204,0.693705526589163,0.337295153967943,0.264149194186538,0.358929542499596,0.257979173732253,0.121529877274887,0.0112999065076142,0.349141407083364,0.353556812742989,1.67523916797645,0.075127096729493,0.76176984167121,0.274791123110024,0.0759462044167085,0.0276465145251097,8.86991909863598,18.982765245504,4.16246357555167,1.4295102376289,0.14447445056588,0.142243598776545,0.045745926198186,0.0927920675472248
14.4704588912061,22.1806249978402,2.36520641834368,1.67146025485265,1.95171955036842,0.553130974286199,0.16558226096101,0.22514029477213,0.15819124561968,0.2332163966787,0.00229200116550873,0.201498502915488,0.353946344770971,0.205145361810797,0.583149373960377,0.688316477881086,25.9199499633546,31.574040895304,0.0213898187786121,2.34291542242245,0.274546520083335,0.0751056870392289,0.650454378353361,0.0357039800267061,20.926920003479,3.18656121964457,8.46757396237113,2.05795281107885,0.067098694161959,0.270701973055642,0.0113053071760166,0.0660428173713825,0.775439552580678,0.0705986063168315,0.277575701951486,0.727706404686033,0.208342245344462,0.634322001623212,0.338607017923076,0.316194325277301,10.7301874760568,7.00726406337568,15.7808442740654,1.58130120670354,0.745652781755903,0.00159758381401659,0.0154633850131629,0.105654562444938,24.1432401223403,37.5419982556543,4.24519874211858,2.04034616804533,0.042533399351457,0.522050905055938,0.0376061866411593,0.0149431463519574,0.882841022503109,0.233026888417204,0.43222798499485,0.368931335893908,0.247232047224179,0.383532769271485,0.0740904077528133,0.0539412551395264,0.383540934626055,1.90351218930062,1.75558577898995,0.0703455287379126,1.02946243411224,0.131655697338931,0.119609219846705,0.152140292606013,12.8063392452619,15.4432510541766,5.49362824527255,1.18824852291355,0.183247995496511,0.160018680119422,0.0219108846624752,0.107929095469319
14.955620995976,16.2209738206295,3.4420700963426,4.02536262397266,2.11439403398247,0.324353821637141,0.266873761922965,0.120647988900538,0.224789023230129,0.304431139882596,0.0054489983100361,0.329380246171803,0.0810099334756106,0.295075383137603,0.58085743945333,0.886463181310831,38.5521544983154,44.7274264250011,6.76785921447334,3.2488012440923,0.125202238934122,0.438830424951796,0.410919767849841,0.0192107240627218,48.6271710966826,2.94664621686803,8.27468957229869,2.02855174922427,0.137917185458982,0.778655254401379,0.00841388255464242,0.0595674617370451,0.551216998941068,0.155791978547289,0.324919231299602,0.848891922952948,0.285157268129373,0.853405030089948,0.325802448939376,0.00808611773102919,4.24815441057441,9.20912325694513,9.45998288205887,0.769067821370566,1.25949017498891,0.00097261194273947,0.0225412420767357,0.0753596572210851,13.3114570783882,24.0771219076728,5.17760067295833,1.61184724503476,0.0587990641485196,0.488202309082959,0.43100013865411,0.0309568311284467,0.653482112327376,0.429484119612671,0.520803885975155,0.0663401804431831,0.279524993358507,0.132252874053131,0.0934258805685807,0.0489598172088207,0.71127956608412,1.90148766913029,0.571712204655856,0.183672215656055,1.47203031630666,0.0916890673510442,0.0832577945442791,0.173007996205619,12.6428488568922,21.3584787316395,3.90331821596681,2.1425858931437,0.352882027319635,0.0278025584541054,0.0622651698461249,0.0786138759391364
20.7273789190103,19.7592585674347,1.75494394520963,0.788324519252421,2.54909065182708,0.392493450581262,0.187747498841774,0.153998469226514,0.160702526877606,0.0649608168725203,0.0030673037728936,0.596957440989528,0.139077855220393,0.342703572347958,0.699070031872343,0.612439236978607,21.896681337642,41.0599277632734,0.111457923039966,4.06623642826338,0.353758477248445,0.337574543745157,0.59521578618209,0.109887481985095,27.7979624255215,4.4652906452059,4.17230663513691,1.23172233343771,0.0427029801569481,0.540816306256982,0.0203215687591576,0.0539913258978712,0.714255390877807,0.133723370288186,0.177975113112257,0.418077974281504,0.507767617881311,0.625153612573949,0.415769172715866,0.454741530819623,16.8575436636808,6.04030856079992,13.0304276268347,1.06735068707944,1.04416886427159,0.000522901524407684,0.0143687444486616,0.086376185634582,13.71422172352,37.1895031467946,7.91279048700162,2.06052982512817,0.0906278923188702,0.454149850267752,0.311132633647433,0.0203562592166337,0.530993683042425,0.506714608921008,0.277796811766623,0.330557830621836,0.0922883787813447,0.138983596992491,0.0982663882312852,0.0786467392698742,0.131193355946725,1.66106269243133,1.55433178263337,0.111311711058824,1.15880160526001,0.174468678639577,0.0564931119875992,0.101471525538403,21.1031646165685,22.8940084614567,1.96013313996884,1.73084532528529,0.26065722807404,0.130542287260043,0.0440538858331913,0.102092270670563
19.809002848407,13.5041647909121,2.05627260733398,3.91890936208111,1.65915321078961,0.220104126436837,0.194793678114793,0.161138518754334,0.29275985601409,0.397754094609978,0.00167554499440025,0.462607809665792,0.533084152674819,0.35508945370986,0.71296276609659,0.687174803176275,21.9634055028147,35.0147771079602,5.02014288293092,1.87930821929293,0.256624146185733,0.477028433508228,0.483058766729014,0.0623843667862418,27.1271417004719,0.849754493140514,5.86364303072395,2.52696582597962,0.105412369235148,0.774057863231562,0.0107612766193923,0.0575639249920614,0.33405561871761,0.098039446725129,0.278616772877254,0.576243897980908,0.0972409885900808,0.692096491542378,0.243261313635838,0.252994071912343,11.1990604652907,3.57851213324579,12.3651468709985,1.18217711535126,1.16861018761606,0.00258279933003801,0.0147023907275724,0.0589829257056793,7.12327045068193,36.0821226900489,12.334697952403,0.789741662799335,0.102442512511772,0.551667112227464,0.401538149743566,0.0109331863331418,0.648211499093675,0.508435776986695,0.415543518121182,0.309282675541979,0.213081328684889,0.2618248480108,0.0929769260347764,0.00933795153925063,0.50612356242024,1.11061316185356,1.0767598348042,0.136941463400401,1.01572852398799,0.0331718300372792,0.146090939803475,0.142746674124521,15.203762738746,15.540098632579,4.55115054827835,2.29423930363773,0.298743237817557,0.166315398788726,0.0244486669536885,0.0454437117219339
12.7875739141777,19.5466591242471,1.93830722005356,1.68416794927332,1.66712894684661,0.195996332342761,0.0907044995769125,0.13717621716663,0.223734757952948,0.0683967780736988,0.000978637161584608,0.2751205885893,0.139081495172085,0.428599598664899,0.822489243150161,0.49976842167434,17.1510566915766,49.6127511662947,6.87515358659796,1.30272626284385,0.147856227077859,0.291168067295659,0.534357864820847,0.0549937021271069,31.4207515629451,1.91330482741299,7.84606954993365,1.08515795303085,0.172258450309842,0.453667310876144,0.0113585150512997,0.0781288428260224,0.567916894555396,0.188134292225509,0.235220981963141,0.723853559396436,0.316158222685298,0.581024832259014,0.178634735739337,0.635396910377925,12.6445988133744,6.45663219844874,8.69588378744437,2.18182432853244,0.197219243524946,0.00128695573272479,0.0112406418971974,0.12948883632855,13.9631512226881,32.3152267134809,12.6912659725936,2.55834042928646,0.0379944988550774,0.422000044445934,0.349647761521042,0.0285666866578254,0.0311132385109789,0.294940448520339,0.194994431005438,0.472230798085208,0.424151581236146,0.209041755166111,0.0880323155522341,0.0306888467762141,1.01067514594771,1.09161667329751,2.19831862248619,0.0758445230452335,0.974611187161271,0.197265137369255,0.0814335649487417,0.0937697808772209,27.1365239127588,3.46326549726674,0.354959335081488,1.7974601743386,0.166955070846023,0.155956094423502,0.0386941364745588,0.0824085960229464
15.761346507566,27.1839488755857,2.13542739458911,5.11831309622551,0.790214446159505,0.621795441528365,0.171312748665344,0.146793915932794,0.319801930643558,0.447699231555277,0.00395200449715141,0.363533776235143,0.19621612633829,0.462602136831845,0.578863127864141,0.771662029679889,23.2037698459954,33.5583257270351,6.48891045379277,2.38728582408371,0.526009253381548,0.121142834876548,0.399479392081138,0.0912222874341086,0.187859765668115,4.20308800727249,4.73998106159413,0.708512920047196,0.0508095879961123,0.352889491682015,0.0101293049680641,0.0509893284105328,0.466944009068316,0.0743820736016834,0.243556313513444,0.383612871633854,0.56630856491262,0.47210054881194,0.477230030689325,0.153546008565989,11.212068365359,10.0194201299268,7.21409518935839,1.1065312778963,0.138790593237132,0.000753236896007312,0.0194137305108277,0.0899428238407937,15.9503618618082,20.7539265391962,11.4986763184888,1.62779809153875,0.0837259658918769,0.421519742656488,0.488517830977243,0.0210749684805061,0.604235524392275,0.266590348522809,0.358667683236444,0.812587938420354,0.299608393985051,0.385310913782806,0.0588838966888487,0.0811585103619852,0.48861860998945,0.497270613352621,0.841019005173612,0.154743910422157,0.338297295275382,0.0647555618748058,0.0475005062815301,0.0408084937937301,19.0751608064473,28.4599003849092,3.6540632404103,3.30361382380803,0.253186492502982,0.155350713337509,0.0513972763963331,0.10653641937079
5.81225488268103,32.5152487735569,2.71979636875934,2.8446126978458,1.87190183994937,0.4378540396918,0.391168598512627,0.0643746752462644,0.290164129664735,0.568496548979476,0.00515224341045969,0.115585498111262,0.198229275789533,0.291120071662486,0.775087655770478,0.615907715341228,17.6927855869027,37.0371190700417,4.36785985491778,1.96785539469878,0.287682105656643,0.430692964325391,0.681951035916998,0.0818228889750671,31.7612787736741,2.54128616912931,6.27914675547528,1.09253117837356,0.0902837176402064,0.47647937698261,0.0124135461772416,0.0628983351953269,0.489329800783581,0.0481192538441384,0.202237079841216,0.986852868210565,0.664603353328921,0.798824000449596,0.11805096877666,0.410912060161408,10.7510614927669,9.16785123265189,9.44333962073777,2.12324605129299,1.26989686598979,0.00183268292912412,0.0183102538747783,0.133843330125405,16.4248723965766,30.80456721191,9.22911613404215,1.3693325047721,0.106708237579561,0.459953955740098,0.147233341875266,0.0249267122805983,0.713204209280974,0.210893860595884,0.244672057180429,0.332275489975068,0.166419057520846,0.224125599106904,0.0582588650825465,0.031095579364799,0.909129576281226,0.939418532288389,1.68743736314515,0.225683456654633,0.93196144442724,0.140756720552318,0.0282980327378876,0.0976166360338656,9.95716825661927,21.2839254494356,5.55740707198976,1.67453848788611,0.254233107405126,0.126099140586735,0.0445223765296816,0.0200942882791674
11.7294953444212,16.4694959090534,4.88370600843346,5.42621319508504,1.54281426466572,0.391284286606942,0.188731279825282,0.20266087233885,0.142964420199584,0.412671265369928,0.00383231005048694,0.625337922536406,0.145770877069673,0.455572221244883,0.577397881642233,0.638121875583985,16.2940256285022,62.4566371513996,6.64546326614639,2.6565769195138,0.321234856575828,0.23005222935405,0.541948858572087,0.0641537716595057,45.8172820531024,0.940117157541692,7.29131072486374,1.58606131421963,0.187065360467429,0.579364020610487,0.0152640750407738,0.0500309858485026,0.308405095850009,0.128218986015271,0.295192387316808,0.472278410813683,0.381805453836841,0.522043415714673,0.396739570145847,0.351382448723163,10.5780988106194,1.7699874404977,10.1930927306044,0.528844089866176,1.00916858539075,0.00158257477021026,0.0152720186525506,0.109224016925129,10.2703301699966,38.010494108945,10.5417576296253,0.451975422449501,0.0485782772993762,0.176386558801596,0.220527881530816,0.0228292593013804,0.683213370573021,0.308227876465335,0.407034801451884,0.313928658337231,0.26857409283682,0.260439315594623,0.0276143908983835,0.0777025768475769,0.137998616985662,1.26335987674145,1.48898706285046,0.0911822874598882,0.914776997817398,0.139511924380282,0.161621159327315,0.209696847376672,14.2098731415197,9.67445920164048,1.58676198586455,2.2172230782039,0.318840440108982,0.129192277233605,0.000709195047799892,0.103469360729718
8.22605660183763,22.2040450675091,3.40458371995588,2.07108532049112,1.59275024347195,0.334118600629077,0.0877326095554988,0.053521269111476,0.293087677281584,0.338476938747849,0.00292049808968813,0.445275459496828,0.132106041674312,0.363187213054859,0.659073989871951,0.689261029132458,10.6911990462935,55.3038596143345,4.33420876362485,2.31900151372546,0.240096385006021,0.531645578123157,0.285868711247247,0.139083381385196,27.9196140551544,4.16632262259872,6.53229234259801,0.207487722947655,0.264427697988762,0.495653267050065,0.00601579812915268,0.00855191545799777,0.860753962433347,0.0669704661783203,0.194378983458463,0.508788126258174,0.298751574070344,0.402931586912325,0.286148564315974,0.247138226200959,26.5468698012278,11.3342233480205,11.5625243910405,1.87080228545596,0.526063905655626,0.0018848911795331,0.0248752406001494,0.0862003014358332,20.7647443965222,32.2921656958136,10.1663130197989,2.01875293956138,0.0104570967019236,0.243544390074401,0.27782759073918,0.0303822005305704,0.734453549671434,0.177955890055325,0.162575257921011,0.500105338114197,0.315020757937914,0.445187496672073,0.131107457809297,0.0170845944979905,0.540991158600827,2.3333262836712,1.94220640035327,0.0756337115514059,1.41064589093406,0.193473924873412,0.190600102283079,0.265763220946406,21.4192460894797,11.3228902064699,0.357906342762586,1.95192289574725,0.205403694029265,0.0725673756111156,0.0281685922973271,0.111414330650618
16.6377093985211,15.2505184544981,2.66403809604285,3.64845649909724,1.26766879805683,0.213397761380824,0.42411946056377,0.0852076635882633,0.279947769092258,0.315776602102883,0.00678627046026953,0.210369578975222,0.159424776184011,0.0813885470429331,0.657872950329716,0.755453844008542,24.5200958820745,53.7165036642135,3.15140856014428,2.78224133627811,0.303011205294182,0.246856914728249,0.507743384517217,0.102301446607802,36.9821141397091,0.803191495863979,5.79606510024192,1.52912073600611,0.202319758442487,0.406145964555631,0.00811252460769657,0.0790476716971643,0.10211049613753,0.0701114201418159,0.167046784652013,0.935621607765954,0.630714869568996,0.825687758761161,0.234553954806084,0.273607904060591,4.75133097119843,6.88452225410905,10.1764925987729,1.36713963953687,0.587030954850146,0.00105933875124848,0.00813159321314137,0.117810252805012,6.68656506395056,35.0321922690031,11.0009141207462,1.15653896200574,0.0935412965319675,0.187938922236555,0.265093704147226,0.0221944593276995,0.948895157012054,0.484637337030994,0.338165721107051,0.255930631234936,0.203481459033437,0.424595692954316,0.115236427195939,0.0316586367507074,1.06000156276611,0.985582108032227,1.83193834697724,0.0864315284870026,0.853195905365944,0.263647831043201,0.0920263196677941,0.162276932926026,10.7940452678056,29.8605533983844,4.46384882993387,4.0129925257582,0.165208442997322,0.135211973518156,0.0208614282286701,0.0963715152737795
17.6752341842895,18.083564182082,2.28984678820007,2.84703340266453,1.64575550060024,0.0214293763873097,0.218419372295445,0.145819046289098,0.254220231210962,0.560788984828066,0.00368599487223301,0.6029184387694,0.366905869628304,0.265734389269425,0.518549040930573,0.710100414059374,13.8003215385548,39.458454973848,2.02141894445774,2.58809026238173,0.294165477761787,0.493094941506823,0.237248295403803,0.0908190079821088,45.6605180352745,1.64519218968429,4.27640530795589,1.9161630995047,0.156948334046185,0.222278908378911,0.0156682245700042,0.0650287261817831,0.350049524209136,0.137016576506645,0.20624505827893,0.545183182226214,0.246714765919006,0.634022926037398,0.399994913262183,0.29954827616445,14.0989796515556,6.38833286032159,13.5015978874405,0.482366611309925,0.954382525453509,0.00109049326697595,0.0301829578483477,0.0631885907424567,11.0589065192679,24.9295886927526,10.9170891838576,1.33627477808147,0.0714023508628622,0.461860713281398,0.267340068799204,0.00391575472954148,1.11035287529912,0.195499475464517,0.535714665806748,0.306342637753182,0.275937830655294,0.310835861680388,0.108417662059048,0.0290365100948018,0.225663255892162,1.55976420066902,1.75013911186873,0.122425423301372,0.651281917192445,0.088075057636792,0.0921044256468663,0.177212703562516,19.422033188016,33.3415228983875,4.82182678909169,1.05908406746331,0.283189471409147,0.134917292816233,0.0533258560159448,0.154196238820621
13.1653310010854,15.2790475012713,4.19152767195878,4.86206221936162,1.44442174504493,0.421872435157903,0.18429138096744,0.238337587677757,0.189557582727074,0.360398311671004,0.00607515379430269,0.151366094905715,0.0892436146701015,0.191220580188006,0.680179806046035,0.780977020587676,30.3753532510766,39.9750535293448,6.37192109092907,2.86241146683463,0.28740101181399,0.207163814882784,0.178320444967921,0.0425471086166573,21.6787600644947,3.72620005795935,8.07802936392811,1.63020945329349,0.182256502886018,0.968014741360491,0.00674546471104273,0.0474571635164003,0.455459230567844,0.0986014228110411,0.317737117172416,0.891893157973615,0.372086173797293,0.691084533143878,0.334853924092968,0.103146725294121,13.6622206774566,7.50966389784048,9.02693877187647,1.49619808886433,0.163636666922137,0.00190518020873254,0.0273618139883039,0.0721024855636981,13.006314607656,28.8084034146323,5.89438355930952,2.05483701406721,0.0613802216607047,0.376062126160588,0.325163835747921,0.0297395869132497,0.787135770667419,0.555943821586691,0.625421210637442,0.407604346329952,0.25256928282776,0.411689572388652,0.0348096249413082,0.0213017552942338,0.536639086907412,2.14041633491872,1.44533609110252,0.128137770235394,1.27477987607223,0.2162415435019,0.184739827167147,0.172317743218853,15.8999876608552,13.6924174436211,1.14544950434452,1.71076508963524,0.307926929199335,0.212804670067703,0.0546287474856788,0.150405425719903
9.27743702914971,23.9198553331882,0.534854693755377,4.70801558889158,1.57258782306093,0.299719183251798,0.239762369506642,0.129645439216679,0.233849893513901,0.248407171249603,0.00208786780156331,0.487932449479198,0.471526849316232,0.340525138697116,0.796465635471497,0.531229732247407,25.5796594662452,53.9468879916083,4.04338306830925,1.54921508869417,0.213924753325313,0.225698098485894,0.417746927520932,0.091863491297839,21.3203422918083,4.57383756540409,4.05417741721404,1.34320009414061,0.12276439180317,0.277034821883011,0.00573403540739145,0.0926972036395564,0.266818572385309,0.15059075302204,0.23996167619436,0.467181688857572,0.560136899980367,0.644262842103944,0.361088296868992,0.390879579769361,12.2415682549285,6.21360552122584,8.64164468225349,2.0107182499503,0.577480116314646,0.00235141530721366,0.0246226359860964,0.101690244465679,20.2175604763872,23.2531282593176,12.5027783793312,2.1193223822429,0.119308806544566,0.0806974259179295,0.564410056972677,0.0009681610023945,0.907904874532509,0.154129099721979,0.287132957160042,0.426191853845522,0.208377176581994,0.584279925113365,0.0906412407526033,0.043114974019654,0.752486708890497,0.281023850645912,2.18513925844741,0.150751888897357,0.0232606664175203,0.161980908276641,0.241853136421406,0.130777358674009,14.1616058648961,24.9293174864095,3.82838644491067,1.18636533861953,0.434331115095425,0.163374300227399,0.0365149506003323,0.147648428001745
8.82659875076702,26.2442951604407,1.82994042078533,4.76972427932722,1.51184840169133,0.219408687709855,0.374913804838707,0.11116143122973,0.14489133045236,0.195429444443188,0.00524837871615585,0.119082525967296,0.449500237770788,0.322106027529346,0.769373754762636,0.75557480817625,18.8734598587926,34.4256056151855,5.69940973772417,1.80729420944207,0.349657932832252,0.14058461294903,0.504419869570539,0.0437937530979855,11.4223820411913,3.03628189643329,9.96651071413325,0.787536731556546,0.0976281228748376,0.466389633151428,0.0135895344038477,0.0660580469880118,0.770750808765628,0.106107937171958,0.235983744756376,0.763797719432233,0.196244261571241,0.564929987664232,0.166376465110658,0.259944592672883,10.5346397184313,6.10344038204565,10.7049489020256,1.51740425778777,0.514211589153857,0.00139106216134952,0.0116416309952038,0.0573960442836885,8.68759779996965,33.0210179978579,6.39216314471467,1.92709646111476,0.0964485710632494,0.27589122648993,0.269125187772815,0.000947983013977771,1.26502597585559,0.276852362278217,0.514491875338996,0.50074398643503,0.2212544242616,0.300668482498741,0.111105544669509,0.0628057967665412,0.408375564245253,1.73477341400435,1.889762755314,0.13166403115404,0.917490559798251,0.275874609835064,0.136365773642081,0.0702602448800397,17.793908366423,17.2562766690981,2.43318838195112,2.21535013674037,0.45533843763635,0.0785114342776363,0.0308926775183613,0.0574612200414467
11.0028777538288,17.6975321976522,3.91576062016944,3.57859686982926,2.47272254568741,0.419102658149407,0.297646077726221,0.0977193288485553,0.355053457080905,0.231278925125543,0.00433195802975735,0.70170488672451,0.297032006565302,0.431882558832603,0.479547150715681,0.727967480910659,14.8362968734579,19.1652377730625,4.73338559365513,2.63940566205423,0.145478573410677,0.568219095000445,0.699105846123198,0.0591043598977083,16.8295412622817,1.39654553398046,5.79752766483713,0.892981490988986,0.174588282887586,0.284279434775993,0.0100480031197796,0.0774417456525186,0.227989073717864,0.0707519147404693,0.291760511841613,0.467082428321287,0.327511968669045,0.281598702411359,0.490907122947912,0.225580559105629,12.2108501074991,9.8594351955768,7.74218960306132,2.17946333750297,1.09684105600361,0.00142671181231578,0.0118352564161174,0.0900607178713252,14.7408533432865,31.1385927975863,9.86511406555779,1.4667597807498,0.099684353513795,0.61542229631374,0.349778249677723,0.0220242314371175,0.837733493873025,0.664563253133069,0.252175332716015,0.19089645015788,0.253028056607871,0.380374879149298,0.0851140064336185,0.0181445987955499,0.144308395824582,0.36013434074836,1.42537571839146,0.0343911146017452,0.928210127036671,0.239603536629553,0.120860800138923,0.157039547869647,18.2457103335474,21.5744470623121,1.11608011855802,2.8727139822892,0.0985464856224583,0.163205875095961,0.0604382044846003,0.167852814374027
9.46164468220193,9.80496012537768,2.41506321072411,5.25999244515429,1.45834027622283,0.531917822590424,0.383309247436836,0.122642731329721,0.23765297137546,0.75926286112926,0.00225806762781599,0.401140483638576,0.15318388628587,0.390275667282259,0.720011950142278,0.657529366564126,17.4808994374038,24.3860745351099,4.86532140470403,3.35128052010876,0.12923064848293,0.472083311526488,0.853600401363459,0.00507390791041328,22.7795832423695,2.8175147317547,7.47038681027698,0.967377877968442,0.0896587268418774,0.613193329037941,0.015329066479807,0.0672185443033862,0.341132572630705,0.103498431442296,0.429443176893888,0.477098384428997,0.68860568040705,0.7919193657523,0.275679541804355,0.254839021858473,15.4387080848353,5.47828900067621,10.6231201131896,0.879124152250361,0.755312569044702,0.00129918068853447,0.0307071512166019,0.0933086507612789,17.4552924140004,34.5486941210626,10.1441470717698,1.15747387192102,0.0740698791537788,0.47993276110648,0.16336858440695,0.0327432838244157,0.883673350978814,0.28952938560407,0.775546508662676,0.520181170620651,0.188562575423759,0.0275049052122817,0.089374637107349,0.0470109393579619,0.678387695080994,1.56836985999981,1.47221202245644,0.102149315455444,0.677010278204198,0.075052204987959,0.0649266378079127,0.156921115882158,20.4683650400222,36.4838708359967,4.1665036102638,2.94216875680278,0.437126459920486,0.140389040019739,0.0248379867136792,0.0996817475961763
17.651024656293,24.6246566118912,1.96317553089237,4.19726339664452,0.452866184524612,0.240185252142597,0.237144038543204,0.226319853563752,0.287598369308442,0.31252986972059,0.00107274891425524,0.246766383290517,0.339340940370677,0.263493710691432,0.557637134920262,0.605327063793658,17.459360484833,31.6148603876477,5.90040091001265,4.45759846892936,0.42796604230182,0.524273858370701,0.593123769594075,0.0510573760059587,27.1977593309338,1.51830183844941,5.5622244713627,0.598190783675683,0.179122197952183,0.267532648825329,0.00891347077985746,0.0861014368093501,0.423449269833529,0.147549190837815,0.34434656546962,0.895454738964978,0.287719398492828,0.69977106606469,0.384090614458959,0.401180747043792,14.3476915377096,12.6615218070097,8.50753728176424,1.29121156831239,1.23597411660507,0.00122009383465147,0.0157967144544657,0.0553200311874965,3.19312595929468,22.2763177330903,11.4867429877072,2.24935818931047,0.0457842308973783,0.533187190676987,0.363639425119548,0.0079116041618186,0.375419241159661,0.418511868140653,0.0540896208610723,0.311319064048552,0.176923981872982,0.236382768289736,0.0967536940855573,0.046603388415441,0.381218332285782,1.87458038293649,1.57211111869251,0.0750699576793461,1.03337233434776,0.315830505073,0.175119831319324,0.247748941390939,21.8791165188233,31.079548022571,4.26170268763935,1.36487093435465,0.317226496979203,0.0983064827956613,0.0750067183786395,0.0802447644274995
11.7381736173861,18.8555421187682,4.52803932445178,3.89331839492238,0.596960861461168,0.480542612723769,0.108020630314382,0.0428386716252176,0.12989403768284,0.327369472790151,0.00552648864256916,0.520806771323405,0.236704255443674,0.465356749850977,0.451745558502498,0.705848397561211,28.4233514089245,19.1574545563517,2.76358248016515,2.81759276919751,0.232719634189147,0.605945709051785,0.370589847097475,0.10971269198166,27.1754534263448,1.1867000086655,8.46090864765928,0.545713668645283,0.174841464999774,0.622124438022845,0.0116603708446301,0.0767178912155069,0.538234231236815,0.130363416373407,0.466944238795488,0.666383843872357,0.232075953276769,0.421664290909161,0.5138085645789,0.296248102173643,9.50134828726805,8.88083792631592,9.90741623879029,1.63972357982915,0.859502203468149,0.00157946272071772,0.0136491967189182,0.0873202145151063,10.9505516435278,37.4558757057409,8.31778344524371,0.891983014489824,0.0429376492190536,0.366022910736188,0.261995879872185,0.0392087600107731,0.466104094803114,0.3905346130698,0.620524047856366,0.0931200118673322,0.343584846052803,0.347919922192422,0.162643471777301,0.017228683894134,0.358716426399345,1.3732339540147,0.755940737944115,0.192549615069211,1.09171225723874,0.0819313965347225,0.186667046303285,0.109982342458405,11.9382995270154,16.2036374238016,6.28885576909394,3.45913924562701,0.447134506508356,0.0632076319034853,0.0393308534348142,0.0692222506680515
16.4132578659931,13.6023433668546,2.56513917775018,4.35628794765155,1.50773344392803,0.336462947368365,0.194087643844333,0.199466407139147,0.378173001181791,0.336343157257675,0.00556506012036937,0.460213249425438,0.224692277519592,0.366245252373787,0.531790352290809,0.710657591232928,13.2494916279324,43.0818484610287,3.15326576016617,3.12684658095568,0.260449193992202,0.362979132594816,0.57625119527615,0.0798669460740687,28.2028065891422,2.51653457732853,7.33760162015815,0.687987284393165,0.115797165184144,0.940111488919698,0.0155238537910229,0.0405210051336602,0.256025530257457,0.287635568680645,0.236954864141203,0.475405485878721,0.314983389127454,0.617154666431814,0.468618100595199,0.234334668593277,7.4098802728813,7.91454623572702,13.810822766663,1.27556952247592,1.25187683244663,0.000647139610110139,0.0192432143668977,0.120772680553844,12.3329773970457,18.2109015417845,11.872271697926,0.999154245957196,0.0628687388286696,0.159467834024738,0.35198823814186,0.0183761162028222,1.16083909674336,0.285295154804926,0.409605319310062,0.458583384669648,0.140161345095422,0.389323707600332,0.0584306683968915,0.0508845982689564,0.314943961890339,2.13594899462877,1.19902863740981,0.0533631761959689,1.18323431991163,0.0897603079929107,0.201451354846919,0.153649095758268,16.6046466703597,7.66986444176991,5.36846596214839,1.93254215697633,0.542230601753413,0.151452155947658,0.0287981058048047,0.0578020542114055
11.207788505431,12.5857932532172,4.35388989277124,3.90592869238047,1.45224817708744,0.540496449005328,0.364911747350732,0.149432492890615,0.129216821557138,0.193940162836796,0.00192110946741744,0.359210038490922,0.393086924128237,0.293764701445384,0.671509488901488,0.578945118413829,7.73394123385724,48.680051013953,5.11231377991772,3.19549657118664,0.311350095159764,0.138716370379624,0.379154819225389,0.0775789677520826,33.6132687435647,4.7412344894751,7.60215340857873,0.526851916493825,0.050949384694644,0.71879632660645,0.00814371802860548,0.0431915900093722,0.86102983120355,0.156042124791794,0.37365190227864,0.558855957095625,0.513684384817319,0.842192960898158,0.361767884325977,0.416113256359651,19.8983089837127,6.79623583567405,11.150637297844,0.905839575122021,0.479150101397166,0.00176858737380167,0.00542667428186869,0.154608210003712,13.5935125411327,36.8732959832468,7.56775874623854,2.17524667414519,0.0762331665236484,0.268403557324964,0.335401649378812,0.0130962926100813,0.404733178386807,0.144657451185948,0.527838628005355,0.204422908745002,0.181296225524889,0.261431775429289,0.126734164642421,0.0385818878800448,0.44701122718969,0.972805035231901,1.12100413126889,0.165902085287666,0.353891498477429,0.150221572012855,0.191042497885498,0.168179318993928,11.3641995160519,11.0378680431395,1.08122236193753,2.43504237292359,0.319308872223586,0.165982432988707,0.0595022121370376,0.127153038820651
16.6723902667447,18.933251694402,1.97007984876055,2.32457948019649,1.34622953725164,0.355409075978138,0.321214628740902,0.0372074839565897,0.201706609479189,0.718229789165513,0.00327130549295051,0.299375429048249,0.40865066378834,0.0802310541862789,0.58662763615794,0.639820973990304,13.8812697391243,32.0140956350689,2.69853484029235,2.67036456388174,0.281040961920182,0.136553253045376,0.394786450234722,0.108281479592889,24.6818448431055,2.90664048408907,3.51219285128064,2.04621272831984,0.155155232189088,0.191412263863481,0.0119537221858207,0.0483666251747222,0.368361135365306,0.0948065450802947,0.27670614231241,0.785286192502096,0.281652006730746,0.866302569459576,0.379029227472627,0.386132994212641,21.3720918593725,4.47419961347255,13.7745386396063,0.902278736111371,1.23034155040197,0.00117004636644021,0.0181707269672514,0.0554497803816482,4.39338787202263,18.5651928349672,10.1900619392889,1.90964143973514,0.0483835168337572,0.448802836910328,0.389672844719114,0.0190662937664276,0.846581457253753,0.292843061730583,0.263667043579902,0.268809057701008,0.260316841119898,0.376081678606221,0.0908961195229501,0.0883577500084284,0.69993995040546,1.46411976083657,2.02493822520683,0.152765460799495,0.687406107270089,0.150417156140069,0.222007464707343,0.0739027390875119,10.6220165312934,26.7022694242801,3.63395835742805,2.50512931223245,0.205794954135433,0.19722586583074,0.0368808997259257,0.0366255795257051
19.5541083598978,8.70835866893358,0.83965473995291,4.83133201358566,2.1652002415648,0.601531903619007,0.40645293961547,0.0688729482638439,0.450330210768296,0.418648498192699,0.00699031174529401,0.242030877232138,0.213476582998234,0.363443882870799,0.688688313521458,0.756422227677698,21.035999207244,63.1926127791476,5.20016522919535,3.63051713938752,0.26177921936353,0.388407003047075,0.559799694727531,0.0668176702611257,40.9995604494133,3.67787459247929,6.58689403903,1.53822450090628,0.120147512018363,0.244943954666556,0.013991710723287,0.0262088927268633,0.299226600765727,0.0836331657783311,0.208425423196846,0.715746520921891,0.622832869946021,0.437961355991024,0.525016359611867,0.200283475136463,10.6011235080741,7.98967059854249,11.0656815903787,0.923479940840322,0.55257883311624,0.00210880613142127,0.0172340074847268,0.0792240645725711,8.05946122146951,16.880780970883,15.6056222457393,2.67345909685901,0.0435666847703205,0.473051181338005,0.381675664468914,0.0274451532092305,0.864671016540015,0.371236824463244,0.270872220513959,0.4488817199071,0.27323698570115,0.185858860009961,0.0445035236087939,0.0697568383422327,0.590386527963809,1.7606472551106,2.25687965242194,0.0277996611265519,0.964795085957053,0.290561446839675,0.0731361159183784,0.115210236115719,8.98376794219345,5.76158599005221,1.07588480436982,3.18280046392443,0.287698029830581,0.0478209914943305,0.0302737862044594,0.106954303327608
19.4565157929786,23.6238538504949,2.0751223102721,2.56917406468612,1.80618552130917,0.399468185873361,0.277359165708827,0.16255656880183,0.339745688837386,0.36827175637756,0.0067996415291915,0.345277288695667,0.056780039309962,0.151374951291301,0.387068106168289,0.788296312001127,19.7096332339069,31.5968387730832,5.40606147469802,3.05336970597986,0.289304018416673,0.42458895719785,0.355548745738482,0.0617758281975403,48.3805479478629,3.46643309816649,6.58374044973233,2.30708794915106,0.113833441985967,0.96138622885169,0.00934558336570556,0.0767063235752727,0.266385674658047,0.0695138393067964,0.213896778665667,0.608568233456686,0.480711411884314,0.880970052123703,0.610093943153712,0.338694155123164,21.6049566592312,12.5197103032738,9.47321243337156,1.707119301332,0.902221748561352,0.00119997565497706,0.00507368332388708,0.0251215640533256,7.02917397132954,22.0534099731884,10.0902336166352,1.11940928818169,0.0596847671922105,0.30461373375044,0.303832469122364,0.0248456148657411,0.728292780392111,0.330212366077948,0.188717428928175,0.393690190194397,0.187353072885772,0.297960228824541,0.0913882756749282,0.00913574073561453,0.328067795805568,2.11863713148775,2.04561971312084,0.0721971999702085,1.34755742682127,0.141736211158455,0.106545093753498,0.183737200014838,9.05210726969925,36.4157944269972,3.15240079020524,0.963055018678919,0.377691592269031,0.0929505171968525,0.0663454003947064,0.0934262609292473
15.3441407381623,25.4817969820199,2.82385600850286,3.61860908881203,1.47694254196428,0.427406443291608,0.375734519477084,0.0358587493642364,0.16287485770422,0.969700210780287,0.00413283557277081,0.288890716393685,0.221126099765266,0.399814792996141,0.615875988826966,0.751230051463025,17.3561339939525,31.1106147145534,2.91971223089004,3.6453639778365,0.182694178847834,0.596011460769845,0.624624853832968,0.0768857421535849,11.1613858736091,2.84130603329979,8.92799766997525,1.90691213615559,0.10654118155079,0.456974335443032,0.00992780604341522,0.0899223256959169,0.585380648452792,0.141064960112721,0.288873205696905,0.872773420983244,0.367782149507897,0.526384746552767,0.289369044448693,0.249492641567898,17.7655665773444,6.71259036513785,10.8746007195437,1.27750167611326,0.74089399248154,0.00201872309020304,0.0152658952479443,0.121224426561975,11.9236940551761,25.028200936773,0.544698461943455,2.08728311145882,0.0380553665587536,0.569041168206086,0.344917861880088,0.0257564641661806,0.209395441107919,0.483961632974041,0.49303064002902,0.232737583080022,0.390312009592401,0.326515272132262,0.125027650895402,0.0677743732798758,0.735029592736104,0.919792933408656,1.42642071641274,0.0457306273693999,0.850880939116962,0.201390643237685,0.062268640890013,0.0478277914129451,18.2672842283576,36.6761305454467,4.80905162478219,2.23409152544794,0.318562515490008,0.117366717733051,0.0666305314226282,0.122340793673021
13.0769125972645,20.3096516952147,3.06777538777115,4.05190499191808,1.53856800600576,0.275576750255097,0.387146597119276,0.194899349714745,0.156096309877698,0.539621283777449,0.00494746202564984,0.485700490743653,0.351801763526772,0.224167824355441,0.457811927486405,0.844747133771868,30.1577544483033,41.0529936000438,5.67670844374997,2.39754341376367,0.401091163175153,0.32442831087585,0.224996373236038,0.00927024664377605,10.8903987131636,1.92204724214359,5.07403655935824,1.16514933223552,0.0807258291850233,0.467979228026153,0.0112854995170302,0.0852141032920138,0.850021009207186,0.0783849746977174,0.190603387199484,0.50919465585291,0.290427779800331,0.774558800587689,0.411530599364177,0.137627625327476,13.9741918798884,5.62986958855564,9.68889736826216,1.12270971669355,1.34516446725377,0.00178441265663296,0.0280576049338925,0.156101285891579,22.0695641653642,47.4533179061979,7.54523429760409,1.81303935039694,0.0387566621125637,0.581966244408726,0.148173655472786,0.0211200247380161,0.817537803460365,0.161862668545969,0.528394263184239,0.258144958449855,0.307599574688332,0.295225529320866,0.06559012471041,0.0251206979895783,0.561995040096281,1.66712214080419,1.69012128869498,0.142770350464777,0.733829025150487,0.0465312845877516,0.110053300498157,0.261662658118061,18.0702816582106,23.2442583185427,3.13853349367394,1.36466559392424,0.32531211406015,0.163559787453586,0.0419981470437535,0.151559061428686
22.4301695813557,22.5201058902873,2.82255324112906,2.34569243714869,0.973463201694079,0.303723004673644,0.441355617673171,0.164541715677433,0.251855201622612,0.433616804997863,0.00760111495332064,0.507999126106167,0.209946461374053,0.31297840676786,0.605963850648617,0.741354114095441,27.9646380336753,54.6646752724757,4.74270394241406,2.10741750894325,0.432904708831101,0.356397898009736,0.4129023441288,0.11107634314943,28.849161462009,0.910202484626592,5.35115830444138,1.23051543572624,0.113922151998706,0.409056980259242,0.00894195618348669,0.0966214268421877,0.598805908509066,0.124664960628266,0.227491487838772,0.344017827858569,0.418690841308419,0.65228529118782,0.335711024935223,0.316694024982183,6.63403475458274,7.42474336464265,12.3641782774873,1.60981452965643,0.890472842893565,0.00140459273892467,0.0170759458901192,0.0911035593494455,21.3844947248378,26.0620102138613,10.2556675529648,0.722672505029003,0.0684902372035649,0.410270008065359,0.327219699474954,0.0203173773558429,0.768969214063607,0.351977554872907,0.542622449876632,0.31515460402721,0.245125055028301,0.445584703288007,0.0808242651716028,0.058159454384914,0.307635135941387,2.00214352608405,1.38825774753891,0.130781921065906,1.09544694117012,0.0729263723971948,0.130148067591536,0.0750102008384785,16.6781847013965,24.4209086921868,3.35341962934368,1.93409235354237,0.117849352867784,0.107171604678989,0.029568632958268,0.117489809861221
20.2252675765527,27.1412490186992,2.24750376082215,3.9797716970621,2.23975868492204,0.194833925671893,0.159855432876701,0.103358408719141,0.0880430260115554,0.463220154448114,0.00583426314266886,0.450430596269102,0.195345663115599,0.337676935433229,0.784030808112567,0.618120981519033,26.5160785553671,52.9866720034201,3.76120880418984,3.73788778554224,0.396970631822002,0.609934526362625,0.361046285635074,0.0782255954817729,0.356780491992492,4.36534028903852,8.56661978117835,1.10820985637862,0.00827785192643541,0.840504719996662,0.0216672540173017,0.0275580942090124,0.345245964404475,0.156184858888274,0.236094677066826,0.752620707184039,0.474239490684247,0.492657025451489,0.278901920082357,0.332458690061534,8.52786203011397,3.29469817670752,13.7398096279283,0.331499858890651,0.88882144349298,0.00159550961744182,0.0138619660320657,0.118072828769091,7.88341719426803,30.9016346427512,4.94583442363346,1.2450062582011,0.0609457561989245,0.344634094687751,0.257928918720025,0.0143904002877895,1.20293893610227,0.418142983458332,0.780244282834081,0.352422256480563,0.346887587993363,0.197728148378133,0.113023028719247,0.053429168428126,0.454680201673998,0.870649564182287,1.05765726849773,0.123507168035606,0.667033675482904,0.227555082459613,0.142955530648388,0.212397484793527,18.2816238168978,27.1037121108289,1.50465399130898,1.79387300431434,0.207692740652183,0.0297015302797824,0.0178409809731071,0.148867419738522
12.7458687583466,21.9975034934753,1.45095961334618,2.70702906152008,1.63448021948302,0.286126698128357,0.321785683687407,0.0403722836010784,0.206474431686217,0.530687742511419,0.00286454973531277,0.215325665634655,0.315214950497357,0.295479491673522,0.641179222867726,0.729019522597678,33.2480967458847,54.5942926204908,1.0852415825608,1.92447938884401,0.138257942714322,0.383532481198962,0.604493496916398,0.0663770083469235,38.5658806442966,3.31745698784661,0.979829862736271,1.99055993530839,0.14080442741195,0.498960692234464,0.0122510635173402,0.056845639715277,0.454533209740714,0.181364592739258,0.175310400507739,0.942035926228707,0.370275877652377,0.742835320732937,0.308213048507527,0.278082534903053,10.1837054735674,8.28061803457061,11.4156491372595,1.97622696655034,0.983120528658541,0.00130697215724977,0.0159460117163087,0.0955232325531451,19.8726074245262,31.1882486289911,11.0496346025693,1.93146268046155,0.0678568748920059,0.275161899843046,0.178593906551564,0.0212917837567754,0.758908932654701,0.16454207343474,0.509574273021422,0.344193905857529,0.204919890926421,0.276142986741657,0.0719500830011296,0.0359927930580914,0.674805793964476,1.20093642718735,2.02066899112274,0.0749129864262885,0.873953347653247,0.0223143626555032,0.0346386102470263,0.159906567582359,5.94945260164619,4.49734885388854,3.87979035218163,3.44199242999896,0.160517681388073,0.129996255709701,0.056010540984134,0.046662730519976
13.9165502345798,19.5011218743063,1.45231036498936,3.70065991747246,1.65364077488402,0.30597008276527,0.208278662819541,0.136482316904171,0.354585704529503,0.392118959903334,0.00186623422791618,0.377929541556788,0.384777181858503,0.35433300969164,0.341411522901488,0.675431469088689,10.9097453431865,36.8977486139058,2.46349136280792,2.13476818852869,0.49237069750884,0.2699284647026,0.542937208922417,0.000251699650538478,23.6850799824594,4.61755745768021,1.51280538660407,1.79774813633093,0.0335568856305841,0.735983885951433,0.0282799376167972,0.0363292044873096,0.514764375052687,0.130228064442337,0.241848652820841,0.613393753181243,0.265419608860824,0.486434617573178,0.78159678807721,0.233034357341455,9.66836639305389,3.0766896283655,15.1409817384244,1.12825244200098,1.09798882902401,0.00174775315740649,0.0231700700993618,0.0805084915416728,14.7300912435826,46.9727783763836,4.51511261739196,2.63732711442334,0.0641457919970498,0.26821585344293,0.33249593388574,0.0220762775444907,0.864684679261128,0.252659126733156,0.546615217171558,0.310091806096057,0.201236556355205,0.568786848115727,0.0895940336410008,0.0783715424125406,0.174381551049398,1.81376949714485,2.22260752178759,0.13412746434472,1.04417103370244,0.122061749700619,0.106512953043757,0.119442213661221,19.2754694186508,17.9084446230024,1.49758315974493,1.54282379685307,0.317087413772204,0.0100511528136513,0.0326646912961668,0.0616330804533847
8.86346228978504,16.891310130835,3.02483024554985,4.88922474378653,1.77271587761085,0.592756361508761,0.351465342131995,0.0764926269486027,0.197649065392739,0.510098005644178,0.00658769898765927,0.609130806144325,0.239542929136679,0.385638164572461,0.618867763273975,0.608099506389456,22.0560528470687,42.4786326207034,2.95599037455009,3.22415418648617,0.333442250736594,0.220069746689307,0.486725080122375,0.0815222614588445,47.0494186759043,2.14752096280567,6.34433857553417,0.995717052292348,0.185140619701591,0.360552465867544,0.00785581263955409,0.103281122888567,0.45680345653809,0.15816191581846,0.396192758989983,0.399905803228838,0.3820889984939,0.638610903570731,0.456701814565413,0.385467132300008,13.5487061231505,7.54382636028111,12.0815691757891,1.12355720262608,0.916985631818087,0.00198529432470102,0.00914726623128782,0.107031499963501,4.81341745536876,28.4849348610971,5.51055294905183,2.31649943393958,0.08468711696006,0.561623764952136,0.263210651072052,0.0268503368990651,0.928792506068278,0.273426548074429,0.124445467322408,0.439770338649715,0.124069460435737,0.341662417663691,0.083266697911374,0.0296363947801707,0.4519872474183,1.34334338271322,1.42122845541666,0.0761985031844887,0.972199812987662,0.0247116607776953,0.111256284376087,0.148542654665443,20.5048978613288,16.9591403615282,3.49327152888406,1.3228254827701,0.378523376549967,0.109976884297516,0.0201644105366526,0.130210665234706
13.0992856116859,18.5137068978839,1.6722242369591,2.03843577515116,0.967248307748094,0.183767841848423,0.269696785372939,0.0816004309100647,0.227999237596349,0.0204629949302031,0.00409923902532911,0.512679139838923,0.334523841067027,0.320071317915689,0.652166114717609,0.522766137552743,21.9301777362248,33.1770101299362,4.96648635357102,0.515767571855954,0.142096259010341,0.241084346809245,0.622094563583236,0.0751317560385765,34.6554486265758,2.98634223893365,4.69217345902617,1.41434976056205,0.155529614100658,0.302609605258749,0.010573956742934,0.0280989669386483,0.60515151636414,0.156607586998735,0.423436856464437,0.591098418857026,0.508300680931611,0.573203055964953,0.3588509845108,0.511939540531722,14.72200028068,6.80677236176553,13.734347534256,1.68421316861192,0.883505783184627,0.000908774637186123,0.0251311509955907,0.048790164306551,11.5936724093437,34.2493172703509,6.46960732451655,1.62899500613965,0.0491404857148666,0.412284052182808,0.161213713382228,0.00297959684152987,0.677122853795497,0.209239676882216,0.351503288965237,0.336536848096011,0.0600376123168351,0.413188639180267,0.0458832508161924,0.0605671159501273,0.363719702420218,1.06233901129615,1.83447456851135,0.0958138599721487,0.822676279229146,0.166902148676465,0.116468433769374,0.12084032494641,13.5161184611693,32.5567442685455,1.99235369629558,3.81062448999369,0.212667397122478,0.0453074424886477,0.00419275906574861,0.141658267190254
7.59680942076334,22.7105643611862,2.58629361946307,6.06344188480495,1.5628974464508,0.555292828280703,0.296101261789176,0.151985246423756,0.121957681471409,0.708846452141574,0.0062968277209304,0.166412426112519,0.196232765303956,0.139827991855125,1.04830367202718,0.662772941075778,31.2725293159337,54.3742038623612,5.41962264548745,4.37694674188401,0.0904783866746043,0.416327693292536,0.301778781853754,0.0766968035188677,44.3888171747951,1.88166403155811,3.52587546524267,0.496757087829124,0.0917831571488574,0.278650818004683,0.0185783317797885,0.085913791564046,0.601330089790678,0.0793490037868355,0.208424439231403,0.676341114738431,0.270707642546409,0.728285582895714,0.131175988482834,0.253108296083745,2.69113064707795,1.44475391553949,3.96533792694263,1.30207134450993,0.996612742457235,0.00135547027916089,0.024097272013491,0.117455171304364,14.892803971233,50.4151903343986,3.2260281402133,0.950568567786159,0.0701844311463288,0.514270187567379,0.189479540804314,0.00705132796947628,1.01129990966547,0.375688592935143,0.654436398608182,0.47840307024482,0.270915531838758,0.48720193844167,0.0663577343585207,0.0754731372268817,0.462915501683051,1.60836219778279,2.08888398511304,0.161165541013868,1.24426405313554,0.201808313762069,0.125095385764727,0.131086558631629,13.9192558573543,19.1379523525815,4.94263396736785,3.67466702883719,0.3952898256924,0.0533320013518919,0.0202836830487358,0.0990207779103064
16.1071523729787,17.2812410898781,2.52539075883965,3.88607820074087,1.28518078296275,0.289157198879656,0.245662481378613,0.181139994455668,0.190544824233306,0.591021474232472,0.00347619063108547,0.371049568216543,0.301419924506994,0.31559234748188,0.827838987186014,0.567724666688094,17.6603043397522,47.6020865275881,5.66255894630549,1.19490392325675,0.530127812731068,0.659143576089305,0.337799921975561,0.117473865723337,17.1872465532563,2.93522207164386,6.36452455345539,1.41826558970389,0.134151621170364,0.0399227226266045,0.0125700732178805,0.0599739520570386,0.681089711359581,0.1800578918267,0.247077343264472,0.578169497109094,0.608047952961607,0.452074478664309,0.199067736071317,0.38697929977526,14.9530346652261,7.700963117162,11.7305450638669,1.77773301188268,0.550272763500442,0.00309327487682322,0.0055851298684385,0.112675648175402,10.7850454409406,29.5715742368736,8.8867041474365,0.790081880776319,0.0373751884265007,0.0961493925937157,0.258095091510007,0.021602860810996,0.953151342011035,0.415753633289504,0.424842251461098,0.309283781939522,0.0534712428308271,0.543684146783745,0.11260250546457,0.0529572812426105,0.284869016233864,0.805205332307127,2.20732459674745,0.137885644060131,0.712062756090569,0.138645837733663,0.175501491584762,0.225386754474883,14.3999135566631,17.6467217981656,3.77621502123962,1.78999857269424,0.36765227235143,0.0802709116551972,0.0438690861334024,0.156406322587522
23.1286710185549,21.6254348019277,3.77872791443616,2.65586911305145,1.35497241874343,0.104737370193073,0.335008062008271,0.0763270730530585,0.0996288398762871,0.627491110968369,0.00268222958094736,0.442241699025162,0.356945929389827,0.251181954451406,0.668367519184147,0.45242097357098,29.6158221323632,40.2622009893443,5.1365462087806,2.85214417205987,0.380018294518436,0.215222031843926,0.25243699995528,0.127077634741686,49.9140056472788,3.36401876565295,6.20883744946621,0.42156259414524,0.0871465362461068,0.577153246132619,0.0159698377733535,0.056704373262527,0.631585248053401,0.129222681289074,0.178365928148932,0.649087092800965,0.511228210519675,0.92262169686176,0.35422477495545,0.495947726435306,16.3767433451841,10.0732298180434,8.34729803347318,1.19106126492992,1.17970527018713,5.43437247622464e-05,0.0229221522792652,0.103473338024006,2.61995238738338,18.5033878615159,10.113518408326,0.251148451086909,0.068956244032375,0.56084350132313,0.172034715924568,0.0206665983179997,0.753746373434527,0.272450122244841,0.387156819738863,0.334293409662604,0.11232329713301,0.252620478895922,0.0815383600281295,0.0750361079971461,0.572915155454222,1.5963393120935,2.50731116399121,0.200382602682004,0.593839867362948,0.112571232127632,0.160096121572804,0.226414493768834,23.9565152860453,24.8945438734774,3.60742985824845,2.73540556022473,0.268582997605808,0.193509112879047,0.0275151816137574,0.126836222562221
8.22605660183763,22.2040450675091,3.40458371995588,2.07108532049112,1.59275024347195,0.334118600629077,0.0877326095554988,0.053521269111476,0.293087677281584,0.338476938747849,0.00292049808968813,0.445275459496828,0.132106041674312,0.363187213054859,0.659073989871951,0.689261029132458,10.6911990462935,55.3038596143345,4.33420876362485,2.31900151372546,0.240096385006021,0.531645578123157,0.285868711247247,0.139083381385196,27.9196140551544,4.16632262259872,6.53229234259801,0.207487722947655,0.264427697988762,0.495653267050065,0.00601579812915268,0.00855191545799777,0.860753962433347,0.0669704661783203,0.194378983458463,0.508788126258174,0.298751574070344,0.402931586912325,0.286148564315974,0.247138226200959,26.5468698012278,11.3342233480205,11.5625243910405,1.87080228545596,0.526063905655626,0.0018848911795331,0.0248752406001494,0.0862003014358332,20.7647443965222,32.2921656958136,10.1663130197989,2.01875293956138,0.0104570967019236,0.243544390074401,0.27782759073918,0.0303822005305704,0.734453549671434,0.177955890055325,0.162575257921011,0.500105338114197,0.315020757937914,0.445187496672073,0.131107457809297,0.0170845944979905,0.540991158600827,2.3333262836712,1.94220640035327,0.0756337115514059,1.41064589093406,0.193473924873412,0.190600102283079,0.265763220946406,21.4192460894797,11.3228902064699,0.357906342762586,1.95192289574725,0.205403694029265,0.0725673756111156,0.0281685922973271,0.111414330650618
9.27743702914971,23.9198553331882,0.534854693755377,4.70801558889158,1.57258782306093,0.299719183251798,0.239762369506642,0.129645439216679,0.233849893513901,0.248407171249603,0.00208786780156331,0.487932449479198,0.471526849316232,0.340525138697116,0.796465635471497,0.531229732247407,25.5796594662452,53.9468879916083,4.04338306830925,1.54921508869417,0.213924753325313,0.225698098485894,0.417746927520932,0.091863491297839,21.3203422918083,4.57383756540409,4.05417741721404,1.34320009414061,0.12276439180317,0.277034821883011,0.00573403540739145,0.0926972036395564,0.266818572385309,0.15059075302204,0.23996167619436,0.467181688857572,0.560136899980367,0.644262842103944,0.361088296868992,0.390879579769361,12.2415682549285,6.21360552122584,8.64164468225349,2.0107182499503,0.577480116314646,0.00235141530721366,0.0246226359860964,0.101690244465679,20.2175604763872,23.2531282593176,12.5027783793312,2.1193223822429,0.119308806544566,0.0806974259179295,0.564410056972677,0.0009681610023945,0.907904874532509,0.154129099721979,0.287132957160042,0.426191853845522,0.208377176581994,0.584279925113365,0.0906412407526033,0.043114974019654,0.752486708890497,0.281023850645912,2.18513925844741,0.150751888897357,0.0232606664175203,0.161980908276641,0.241853136421406,0.130777358674009,14.1616058648961,24.9293174864095,3.82838644491067,1.18636533861953,0.434331115095425,0.163374300227399,0.0365149506003323,0.147648428001745
8.25025369656914,21.59687915099,3.16069244959527,2.99310396044224,1.74092501256736,0.334099934509384,0.346275953561404,0.167240439323646,0.0173402788716697,0.654881602801184,0.00516628209162948,0.472721239988193,0.439329956981759,0.387324902106584,0.839233978902894,0.698320567570327,34.156148345467,41.0802417505858,2.85981776478306,3.91777780285092,0.293405104470322,0.124961251885066,0.821201076040522,0.0515177123396888,13.2040559508821,3.21637755392865,5.22918483938434,2.41321684507411,0.158630904262941,0.201327888182046,0.00627787336022605,0.0370866571529633,0.558617397048667,0.10126064450085,0.230460794885275,0.469899877081792,0.574538609815095,0.578981845829759,0.169499627246813,0.16746936843864,14.4584464618856,12.5774435174305,7.81393708762728,1.32318306759633,1.03894562592369,0.00182140506460755,0.0173462230451462,0.0278400843428531,21.2003056740058,18.4652026748636,5.95178300829023,1.61659185547322,0.0598768455605092,0.600488658054045,0.245319713458077,0.0317784076910653,0.471589754396583,0.228181792353049,0.33387922868726,0.338489067806104,0.149996386279331,0.268676791032672,0.129059500060546,0.0354080556560619,0.781274598587208,2.02941094847879,1.76691804011077,0.0848120919205493,0.409445917180657,0.175464890885514,0.155887716207924,0.167210986419488,19.3928462956456,19.3820717204359,4.44162801413932,2.67773287946077,0.406244931400854,0.150033374485031,0.0551261548647221,0.0657922958465097
12.7458687583466,21.9975034934753,1.45095961334618,2.70702906152008,1.63448021948302,0.286126698128357,0.321785683687407,0.0403722836010784,0.206474431686217,0.530687742511419,0.00286454973531277,0.215325665634655,0.315214950497357,0.295479491673522,0.641179222867726,0.729019522597678,33.2480967458847,54.5942926204908,1.0852415825608,1.92447938884401,0.138257942714322,0.383532481198962,0.604493496916398,0.0663770083469235,38.5658806442966,3.31745698784661,0.979829862736271,1.99055993530839,0.14080442741195,0.498960692234464,0.0122510635173402,0.056845639715277,0.454533209740714,0.181364592739258,0.175310400507739,0.942035926228707,0.370275877652377,0.742835320732937,0.308213048507527,0.278082534903053,10.1837054735674,8.28061803457061,11.4156491372595,1.97622696655034,0.983120528658541,0.00130697215724977,0.0159460117163087,0.0955232325531451,19.8726074245262,31.1882486289911,11.0496346025693,1.93146268046155,0.0678568748920059,0.275161899843046,0.178593906551564,0.0212917837567754,0.758908932654701,0.16454207343474,0.509574273021422,0.344193905857529,0.204919890926421,0.276142986741657,0.0719500830011296,0.0359927930580914,0.674805793964476,1.20093642718735,2.02066899112274,0.0749129864262885,0.873953347653247,0.0223143626555032,0.0346386102470263,0.159906567582359,5.94945260164619,4.49734885388854,3.87979035218163,3.44199242999896,0.160517681388073,0.129996255709701,0.056010540984134,0.046662730519976
11.0838987011934,17.66000139133,2.65139458090944,4.52782523996828,1.10481578611751,0.401862124915399,0.311885462576588,0.143315391505269,0.313687287137324,0.655072194844492,0.00586340025568662,0.169766208349464,0.314867366760881,0.50205492106888,0.433701011254289,0.788348416436537,30.7510027721257,21.6419132808116,3.66837290040499,0.715102679624543,0.171191132258425,0.235624781329919,0.348976768710959,0.0661139949342663,37.7058768848911,3.89278332898472,4.23974483480667,1.70369081535136,0.165079203554064,0.551579250362003,0.0145998859069582,0.0789010310483723,0.325873487102917,0.139793725509666,0.279067640233893,1.15578944039763,0.357880976089735,0.224750869210156,0.462100502544368,0.150742906863579,13.7071349750194,4.84320388581525,9.2000114635126,1.98779971678834,1.41406017249527,0.00123618518676394,0.0228030552801652,0.0965113831873659,5.53820480553308,21.4513251525508,4.88307272793653,2.1143324289821,0.0625606544357414,0.256913041979597,0.248374487832106,0.0170784049832471,0.781340631563216,0.25810546885481,0.545185623119114,0.0368079441021246,0.0782696316543162,0.582567654580487,0.0983120671887368,0.0436974611417,0.656822866639736,1.21748982820129,1.11463438338434,0.124117148552428,0.560299530477131,0.148134774096462,0.180823144647135,0.189064732036171,18.9726827604479,26.8770306822586,5.56543168494767,1.93181506229786,0.34556910955308,0.15513939892867,0.0354375148611793,0.0705401621387215
7.40318593252555,26.8471638800151,1.61691486970162,3.87130092233757,0.336072305002426,0.117365532272541,0.406164312012097,0.101191166677439,0.294433382965165,0.194546605324684,0.00282383994171434,0.549463720759857,0.326476818516295,0.22460211615846,0.627712682152551,0.734352811784954,23.9877504533978,45.6586953410976,2.16863470747691,3.4621317196327,0.292167189227514,0.378583155985745,0.298808454157488,0.06412225502963,12.3088541169657,2.5597586163299,2.60540733798315,0.451945331767657,0.135593306180213,0.360181050658822,0.00772043503314323,0.0454745665533608,0.235560961294842,0.122164448956589,0.255181704047749,0.769491538070662,0.346691748432788,0.747998977276051,0.333101187759171,0.177809740416862,14.0237871070921,9.61502971617485,13.6144302756529,1.62977871758596,0.566618274353928,0.0018709967398761,0.01205456581736,0.0792775103761333,15.1506416856756,22.4729411993613,10.9235036760645,2.08616200504682,0.0113816572616546,0.491734925889432,0.212508761579416,0.0235046830033381,0.887616301626726,0.464393831999572,0.41122404495263,0.303480953197924,0.166060583426402,0.145761647487474,0.0953229265463516,0.0343219349795714,0.574055501040603,1.48349938878848,1.70022410741525,0.134258511217284,0.801145134319549,0.188369875462099,0.162344378460725,0.0860796138818033,22.8687682361096,32.2142973609807,3.62426586983289,1.17876356512383,0.521100685347817,0.0505150866196564,0.0225870006900815,0.0684247792170788
6.85605134483196,7.20435803678564,1.00384074580957,2.51930267901684,2.0685099835483,0.23351213648372,0.257752300957326,0.193089252755043,0.122429643429124,0.217516091524971,0.0040122158196995,0.340680603765388,0.103438656015383,0.436169479288065,0.449384574223293,0.575199265767388,17.9495556479287,47.8602981678362,4.04803418956056,3.26438296910421,0.065759177610517,0.367792904386939,0.277477713307523,0.0743965099663582,37.0620549431946,2.95338864027333,5.44190040602686,1.83444535984301,0.0953211415981344,0.35401313144203,0.0104395168878482,0.0855307564007231,0.404516844802069,0.163442150682395,0.1740267813111,0.77290436272014,0.523968282270702,0.316349808068925,0.585391320990503,0.529991230320155,20.3182861123561,5.84032274689191,13.4643147486548,0.703422849039495,1.74121399296113,0.000250839875562583,0.0189154462920133,0.126217031087267,11.2989931614018,47.1259979751452,5.57802089739119,2.09202183523754,0.100972347704729,0.499627223675673,0.384398542603593,0.00447251894846867,0.710569522145029,0.0488693497635968,0.41091750957802,0.367464551405446,0.241969816727242,0.359695807743742,0.0943039362089192,0.0230357579511129,0.629443777684051,2.81106176923908,1.28198073146071,0.142341449072289,1.12925473087824,0.182207625872318,0.156132975063738,0.183012658873501,1.79024072107488,12.5450590636664,1.79851215624513,2.69139980552449,0.267222974314581,0.170902529182326,0.0385169704830654,0.176342362614321
14.4216403272444,14.1880200061057,3.76699801082738,3.4566574120347,0.978584003304006,0.400648435434211,0.178633972354077,0.127060814036677,0.457268663376281,0.550556457840233,0.00289935249078125,0.509795991972091,0.197232810879539,0.0654276640118732,0.72944006501496,0.667408168249223,12.0138655591414,27.3955252216351,3.60212055910481,0.790647793621761,0.227177709640575,0.386839823033386,0.601692874248074,0.0779670595206736,21.8112362953295,1.61911817747744,2.83943683699501,1.88659792997588,0.119188354539477,0.47645922994167,0.0138978241024255,0.0449723457483781,0.573868548771547,0.0706623535608933,0.311607952523429,0.450546441618103,0.516858409944303,0.824293524551822,0.478083740239196,0.35970591148272,17.7982239358123,9.18808533123168,13.1919890739452,0.763397297032512,1.03061359382684,0.00043439758051832,0.0221352104523271,0.0621995117893456,12.3951299188093,28.8054974211465,5.05526818163736,2.94143699335938,0.0689293101444075,0.400397957377431,0.298100604179471,0.0303768113532273,1.20317507556205,0.413553069644495,0.377755741196241,0.301361439415242,0.268956723457595,0.467387468008095,0.0772730051572995,0.0539741381778288,0.453324267538448,0.422497213531201,1.40538720632877,0.145734083760736,1.05423937338351,0.120266372028039,0.136944833151553,0.0800118229662171,14.4279496963612,7.67879016007164,4.94448540361364,2.65934045912228,0.501946256257767,0.144710612694893,0.0680350422541469,0.144829379391795
4.30762269921422,19.3352072155065,2.94458720314323,2.65398703568018,1.84144558883304,0.284750960751999,0.454707835728726,0.119990103910728,0.176023293705388,0.31725395471715,0.00244051116312129,0.376796515558572,0.232607783457465,0.321409109352226,0.603307947271976,0.69922962320175,20.3121210041646,27.0114139810266,1.20616223462243,1.70888108456085,0.334627773800464,0.044400418946891,0.393970785994121,0.0614213095216124,31.6723432279446,2.11788342097025,8.23283100900892,2.46498941795056,0.133130651051532,0.308211822722326,0.01540487350203,0.0430191253005312,0.35166306854191,0.0676032978590699,0.176282674187467,0.626536199220679,0.371810967628965,0.685044853451848,0.398196653026209,0.245149700497412,13.9503961110365,8.54882071440676,15.3671535895072,1.51213875876749,0.955543490480769,0.000391570110457738,0.018978633535888,0.0820575030069178,33.5229124155897,25.0511994187364,4.08226748929635,1.824673059419,0.0745461388499501,0.172856495702147,0.252740651531728,0.0227580419717135,0.770897029534698,0.32976071417638,0.327639843259596,0.369487185478694,0.0510042429086674,0.332683987687545,0.137815169813955,0.0499625698810652,0.615770365786022,1.69344948163794,1.24519101977141,0.140761620887886,1.52694492856715,0.0362771149021889,0.226841715081217,0.101027079748421,18.1786878312384,23.1763710490206,7.37170698485307,1.96052185821265,0.0987061694715924,0.160413403036229,0.0593296024987908,0.11383346925263
13.1653310010854,15.2790475012713,4.19152767195878,4.86206221936162,1.44442174504493,0.421872435157903,0.18429138096744,0.238337587677757,0.189557582727074,0.360398311671004,0.00607515379430269,0.151366094905715,0.0892436146701015,0.191220580188006,0.680179806046035,0.780977020587676,30.3753532510766,39.9750535293448,6.37192109092907,2.86241146683463,0.28740101181399,0.207163814882784,0.178320444967921,0.0425471086166573,21.6787600644947,3.72620005795935,8.07802936392811,1.63020945329349,0.182256502886018,0.968014741360491,0.00674546471104273,0.0474571635164003,0.455459230567844,0.0986014228110411,0.317737117172416,0.891893157973615,0.372086173797293,0.691084533143878,0.334853924092968,0.103146725294121,13.6622206774566,7.50966389784048,9.02693877187647,1.49619808886433,0.163636666922137,0.00190518020873254,0.0273618139883039,0.0721024855636981,13.006314607656,28.8084034146323,5.89438355930952,2.05483701406721,0.0613802216607047,0.376062126160588,0.325163835747921,0.0297395869132497,0.787135770667419,0.555943821586691,0.625421210637442,0.407604346329952,0.25256928282776,0.411689572388652,0.0348096249413082,0.0213017552942338,0.536639086907412,2.14041633491872,1.44533609110252,0.128137770235394,1.27477987607223,0.2162415435019,0.184739827167147,0.172317743218853,15.8999876608552,13.6924174436211,1.14544950434452,1.71076508963524,0.307926929199335,0.212804670067703,0.0546287474856788,0.150405425719903
21.5873903443589,18.8995603416065,3.45826664602092,3.81910670465321,0.476946887101539,0.428486281112941,0.38584377449674,0.0412984775742011,0.314917003920025,0.559647833681712,0.00165368037225429,0.286068776183323,0.381196857219189,0.312126683343845,0.488090631295113,0.615643874316711,8.56424091418145,40.9917370327702,3.99500796287075,2.31486248953396,0.348906158729725,0.411430652899729,0.437789659107669,0.0535196924097306,30.5258349327571,3.32607671776393,4.56266793893268,1.77136006894317,0.144932005738128,0.171328128879298,0.00268705738904845,0.0178780406742591,0.361647821220659,0.106158173085033,0.251348984996935,0.804753723804734,0.540933703918053,0.702749149172387,0.567595440170964,0.383086383381166,12.5207414654263,8.60586765189356,8.96735810837435,1.73275646895341,0.942321003583794,0.000952866072242579,0.0151312320749913,0.0315299197364611,9.18344359238587,40.3568454908897,12.3539412498742,0.658452822425258,0.0964886451812356,0.311174097508086,0.305575605967716,0.0297781485198535,0.708601582627129,0.587964408970045,0.195550248752973,0.300914667656389,0.191964010666703,0.328987056476486,0.0933867622574276,0.0456908502976756,0.704770820252359,2.13772261415337,1.79396475686402,0.120001304221776,0.722426381579661,0.163119111699269,0.127363365901273,0.195426537235819,20.9490648266539,24.023151578506,3.65429159273393,2.29184292363047,0.30916292110884,0.120665840526588,0.0388844324425516,0.0269638055328539
4.30762269921422,19.3352072155065,2.94458720314323,2.65398703568018,1.84144558883304,0.284750960751999,0.454707835728726,0.119990103910728,0.176023293705388,0.31725395471715,0.00244051116312129,0.376796515558572,0.232607783457465,0.321409109352226,0.603307947271976,0.69922962320175,20.3121210041646,27.0114139810266,1.20616223462243,1.70888108456085,0.334627773800464,0.044400418946891,0.393970785994121,0.0614213095216124,31.6723432279446,2.11788342097025,8.23283100900892,2.46498941795056,0.133130651051532,0.308211822722326,0.01540487350203,0.0430191253005312,0.35166306854191,0.0676032978590699,0.176282674187467,0.626536199220679,0.371810967628965,0.685044853451848,0.398196653026209,0.245149700497412,13.9503961110365,8.54882071440676,15.3671535895072,1.51213875876749,0.955543490480769,0.000391570110457738,0.018978633535888,0.0820575030069178,33.5229124155897,25.0511994187364,4.08226748929635,1.824673059419,0.0745461388499501,0.172856495702147,0.252740651531728,0.0227580419717135,0.770897029534698,0.32976071417638,0.327639843259596,0.369487185478694,0.0510042429086674,0.332683987687545,0.137815169813955,0.0499625698810652,0.615770365786022,1.69344948163794,1.24519101977141,0.140761620887886,1.52694492856715,0.0362771149021889,0.226841715081217,0.101027079748421,18.1786878312384,23.1763710490206,7.37170698485307,1.96052185821265,0.0987061694715924,0.160413403036229,0.0593296024987908,0.11383346925263
14.2348607487147,22.815883547976,3.26318010224208,3.91371601144414,0.418378473430852,0.247941123267442,0.178707497451998,0.140287643803748,0.355511212649716,0.270121982624396,0.00172158360500183,0.292449193873074,0.278599778420845,0.508477001434538,0.492735490137145,0.816528880413653,27.239358924176,42.2063617951956,2.66984386244099,2.33689742472408,0.254519892129795,0.630354321622435,0.410715742907246,0.0916951953917265,40.3638325351317,2.6462875318786,4.36201961999692,0.745045081395872,0.13045312770463,0.094631261084788,0.0183890335016768,0.00487888710746513,0.671202613572084,0.167085828960314,0.313107647991108,0.513880166199337,0.447284231457232,0.401075204735028,0.51324899363427,0.17435851816373,20.5974628225571,9.64967253437109,10.0403560156106,0.51062175008987,0.98195195830811,0.0021640629650352,0.00657697436380749,0.0529382567987835,4.68126605372088,21.3250261637447,10.8649047016738,2.52947506921525,0.108223889270728,0.385691852911689,0.350609433822286,0.0195798126053966,0.0380855336200638,0.32595980609815,0.434033903839389,0.439864135259768,0.24298653330279,0.159692069043133,0.104755852387109,0.0529300642521565,0.667568265783636,1.00344763609813,1.43488086193873,0.105226535336738,0.828799879027766,0.0878271418583532,0.148114007038861,0.133836308599214,5.8019951112357,21.1664582433087,2.4953345803578,3.21841864673754,0.274454288059967,0.136911564249678,0.0156778708247007,0.212333259860962
9.27743702914971,23.9198553331882,0.534854693755377,4.70801558889158,1.57258782306093,0.299719183251798,0.239762369506642,0.129645439216679,0.233849893513901,0.248407171249603,0.00208786780156331,0.487932449479198,0.471526849316232,0.340525138697116,0.796465635471497,0.531229732247407,25.5796594662452,53.9468879916083,4.04338306830925,1.54921508869417,0.213924753325313,0.225698098485894,0.417746927520932,0.091863491297839,21.3203422918083,4.57383756540409,4.05417741721404,1.34320009414061,0.12276439180317,0.277034821883011,0.00573403540739145,0.0926972036395564,0.266818572385309,0.15059075302204,0.23996167619436,0.467181688857572,0.560136899980367,0.644262842103944,0.361088296868992,0.390879579769361,12.2415682549285,6.21360552122584,8.64164468225349,2.0107182499503,0.577480116314646,0.00235141530721366,0.0246226359860964,0.101690244465679,20.2175604763872,23.2531282593176,12.5027783793312,2.1193223822429,0.119308806544566,0.0806974259179295,0.564410056972677,0.0009681610023945,0.907904874532509,0.154129099721979,0.287132957160042,0.426191853845522,0.208377176581994,0.584279925113365,0.0906412407526033,0.043114974019654,0.752486708890497,0.281023850645912,2.18513925844741,0.150751888897357,0.0232606664175203,0.161980908276641,0.241853136421406,0.130777358674009,14.1616058648961,24.9293174864095,3.82838644491067,1.18636533861953,0.434331115095425,0.163374300227399,0.0365149506003323,0.147648428001745
4.30762269921422,19.3352072155065,2.94458720314323,2.65398703568018,1.84144558883304,0.284750960751999,0.454707835728726,0.119990103910728,0.176023293705388,0.31725395471715,0.00244051116312129,0.376796515558572,0.232607783457465,0.321409109352226,0.603307947271976,0.69922962320175,20.3121210041646,27.0114139810266,1.20616223462243,1.70888108456085,0.334627773800464,0.044400418946891,0.393970785994121,0.0614213095216124,31.6723432279446,2.11788342097025,8.23283100900892,2.46498941795056,0.133130651051532,0.308211822722326,0.01540487350203,0.0430191253005312,0.35166306854191,0.0676032978590699,0.176282674187467,0.626536199220679,0.371810967628965,0.685044853451848,0.398196653026209,0.245149700497412,13.9503961110365,8.54882071440676,15.3671535895072,1.51213875876749,0.955543490480769,0.000391570110457738,0.018978633535888,0.0820575030069178,33.5229124155897,25.0511994187364,4.08226748929635,1.824673059419,0.0745461388499501,0.172856495702147,0.252740651531728,0.0227580419717135,0.770897029534698,0.32976071417638,0.327639843259596,0.369487185478694,0.0510042429086674,0.332683987687545,0.137815169813955,0.0499625698810652,0.615770365786022,1.69344948163794,1.24519101977141,0.140761620887886,1.52694492856715,0.0362771149021889,0.226841715081217,0.101027079748421,18.1786878312384,23.1763710490206,7.37170698485307,1.96052185821265,0.0987061694715924,0.160413403036229,0.0593296024987908,0.11383346925263
10.0989561238804,14.7316048295019,2.82782426243175,3.42468092152506,3.08494790053295,0.0722593772831271,0.336840423591746,0.139596628031792,0.341158421535338,0.0196628144195354,0.00362857837204814,0.399509437506712,0.270671202861663,0.532282938751362,0.67925138448632,0.696220112091659,23.2252752496778,47.032387183281,4.14338789437242,4.70223122465826,0.131835364619685,0.300836461344547,0.324519073752097,0.11008778419599,41.799109144343,2.04906524777415,5.9155490718389,1.6679457449827,0.123290642138808,0.452203497454671,0.0133735963908535,0.0936894715277522,0.183702286736986,0.105912837007166,0.320460387598519,0.572225017040232,0.451750810478142,0.357495099183174,0.337472051810843,0.276063268128482,13.4669085399245,10.6328479712282,8.11403554701664,0.591325692649631,1.93558856627794,0.000961953190164265,0.00291132248723954,0.0614492817339067,7.19628813456341,40.977236906536,11.4387492329768,0.563532687254036,0.0702764718837624,0.264136779328211,0.386393781625335,0.0122079321073591,0.801164315152315,0.42835965541492,0.382012605271783,0.368436233883227,0.17159861725885,0.356758748140715,0.0972436258251086,0.0468633344104594,0.386458181665797,0.394305598976094,2.22140643766627,0.120783254591053,0.828111367066072,0.0559538040589678,0.0116157899870395,0.0858978246423069,14.5290152511995,18.3529329777674,2.94133273221322,2.88277790563194,0.378350727514911,0.128264021628839,0.041734032662659,0.105151904262845
14.4254813747441,16.0395755594226,4.18581094439186,2.97405860802647,0.95396844601582,0.273199680196237,0.299499674871771,0.209433655633489,0.331484185207772,0.609221994819634,0.00557186266551624,0.193637555230427,0.39967057132132,0.25051456009338,0.592987471600356,0.725637445605973,17.8732809536568,32.9162308287794,4.13207453112623,1.30002049248464,0.236782101411827,0.139369090866964,0.620790400333498,0.0868854589524057,12.3606539656492,3.57178441465378,9.99927321224612,0.851199119429483,0.0636098244626927,0.0645195310154871,0.00775701757475064,0.0868154368680263,0.839033744732398,0.148032979655308,0.26991269419127,0.620090677728398,0.305043059241169,0.600548521908064,0.423729436291944,0.266404200609796,7.667266345023,5.15652780950716,10.4934680873689,1.6625641812392,1.325750714518,0.00253492346434423,0.0164810535985577,0.154399310576978,24.9743713607939,52.9429169601727,9.06300888864571,2.21359518578678,0.0566850664511462,0.121033477465361,0.267446649492554,0.00706640301779857,0.609312553904592,0.109314552014423,0.44423816206882,0.44728320938653,0.2599567693811,0.444179494394742,0.0443615342573624,0.0225802802573671,0.29525422964278,1.48175933070615,1.39710113944331,0.237046071026474,0.682628740427815,0.233320997019477,0.134112012155258,0.217374308008253,13.4876174722835,17.8490392926247,4.51535494550496,1.11787718388733,0.127233045742456,0.283266477536547,0.00842992189506409,0.114677606989268
15.2972763652212,14.2884391340673,3.5177670617597,1.32377847440226,1.82139400698018,0.193777232243388,0.230109359975484,0.0870922074578641,0.258291509804128,0.530364816512442,0.00179918068526023,0.460746871461605,0.281105652069387,0.235402755217479,0.759578370929294,0.686335936783041,21.6057691446921,18.3862705764563,6.1586145816042,2.64259071912494,0.335603174856025,0.479886279450136,0.270060428956092,0.0874911581310394,33.1583825505909,3.72818933194126,2.94267371486556,1.28523509354512,0.156441216903834,0.483476835360248,0.00788005053460856,0.0586699853526534,0.430136121465344,0.0640879108394249,0.487516447431065,0.447108971125406,0.393731299199452,0.808617599607947,0.337939823809603,0.287058911654348,22.431437083569,11.4279015336169,8.8978542571693,1.59763418407962,0.812228167142777,0.00211694671793052,0.0180537104218349,0.106967316985185,9.23453745386137,32.0520774496127,9.73410117043669,2.37111378266975,0.0494793604228696,0.209090947511493,0.390016307465625,0.0132995574931679,0.936871906064782,0.282787149448153,0.456726469635621,0.606945112610299,0.182272082878978,0.0802183808928394,0.0875343214969996,0.0305925178559373,0.422396142570331,0.692684469686693,1.07568974882907,0.174670060799422,1.01948028455012,0.186089405976203,0.155797298336655,0.0966217274391115,6.51091267581184,16.4256613410127,6.88010276918262,4.54704123343895,0.332398287205738,0.0694151856772657,0.0357477452289256,0.121717659388986
13.5234822855895,19.3464440838441,1.59944664858067,3.73519308372466,0.187104171040402,0.478006936422484,0.338139116818244,0.151477495296473,0.288953806343824,0.296095683949317,0.0048924728840618,0.661838960366255,0.22974405402013,0.278785387863086,0.654266415880071,0.685930764047094,22.2816365985749,26.185837727495,6.36351073482101,2.08849904978281,0.196699602670486,0.377788970341415,0.232745010143095,0.0894068854720549,29.5568632915004,2.71950852540345,6.61424024925185,1.76182094977302,0.119937891691423,0.191260998973978,0.019418537753098,0.0504928341134575,0.480036457262155,0.117817506210617,0.141009160877062,0.418027226629533,0.389721968316689,0.585172434134463,0.308458566037285,0.298870341947003,12.1807824200198,10.2350059921329,11.2658824750381,1.64688982272284,1.01967750199319,0.00219765744605408,0.0215856525306999,0.0292071186757304,14.8369274377173,26.6118192974541,7.96207794980041,1.27837222375494,0.0411736230208697,0.168150218877057,0.330502182054313,0.013437362313934,0.686111036979293,0.297079692633337,0.191962142341148,0.288904999697945,0.399296875379582,0.362917217990739,0.0796019519641583,0.0489007494062285,0.597922747939725,1.85968257310181,1.63025434545684,0.0783897850870926,0.761268201128463,0.159171105029107,0.0908679178459109,0.147140758546644,16.22129391428,18.2922243897259,5.81524807196886,2.17905029864647,0.260787470412533,0.0930325068707038,0.0415177621144767,0.0477672712706605
17.3533749236351,19.1210605968239,5.74044123814218,2.43506137242894,1.11471719409751,0.449829279163753,0.141982293146647,0.124409192954506,0.267887902838627,0.233406638144334,0.00256347261671771,0.398919185006781,0.186378797829033,0.405800861398124,0.815323076342191,0.711197854547862,16.1943118894148,39.844273434858,1.79876607743713,3.24887122089291,0.0195339616385304,0.678965986610659,0.518901498020843,0.0920364881310156,19.7686721345228,1.63928314610782,6.24701646871261,0.551503614139334,0.214559190495396,0.678450601514379,0.00132292052017223,0.0909803244035056,0.680211498602064,0.0876030666677602,0.0789232247930985,0.565069970697328,0.277083828650233,0.509746839435934,0.153510031847699,0.358750735744594,11.1717972467596,4.83875577744911,11.1163062175812,0.880217384291471,0.819937472408368,0.00182903446751846,0.0359206810560139,0.0546739558994874,13.6198949451341,34.7067987984407,7.50680167832178,2.97297288709791,0.0721185956536303,0.442158748945507,0.356586585343196,0.0121528297490423,0.420925265639727,0.288170646509601,0.468264980162311,0.428561999476253,0.275239963874853,0.264712893008505,0.073973885005691,0.0184091301145105,0.158580884421141,1.66342243152759,1.60736773241926,0.0831854077887514,0.751256366680751,0.104094586731325,0.025123304909725,0.040700554795519,14.0483338959774,23.1546919994391,5.1442977130248,0.610435148124826,0.0971166134558126,0.115921144879895,0.0239905225427127,0.047700967900866
11.4661845849567,7.54769689345472,1.99164520377249,2.86098737966734,1.07743131738823,0.367675029505763,0.225804872335257,0.0585018764223335,0.216906901492604,0.39755802594306,0.00157980504331104,0.488948692452216,0.402737730722305,0.125559340236439,0.649201006289591,0.774656953670006,28.2658580211596,39.8259062153463,3.23998714741746,2.90224993758038,0.126765768074347,0.13419198717358,0.193722865272793,0.0726793184488001,36.8881779791805,4.00415999171582,4.41161820387254,2.46104977320804,0.0730555880492834,0.641550646068266,0.00857267366030876,0.000871639562166904,0.406781812393808,0.228577259847019,0.172684268128922,0.375215661105372,0.536826711106526,0.62106933085297,0.386434962935433,0.237779247085656,16.8023970429343,9.46089711220395,8.37876825437416,0.563652338507144,1.28442072116613,0.00109622779493829,0.0261619133131185,0.13171007408059,26.2937754918661,22.792562432342,8.02930842964777,1.55164963202968,0.0474686866042345,0.339030661110119,0.516151766198309,0.0179061781447621,1.39617477174037,0.363000181605726,0.563985484400661,0.468406177448314,0.285569903216423,0.555082483986656,0.0790702669985724,0.0250980427186511,0.383164077387257,1.37056313129052,1.18613768257778,0.046216380792152,0.567311570673207,0.201821096400972,0.217216925500775,0.0608080311534626,23.105539928388,40.8346193250426,2.35297406991774,1.44447041640138,0.166547188077733,0.0930436679820522,0.0641151981111696,0.0546783162155921
16.9586094786563,16.6958258900261,2.04399999591612,4.46705880983272,0.739581015241515,0.348982758228552,0.271229505048913,0.135780056969721,0.200107415639601,0.685323025045079,0.00527577939511398,0.588615079449922,0.293527023983534,0.403977644665741,0.582948357896334,0.71119529122371,30.0244464670425,25.8664845360794,2.33898647943991,3.80060019225732,0.393079566369014,0.246545862653619,0.452808069384369,0.0539412203521619,38.4713966464098,3.9758551611148,6.83760101961549,1.52872489117777,0.116295143207707,0.599803467953689,0.00403950013995398,0.0563299553863437,0.483619214854096,0.110720433055294,0.328697966934175,0.471729977654308,0.496634179612352,0.556568257945036,0.268833187356027,0.222011492201165,0.105863994514362,6.321485028533,13.3786347524618,1.31217383123093,0.736865871762518,0.000615747975725973,0.0109039869517081,0.0760873926888961,7.88675293951665,38.5376021901008,11.8801458840985,1.1292803908902,0.0485581847485315,0.442031663920444,0.254495391385907,0.0203599760015985,0.694328603650747,0.228549365265572,0.500114131547954,0.239470794613974,0.281761126385059,0.189664788793896,0.177944085770921,0.0702299707324447,0.590860894754658,1.17409606079328,1.09575829457,0.108426619892703,0.453020810318706,0.277815786126805,0.207435139967741,0.0820083961751595,8.98556652410588,27.7044383604969,2.50519398602771,2.07065315720078,0.22898436006361,0.0787162980463839,0.0203569227001216,0.100616815368286
14.5685586280789,20.7531940247106,1.77884227963139,3.50619566465583,1.76408844937079,0.364830989765661,0.230658164592535,0.102792208299225,0.173322438765393,0.0751497799657628,0.00495064544878379,0.611801137800667,0.468419483451205,0.263323199672463,0.687231589041371,0.699604343715801,21.5857104035999,32.5241976798301,2.26763674180009,0.656163300320007,0.206370929750952,0.360142447658448,0.444730222563534,0.0994313095616377,7.52520465342994,4.69990985119343,1.32549232089094,2.17474102125501,0.224867645113697,0.0457901349480116,0.00402693433220539,0.0198111782927752,0.356618831460445,0.150423303802413,0.106988595338247,0.493025508953557,0.511868050425801,0.820389061783877,0.577034993824888,0.221526519483409,15.3107482115695,8.69314189865908,10.8113814683774,2.41774515907658,0.949349381803115,0.00203065853171619,0.022581776587333,0.12746807371705,11.6216245910355,39.1469681570433,8.6663439442829,1.46966783233442,0.0369518236212536,0.347036502716451,0.220460117744328,0.0141584404220259,0.448607762479302,0.0758606640593698,0.317429636533587,0.320109564793728,0.101170046366452,0.149276091063089,0.0334931969594998,0.0485104995050249,0.64936582236249,1.93725623465745,1.61968014322445,0.121942115487066,0.351618085403203,0.0779306312569723,0.0976082296980362,0.2623673666059,22.3447704853083,22.3959108948014,5.06402732847059,1.77146337192601,0.431601828718857,0.0496610591055491,0.0427470174650738,0.00457414332260142
8.54775122694758,11.3222807582732,0.862021587619273,3.40717070924705,1.67650026615157,0.491564579340869,0.463304942116778,0.1128453881016,0.306167396398015,0.578521245066064,0.00379653915667161,0.514248049177287,0.229198161442383,0.262214486732922,0.496489757548694,0.683901415982234,9.94758911553259,26.4766498174947,4.98104371025166,3.35124763159347,0.26679027189114,0.20543061451685,0.678049265394559,0.0543580432280503,13.7879106553809,2.77994849862247,5.77651355262621,1.94798098964039,0.145844297188575,0.555197400313197,0.0129922265535456,0.0617878677718795,0.409879507010706,0.161363869089527,0.271907851665996,0.39632581368037,0.506866011382181,0.788620197421069,0.423660426951697,0.370961636496986,14.6883742325639,7.77198173136693,13.1025010678672,0.985987507767927,0.873152546069717,0.00157755890559504,0.0173451082965928,0.0693069467639914,14.382037026062,31.9694509131959,9.45570110019321,1.79106960141554,0.0932192624951846,0.309689555795307,0.395738332540314,0.0255503440044999,1.05530713891855,0.2631151817489,0.856140234026459,0.317109494956465,0.184246032743027,0.427740993297354,0.0293108952491436,0.0637525092241724,0.378137168795595,0.791196910942107,0.665829548898173,0.165421681104409,1.03389764711589,0.162055440141742,0.144044129215823,0.17227475034552,17.6777616603185,26.1574300761764,4.48149567077214,1.39559912019089,0.243866771654842,0.0781023015422508,0.0285851511416247,0.123121810393726
18.8166579242981,12.9231277311579,0.34859494652639,4.70190791047451,1.25736724596284,0.0607605888619131,0.297425210746958,0.147215833733779,0.388085693060813,0.64167111758943,0.00642714447399982,0.220568349285776,0.310297255886553,0.176728834566194,0.773683053878215,0.703571467589182,24.4339455174788,37.4126784829538,3.98786968800169,3.27500141808446,0.0354680796355482,0.46181403586396,0.353978561506875,0.0953886826988069,32.1162043817762,2.07155180598299,5.26737833470351,1.39814269729884,0.309487202711674,0.415317281944356,0.0242389427898424,0.0186024242909618,0.571243827257296,0.185078016393531,0.435259132929262,1.01102195130083,0.35341829671419,0.935714909798775,0.21394689653247,0.299131690708514,13.7886568474009,13.0478575636756,12.5435322573563,0.729095355322095,1.33864832955869,0.00164014062058256,0.0210071836892798,0.0758988494164655,11.348671592505,28.6648677474387,11.8662691613074,1.802922131664,0.0565966331294694,0.282799783681539,0.656157444435182,0.0234705064741639,0.740329709368118,0.354194900527157,0.545125169906299,0.36261576797201,0.15030167364618,0.163915167306211,0.125346090715387,0.0520260698421479,0.507768426440332,2.52995862484561,0.98685252879341,0.0916023735008858,0.660352851937975,0.136578429123063,0.0927089296819792,0.18110251186359,7.15861251155204,25.8245739799769,2.52005688289621,3.12780799792369,0.255048188900436,0.109348679443526,0.0444960203673349,0.0855295527931654
18.2751769259865,18.7402030539022,4.23475011351245,2.68859716134466,1.07797192319361,0.0877658776341902,0.110032740129475,0.0465665241509213,0.173489677441153,0.331819075827082,0.00189021242277896,0.652662591901044,0.338277542111426,0.523990015057223,0.8292461151714,0.641881798309656,15.6824870103936,43.3312469864087,3.66990049675485,4.05427390478143,0.278230638799877,0.325449457480298,0.450500276434459,0.115517918227241,18.1407978067642,0.162162862961257,1.97370120319132,1.33958220169487,0.251903125700221,0.330375849155511,0.00908193620931352,0.0840856898508456,0.33649551360226,0.130508791009551,0.269742157929671,0.477911194544317,0.40959078819937,0.402851128724176,0.067193084215528,0.387648614134287,15.4264374808199,7.93589497688099,12.8754304149608,0.550778933513924,1.10978376672202,0.00103918931021486,0.0216192295529367,0.138320241384575,15.4349785503712,37.0068746608766,6.41020971710745,1.8266875859749,0.0886650205812115,0.143619801539097,0.176554672544406,0.0215952110467216,0.461821257963076,0.521499745837011,0.430635912990882,0.229313395745608,0.116864031419052,0.18959131350393,0.146292285467237,0.0375982547387777,0.0773341724439915,0.89035837879346,1.06158043230615,0.118796870514234,0.955679070155501,0.246788407182987,0.110190058523662,0.122850104090341,9.70968966161714,8.68830206127014,4.69812928890326,2.49221258409598,0.313206362383495,0.105617824645765,0.0462865350283574,0.0908368174260299
13.5234822855895,19.3464440838441,1.59944664858067,3.73519308372466,0.187104171040402,0.478006936422484,0.338139116818244,0.151477495296473,0.288953806343824,0.296095683949317,0.0048924728840618,0.661838960366255,0.22974405402013,0.278785387863086,0.654266415880071,0.685930764047094,22.2816365985749,26.185837727495,6.36351073482101,2.08849904978281,0.196699602670486,0.377788970341415,0.232745010143095,0.0894068854720549,29.5568632915004,2.71950852540345,6.61424024925185,1.76182094977302,0.119937891691423,0.191260998973978,0.019418537753098,0.0504928341134575,0.480036457262155,0.117817506210617,0.141009160877062,0.418027226629533,0.389721968316689,0.585172434134463,0.308458566037285,0.298870341947003,12.1807824200198,10.2350059921329,11.2658824750381,1.64688982272284,1.01967750199319,0.00219765744605408,0.0215856525306999,0.0292071186757304,14.8369274377173,26.6118192974541,7.96207794980041,1.27837222375494,0.0411736230208697,0.168150218877057,0.330502182054313,0.013437362313934,0.686111036979293,0.297079692633337,0.191962142341148,0.288904999697945,0.399296875379582,0.362917217990739,0.0796019519641583,0.0489007494062285,0.597922747939725,1.85968257310181,1.63025434545684,0.0783897850870926,0.761268201128463,0.159171105029107,0.0908679178459109,0.147140758546644,16.22129391428,18.2922243897259,5.81524807196886,2.17905029864647,0.260787470412533,0.0930325068707038,0.0415177621144767,0.0477672712706605
12.9594701742415,16.7871627592955,1.52218268260494,2.80753262811823,1.36336675743,0.382085633122808,0.244392046541644,0.067171889767481,0.200916654007781,0.439803817921227,0.00178686119441074,0.161553701617075,0.26017385731806,0.410624952528927,0.853643885790421,0.623179272094352,32.7840554247212,31.2466274587264,5.98011961688584,1.52242192231154,0.22127071324816,0.349412047257626,0.400665627620948,0.0588993183337671,37.9673705854282,0.629414590971821,7.21641170087039,1.28481705560166,0.116771951135037,0.529615213457986,0.0145029083414859,0.0392445136786614,0.210640874932536,0.167771250702262,0.280189272565243,0.828086198637218,0.511865524243033,0.40578311061937,0.265862477048921,0.502105608941213,8.82554528493333,12.4100936105134,17.4739940438075,0.2199489466653,0.679096855090667,0.00131896102441143,0.018273349570807,0.0518630621326042,23.7735357174186,33.0312795771376,11.8259719412935,2.53012127993843,0.0848130712706828,0.183380156467765,0.134249455798482,0.0219339363529991,0.827136817713,0.260814304639589,0.508028776301638,0.525978696576216,0.111772110374546,0.219565154765345,0.0757313871002397,0.037867060198518,0.451004704741036,1.76439447348615,1.00477402482317,0.0878820673702362,0.801953405769323,0.184518941566714,0.136502726467939,0.110548857352231,15.4374701171871,24.975296552423,2.83809157610298,1.28539279863842,0.349955160230341,0.0871785035923242,0.0268668246488978,0.0514861362418542
13.6593261210217,12.6154653499138,1.76833148191113,4.39966240801113,1.50765431337313,0.239188482240848,0.40503781695147,0.0829703949009365,0.200150753661098,0.195433324826053,0.0037715003497358,0.50004480844073,0.261317207738042,0.434331413488187,0.579582235780738,0.629135854231975,24.4863664405919,37.8617276499191,3.47912747441392,3.22180412244961,0.258102417677246,0.412333944265289,0.273499396654708,0.0606884566430398,34.6184238375175,2.74384085937079,9.50242394520917,0.545599748969915,0.0546613304426656,0.558388632696017,0.000537219518691153,0.0399060241862869,0.38891657827033,0.129911004632743,0.202275070683431,0.633070965366609,0.241567813079397,0.577167694791346,0.377022163296669,0.390494544549167,11.6060984406586,9.91971365802383,14.0478186850675,0.955680978019689,0.528362044929042,0.00104293600968209,0.0160187559496973,0.0837911429907186,13.6397996290504,35.4213003595373,6.30477788556098,1.82291490523752,0.092357820754085,0.410939444530685,0.388414784472594,0.0104578154215394,0.644878404215231,0.501791965618823,0.200527020854081,0.389490169138836,0.195113806686727,0.197444124385336,0.0860900686765981,0.044100296553469,0.325853729543824,1.69271652704807,1.8358190786842,0.198487804631247,1.13994450305254,0.127130847959028,0.165894052476205,0.138625589512608,13.6097142739062,25.0413436242868,2.60391885004876,1.33141447607053,0.328455814076379,0.0972973980507737,0.0496995018550757,0.0774431021154498
18.1474656156639,25.4740428301641,1.55956962402423,5.02710942462477,1.04127610086167,0.255450821518349,0.312010109127059,0.0856972081987992,0.306901602108459,0.648551392069313,0.00240427564136123,0.316463883804411,0.242451990947122,0.119744802078219,0.349228797949541,0.733974617163201,13.584619373127,33.816252328844,5.57516845328094,2.41971390818725,0.320073609752184,0.154656194563762,0.261860211271993,0.0576293889984987,22.3121313529973,2.12431933176758,1.7586960648982,2.33606280956281,0.132007230567522,0.339062546900321,0.0120241977612362,0.0234406738611834,0.428046113513181,0.140579822349385,0.113852897003716,0.625746354407936,0.565221034906895,0.893799068876479,0.596065857545624,0.226784478063023,4.3693606443855,5.85706196303216,12.0955969648793,0.364708809552417,0.315195970038443,0.000973077426611817,0.0113724461247444,0.0789429925869073,18.8788834467117,22.9275794470335,8.1434118873198,0.953784326989042,0.0867179325845627,0.54054564372383,0.313899874364516,0.0120388613116698,0.812711417150134,0.247454228432144,0.584968071029878,0.457112099676958,0.357027371331261,0.558225214125374,0.103165212976219,0.0638579896518633,0.359520525426321,2.2164316829491,1.86729506248591,0.179376811706901,0.809926933279486,0.061052049122662,0.177005638766281,0.156339459153369,29.3581738843963,27.8417775074836,4.16671477950783,2.31782863686813,0.591550147670882,0.18250578750462,0.0716830550752073,0.112503511427333
19.5541083598978,8.70835866893358,0.83965473995291,4.83133201358566,2.1652002415648,0.601531903619007,0.40645293961547,0.0688729482638439,0.450330210768296,0.418648498192699,0.00699031174529401,0.242030877232138,0.213476582998234,0.363443882870799,0.688688313521458,0.756422227677698,21.035999207244,63.1926127791476,5.20016522919535,3.63051713938752,0.26177921936353,0.388407003047075,0.559799694727531,0.0668176702611257,40.9995604494133,3.67787459247929,6.58689403903,1.53822450090628,0.120147512018363,0.244943954666556,0.013991710723287,0.0262088927268633,0.299226600765727,0.0836331657783311,0.208425423196846,0.715746520921891,0.622832869946021,0.437961355991024,0.525016359611867,0.200283475136463,10.6011235080741,7.98967059854249,11.0656815903787,0.923479940840322,0.55257883311624,0.00210880613142127,0.0172340074847268,0.0792240645725711,8.05946122146951,16.880780970883,15.6056222457393,2.67345909685901,0.0435666847703205,0.473051181338005,0.381675664468914,0.0274451532092305,0.864671016540015,0.371236824463244,0.270872220513959,0.4488817199071,0.27323698570115,0.185858860009961,0.0445035236087939,0.0697568383422327,0.590386527963809,1.7606472551106,2.25687965242194,0.0277996611265519,0.964795085957053,0.290561446839675,0.0731361159183784,0.115210236115719,8.98376794219345,5.76158599005221,1.07588480436982,3.18280046392443,0.287698029830581,0.0478209914943305,0.0302737862044594,0.106954303327608
9.80441160366978,11.5225214589088,2.16335682119133,3.68467311080152,1.464233411632,0.244099747501805,0.242982423659588,0.123509732654678,0.0746849844893717,0.852301300436845,0.00253335927868087,0.342173199367342,0.280673306874981,0.117133017218042,0.645733911589836,0.681959466777011,21.7871776310652,50.2799691456917,3.46756940174828,2.59024684517817,0.244471787178903,0.251070851558096,0.363526279776657,0.0806427390083841,22.213277070944,2.1407655776701,1.30436110318492,1.73098793793849,0.127846848981311,0.770956557561703,0.0184263660510415,0.0978853803693331,0.630106939362444,0.164736843462747,0.311315855425962,0.47743847891089,0.458178167766445,0.837365929794027,0.343810049482072,0.291228268940701,13.164201373476,4.73173636849616,15.0601576175648,0.766817696312961,1.17819758644827,0.00115119232822764,0.0190667301182032,0.0849934628539543,18.4304484651211,50.2219790862562,6.28397608682258,1.42051131339425,0.0591081137989985,0.488405946786537,0.373079477442593,0.0389034620803135,0.819803953927934,0.542096051177663,0.221596590645322,0.458385549069217,0.206603998758077,0.367581806697387,0.0756748636042561,0.0549441408598455,0.789334266922055,0.727606435891257,1.63364789002516,0.0831229346648182,0.920508235078971,0.136062532649878,0.141027774631095,0.074036138794424,15.4389568986165,17.6989023093087,0.849774398973921,1.1061603420006,0.298280651862448,0.0717538072885929,0.0383623423292033,0.13023036147424
8.82659875076702,26.2442951604407,1.82994042078533,4.76972427932722,1.51184840169133,0.219408687709855,0.374913804838707,0.11116143122973,0.14489133045236,0.195429444443188,0.00524837871615585,0.119082525967296,0.449500237770788,0.322106027529346,0.769373754762636,0.75557480817625,18.8734598587926,34.4256056151855,5.69940973772417,1.80729420944207,0.349657932832252,0.14058461294903,0.504419869570539,0.0437937530979855,11.4223820411913,3.03628189643329,9.96651071413325,0.787536731556546,0.0976281228748376,0.466389633151428,0.0135895344038477,0.0660580469880118,0.770750808765628,0.106107937171958,0.235983744756376,0.763797719432233,0.196244261571241,0.564929987664232,0.166376465110658,0.259944592672883,10.5346397184313,6.10344038204565,10.7049489020256,1.51740425778777,0.514211589153857,0.00139106216134952,0.0116416309952038,0.0573960442836885,8.68759779996965,33.0210179978579,6.39216314471467,1.92709646111476,0.0964485710632494,0.27589122648993,0.269125187772815,0.000947983013977771,1.26502597585559,0.276852362278217,0.514491875338996,0.50074398643503,0.2212544242616,0.300668482498741,0.111105544669509,0.0628057967665412,0.408375564245253,1.73477341400435,1.889762755314,0.13166403115404,0.917490559798251,0.275874609835064,0.136365773642081,0.0702602448800397,17.793908366423,17.2562766690981,2.43318838195112,2.21535013674037,0.45533843763635,0.0785114342776363,0.0308926775183613,0.0574612200414467
9.73999363385608,15.2714983080127,1.71397143256326,4.60249947256022,0.721915088172899,0.51961937768556,0.353330410811488,0.0886380112794231,0.105496788861591,0.466120144083329,0.000639435564994294,0.274917006168358,0.367306764832834,0.323897527895792,0.566580266792531,0.752549998098139,29.7100020984918,37.7394348197546,8.38112190320198,3.40953905905654,0.257632078084856,0.294256535916185,0.526930710481266,0.101400809508559,26.5475711057478,3.62907732708316,4.48255835407084,1.39142614730284,0.21091547009284,0.149158638658322,0.0108442002579944,0.0915094721196539,0.337747988688303,0.0614027560785089,0.397799074443338,0.92160041177243,0.673152765410806,0.325053009462144,0.41298489325252,0.275735420913358,10.968245087628,3.64702223832106,8.52529729505148,1.80487942332464,0.806809388136114,0.000726855905058824,0.0326882662259516,0.154836861475491,13.3692427597506,42.9986909165187,12.0138074770461,1.99424354053738,0.0368894963782474,0.224909079804251,0.646416168617182,0.0135740761539371,1.11579370303812,0.445809251588718,0.349436085076645,0.148719540540315,0.139863912067865,0.59056345323604,0.100287132291366,0.0213867041616116,0.564061336888022,1.01935654505434,1.26672171433466,0.15524676965113,0.204462143729803,0.140589256432939,0.121705838694065,0.115354401220153,14.6208251800265,22.9623284603578,2.26534324910724,2.79089858786338,0.014184231264663,0.149960076871094,0.0359762383137389,0.118247134748242
14.007414857829,19.5452974306901,3.22727864877953,2.37044896183786,0.721078134737113,0.474780038708295,0.15250701435322,0.144836937412066,0.149536396540452,0.484370845772036,0.00540610966066398,0.168277312818276,0.131247739126451,0.389014084587899,0.368506278453929,0.674150541668848,4.49832456724054,53.978965750653,3.34104750331424,2.66211145241232,0.298271990471866,0.688167245089062,0.290376819967545,0.0783380674550315,29.8278906135568,1.49347699457417,6.00927250786288,1.73431490425995,0.177750720899676,0.314902305535517,0.0131279592776915,0.018858812112775,0.496121089032032,0.0665467278687654,0.288954329181298,0.810407639516456,0.535020857217051,0.523740313733841,0.587745545819273,0.227989645079363,13.6243246361805,5.24199381784899,8.85299955816394,1.8478757455014,1.10504622924568,0.000687610641004123,0.0175323483388024,0.134647836489851,15.1122040767569,44.4078829847594,11.8424850079489,2.21033138188116,0.0618331090614032,0.334136451477355,0.299546367427304,0.0132164135533107,0.987836941641225,0.200829352384129,0.735196792245092,0.579298163767442,0.203632793775068,0.23848836334329,0.111079547589916,0.0556224779472284,0.365001203916967,1.29249664017443,1.69473315373718,0.156609783040582,1.23965434534488,0.205452371957218,0.297548714232046,0.120715394860723,20.9722040032072,6.98105707024677,5.26717487804137,2.63190656435437,0.262910752887641,0.0456075761648208,0.0136981587902588,0.0527857991782692
17.5377339729803,16.7290424157964,3.56837183989991,3.28344964844966,1.489808981591,0.313814645009119,0.27262380784857,0.157809165602558,0.112815543740058,0.595218502072516,0.000581109381689942,0.425788761583506,0.260482611605998,0.0524402008350577,0.448467445782992,0.740225518424564,22.9161927870824,34.2793259094408,6.42164582738282,4.12543331576488,0.342105917220347,0.556200299072954,0.681266231699159,0.0568620482103251,31.6199270046174,1.23416601891583,5.32281143204581,1.37052191153737,0.322217076289812,0.494018275711475,0.0142998139841301,0.0503923688737539,0.490041108190281,0.189659266966205,0.229475582686934,0.446047598630245,0.178209719749011,1.36051434364129,0.467798473773719,0.286868225997138,3.08477679553507,5.6153897583078,12.5850489987574,0.669703026855294,1.27672623476233,0.00106274210214836,0.0208174940556773,0.114563244513827,8.89280098720524,33.8381754058685,11.795935114984,0.818536873363022,0.00414286934644767,0.348365876252024,0.249408601689037,0.0312142079046019,1.0041791328384,0.208915040462201,0.17957062942767,0.442056462384298,0.259670563718218,0.238388810158281,0.178767318251773,0.0200605301400104,0.580242793813834,0.938709865490532,2.20967577127351,0.0452578624241082,0.916130024442668,0.0601331857760042,0.04639779567651,0.217482738930388,17.3225026140799,14.3172683736272,1.1750388928694,0.780367624883771,0.427569047314634,0.107601678799817,0.00194252666520166,0.100809137187116
12.7458687583466,21.9975034934753,1.45095961334618,2.70702906152008,1.63448021948302,0.286126698128357,0.321785683687407,0.0403722836010784,0.206474431686217,0.530687742511419,0.00286454973531277,0.215325665634655,0.315214950497357,0.295479491673522,0.641179222867726,0.729019522597678,33.2480967458847,54.5942926204908,1.0852415825608,1.92447938884401,0.138257942714322,0.383532481198962,0.604493496916398,0.0663770083469235,38.5658806442966,3.31745698784661,0.979829862736271,1.99055993530839,0.14080442741195,0.498960692234464,0.0122510635173402,0.056845639715277,0.454533209740714,0.181364592739258,0.175310400507739,0.942035926228707,0.370275877652377,0.742835320732937,0.308213048507527,0.278082534903053,10.1837054735674,8.28061803457061,11.4156491372595,1.97622696655034,0.983120528658541,0.00130697215724977,0.0159460117163087,0.0955232325531451,19.8726074245262,31.1882486289911,11.0496346025693,1.93146268046155,0.0678568748920059,0.275161899843046,0.178593906551564,0.0212917837567754,0.758908932654701,0.16454207343474,0.509574273021422,0.344193905857529,0.204919890926421,0.276142986741657,0.0719500830011296,0.0359927930580914,0.674805793964476,1.20093642718735,2.02066899112274,0.0749129864262885,0.873953347653247,0.0223143626555032,0.0346386102470263,0.159906567582359,5.94945260164619,4.49734885388854,3.87979035218163,3.44199242999896,0.160517681388073,0.129996255709701,0.056010540984134,0.046662730519976
20.4393447257275,17.0110086318654,1.69370269036006,3.67201759238856,1.20836592812211,0.363449366737212,0.211245400474728,0.108561447251152,0.278319756570401,0.393027055405181,0.00478889023083621,0.407216397562345,0.256133646809611,0.435139959942495,0.76442521407399,0.70121409587214,31.7015961706785,30.8998208828142,1.21960318295741,2.47797757784999,0.246766781946885,0.351429078460149,0.512012267469446,0.0561462341690998,40.8817128089761,0.796751197179761,8.39599105962741,0.888808261126681,0.146259200381364,0.448997925251388,0.0165513031567058,0.0432273711466918,0.502480199260168,0.123737168402827,0.168962488137319,0.515179567108609,0.375377436853495,0.292584433987303,0.174839385496951,0.247810545850052,7.42059223500351,8.97094732740299,13.6000525122693,2.10653954749175,1.17214148036352,0.00120009090410808,0.0182099028365582,0.114647382723394,7.24688256722954,41.0998315805475,11.8190076235258,1.94837351507373,0.0599122857307983,0.184909442391628,0.258234599758045,0.00772199219295737,0.912968663240378,0.168677183214711,0.602892131507471,0.290678317479105,0.276359163702785,0.444622227033329,0.0620485159797923,0.0372541596936325,0.330676760557573,2.629346247214,1.34779548859721,0.111153135457223,0.774935341086326,0.242538531867247,0.10055116145169,0.0943089035667916,13.1589816826851,12.1776108449777,3.05733105599456,2.52271315030077,0.351137626768242,0.130229814669323,0.0356264627744784,0.0935532282972368
11.4083773649633,28.6314996655825,3.61649823025864,3.13511338690629,1.50894403692666,0.266408252831475,0.316552147989129,0.120913996513793,0.250819617798008,0.300150942214228,0.000969532268773752,0.528233599978955,0.275340709239111,0.376192547764534,0.517959777348722,0.631248795219151,27.9382481247657,36.4864681413825,3.950061016449,3.55045140257685,0.364120593152072,0.446128803825505,0.166721417928294,0.0240804206755518,25.7532812483723,3.00730422751315,4.49450600333599,1.80363531116378,0.140360729538347,0.20274748894908,0.0113646114422238,0.0644571406142937,0.450717778054085,0.0743666331654378,0.294017026191757,0.697805632609456,0.515606218186606,0.49915495437883,0.456767227018735,0.297111074316661,16.4113821317287,7.2940283749358,9.99184570498153,0.151381136302772,0.783756495077865,0.00210875717706292,0.0105272928155898,0.108815614269696,15.938740527683,32.33238455231,12.7601815565885,1.79282761014577,0.071846125742356,0.648210253767314,0.198261716789485,0.00802102345789167,0.716231642856199,0.379191964001201,0.342678376261522,0.143690943889164,0.273410695919559,0.45735080134488,0.0795594913853332,0.0499692779727277,0.661517229125986,0.991536085264572,2.29308185738796,0.167890902247105,0.46763540160781,0.141995720540879,0.161663207108101,0.141169205740262,22.2428757726339,16.0492304689858,2.63878273649859,1.83496121593988,0.27825236149057,0.0697394765022457,0.0337808233347647,0.128971085789635
11.4874321997251,16.4805147303954,1.47016914051631,4.50098384416413,0.93375867625132,0.286125131892714,0.223042343695203,0.146142059095424,0.282575151671655,0.518494528520816,0.000419830729409394,0.527784430539817,0.377767260895468,0.284863828836124,0.604730387487742,0.699845468292981,18.2889026025894,56.3581132362092,0.680871306295329,2.29461909795096,0.281969822877249,0.227240448069977,1.12322884089074,0.0799534351931288,33.2031228644137,4.93271960339692,1.97498111803465,1.24482668288982,0.0958055092663378,0.689102823333249,0.0280876910988555,0.0732316692769742,0.50667382076088,0.157180720288874,0.195374308503022,0.152300227279975,0.42050671950168,0.566890424008243,0.404967009515885,0.230941961920915,22.2438446168774,0.334786342055373,15.3891238822896,0.752333135737226,0.753402270266076,0.00115026428429501,0.0055016791827052,0.153112377767336,3.90550360903211,33.8970543012381,10.6031717745792,1.49255653496426,0.0274400606335876,0.450677634103158,0.526721072139203,0.0172654368231094,0.462938080990575,0.362118827627032,0.342055727682744,0.477537396047923,0.210164609508824,0.492210695097274,0.106975105369797,0.031700953759562,0.821118650685456,1.39327646488326,1.90887846790774,0.145229983831997,0.710244556691932,0.209376156870569,0.053512649684702,0.194384976658804,9.02219157357428,18.5609301241884,3.98276971230078,2.92141832966893,0.241233967764291,0.023389420383376,0.048227446618938,0.193277776988107
8.86346228978504,16.891310130835,3.02483024554985,4.88922474378653,1.77271587761085,0.592756361508761,0.351465342131995,0.0764926269486027,0.197649065392739,0.510098005644178,0.00658769898765927,0.609130806144325,0.239542929136679,0.385638164572461,0.618867763273975,0.608099506389456,22.0560528470687,42.4786326207034,2.95599037455009,3.22415418648617,0.333442250736594,0.220069746689307,0.486725080122375,0.0815222614588445,47.0494186759043,2.14752096280567,6.34433857553417,0.995717052292348,0.185140619701591,0.360552465867544,0.00785581263955409,0.103281122888567,0.45680345653809,0.15816191581846,0.396192758989983,0.399905803228838,0.3820889984939,0.638610903570731,0.456701814565413,0.385467132300008,13.5487061231505,7.54382636028111,12.0815691757891,1.12355720262608,0.916985631818087,0.00198529432470102,0.00914726623128782,0.107031499963501,4.81341745536876,28.4849348610971,5.51055294905183,2.31649943393958,0.08468711696006,0.561623764952136,0.263210651072052,0.0268503368990651,0.928792506068278,0.273426548074429,0.124445467322408,0.439770338649715,0.124069460435737,0.341662417663691,0.083266697911374,0.0296363947801707,0.4519872474183,1.34334338271322,1.42122845541666,0.0761985031844887,0.972199812987662,0.0247116607776953,0.111256284376087,0.148542654665443,20.5048978613288,16.9591403615282,3.49327152888406,1.3228254827701,0.378523376549967,0.109976884297516,0.0201644105366526,0.130210665234706
22.8389918513168,21.7490614983034,3.9715614670273,3.8870488810554,1.6621458871107,0.264296152151076,0.381614648610239,0.153439943550998,0.283711208601525,0.532530593603823,0.00101937461776172,0.495890309460041,0.386795150182438,0.316754981629173,0.498615063760651,0.736184177567235,24.0864879074037,30.3599033412993,4.47983188114097,2.60597536914512,0.202970431601453,0.198388454662078,0.518998204248113,0.0571664938039355,53.4030988755029,2.34929911354535,7.75225536075009,1.7301756402663,0.0617713695175602,0.623363573443718,0.00973096859186796,0.0741493747562586,0.179482549087707,0.124934946360737,0.278930894456087,0.453892146647038,0.276655786979766,0.473871040545699,0.513512233393858,0.15934425220003,9.42374206806063,7.79900285463356,8.30372332542317,1.1028702273021,1.59707732045105,0.00137989833273355,0.01711617652047,0.114755843162916,22.0818269511968,19.1851457309357,6.56676295949206,1.95945757109144,0.0580100855212961,0.305574831359707,0.202815577695946,0.0181187394363679,0.6921869000492,0.357328457971788,0.696032078340752,0.364808485432046,0.125588375592072,0.40508375329226,0.0900341724066261,0.0453496390519784,0.659745882633812,1.2576660095116,1.5076369922123,0.125805582131651,0.552192693812897,0.199345807379817,0.153425526252967,0.210007672639128,10.6687379120586,21.982775064885,6.43638910894457,2.50509028488673,0.113830549903774,0.145788529567962,0.0297358561060848,0.136635442903846
7.808516579128,7.75679899094767,1.87713925391021,4.29055078312924,1.59038089950131,0.55958674238534,0.130454632091949,0.0137230108790934,0.332618573754324,0.738979316107313,0.00414369536619556,0.576050625615045,0.460535238806149,0.176492979113143,0.797284818771689,0.697738787421808,7.52811562671366,57.297343843362,0.16236574075014,2.63128970773774,0.238402645491747,0.327208040409516,0.532671462225997,0.107351606010438,22.7055903690189,1.89931214618367,6.67847480207701,0.549338428725172,0.114171831338447,0.563891542418157,0.0157449290555777,0.0758531721999804,0.573536340313342,0.0944621174663773,0.114097129020333,0.450973809787453,0.357913918073741,0.631399986482274,0.472419603002769,0.284723089946672,32.1366978086848,10.4136498650524,10.3113773520916,1.01362820821882,1.34926493212449,0.00209035128319469,0.0221165289532915,0.0202172252137605,15.4076933199933,21.5578669676031,12.1769813797877,1.53560151422987,0.114439532187275,0.368116124943085,0.578712920932652,0.014089868370285,1.06511254298068,0.518125969637055,0.864707587918474,0.121969047864096,0.187730939778862,0.471187980717789,0.069825942930085,0.0602545216837708,0.222703351428952,0.957518178936687,0.914309186388705,0.108815297245802,0.696946782698126,0.201484473718559,0.104375771160088,0.203313909677658,26.8398351422922,22.6253006352442,2.7235905098262,1.32241344928509,0.13967524699876,0.0951644693395256,0.0488111410593361,0.0663879249831603
9.41890415813057,12.2168679677701,1.84745625785006,4.03944150009298,1.66782980845847,0.319211906252786,0.298883014704382,0.176558916960761,0.379821708113571,0.271613772031613,0.00335260373553971,0.277553960945475,0.302586920492709,0.266019331324316,0.645499741728054,0.620569154468597,23.0478757371827,44.3642902140892,2.64550295904346,3.03006097589742,0.344954425584175,0.21422952046334,0.708328671530065,0.0535333388239788,61.2138349775093,3.71086546496004,6.71719958214446,1.08877890084252,0.116859879909043,0.0159482965697588,0.0182395838168722,0.0745634503664441,0.79393413683112,0.0342006672189128,0.24475968955352,0.830294025628241,0.310134570795165,0.626338082734969,0.299178687288262,0.455163024994898,15.7076944167194,10.4664334322033,10.2532148223217,1.72456426176341,0.811031676043798,0.000271840035413719,0.0196836727855435,0.07536248802352,15.6312351855302,30.9363948935538,9.15216817496935,0.109036259033096,0.0989811124733251,0.0878350000956742,0.269198645453929,0.00319415443828828,0.384912710532582,0.282673885554615,0.465537264286223,0.343313222502707,0.252996977923659,0.483430571007782,0.102784366593063,0.0537896142693189,0.274291977637676,0.81978085351596,1.89248027179546,0.133132127556449,0.897801688893915,0.0545705044157355,0.0275511449521525,0.114112851939922,13.7919929161064,18.7729504627134,3.74513624650949,1.70793753663507,0.471556825306791,0.0384148558830217,0.0343641382963249,0.12282487465173
11.9911105508397,18.154982731672,0.409178053303178,5.49821361661279,2.32809570614207,0.102637227758751,0.154762020187321,0.120456210971307,0.140575209244936,0.765142052070977,0.00838989224624904,0.449858459810704,0.327076775292723,0.356587588355489,0.560016685881695,0.809428261827306,44.4298618233044,35.6524257241504,3.6175827784459,2.96769055272658,0.0663717907155709,0.367930252790604,0.307812962655857,0.0476705164631957,29.9852600299577,3.07993682559139,6.78889291967431,1.65580086806095,0.132733214712892,0.577473078520654,0.0196038774443297,0.0572638554296667,0.518614036300046,0.0609920422785754,0.178781442706781,0.568012119232638,0.478569927911162,0.625155468828045,0.365126735696923,0.144400747006905,6.55803863545955,2.15659818826302,12.1181974748353,1.23111096217582,1.19073660878896,0.0015530769976336,0.0190661733336628,0.0803963988691395,8.13049170643982,37.1167558031013,9.37380585719828,2.280498518171,0.0827349701255793,0.269396520033332,0.331744016042076,0.0100732158560605,1.03381506826762,0.167003069480761,0.032196456933473,0.09735230606175,0.298924310296008,0.304088668399363,0.0729559716860524,0.033946314072928,0.576975257220702,1.11112189287637,2.32834868321761,0.0604542788839586,0.428764457405939,0.041794653636636,0.198961209149466,0.116834043481166,19.5623338731271,21.3752700838083,2.8784615175327,1.68461921144403,0.196772186046025,0.0678946321723473,0.034437832750639,0.103721851893059
22.5843018926806,20.9470598707674,2.98331927545867,3.97491019226239,1.5865333099909,0.269913757152541,0.167441058007528,0.0877701670189272,0.350219411746905,0.221058139016767,0.00396072747336051,0.286051078430363,0.216028663198531,0.358985556120187,0.378995593309956,0.764989998181407,29.2947293639173,31.6311686807292,1.538373708467,3.1548325859483,0.49483530717746,0.412717689514465,0.325921078437029,0.0368279898612777,20.2954229007856,2.1538049795742,11.5920285558295,1.85631163535962,0.144321943345427,0.481362103615961,0.0147894158116176,0.0575295785224822,0.615463320194506,0.120684844047017,0.215449351041497,0.653246234688898,0.369761311352795,0.427286933837071,0.728057742034741,0.240775329100964,3.70654913211009,3.11010602565443,11.2681246257926,0.305125755232262,0.809103301264309,0.000790661504620046,0.0356051243368537,0.0634195175111204,20.0461712845511,40.9245717210784,9.90158841824362,2.50441351833568,0.0557152963714215,0.134452340602776,0.126794144195726,0.0108782569681037,0.610555789157987,0.278833961419634,0.426010532565598,0.410136905938069,0.239644651200736,0.571813977231389,0.031996510069312,0.0326531271041928,0.614305261797507,1.99243301531216,1.28081782704575,0.090047603073867,0.926994790792743,0.217588856636433,0.209742563227721,0.0432224994801677,20.6549374346211,20.1758595929019,3.17827060050518,0.980665518109424,0.430493765682441,0.194175237830189,0.0567287907798012,0.0443413553759939
16.4132578659931,13.6023433668546,2.56513917775018,4.35628794765155,1.50773344392803,0.336462947368365,0.194087643844333,0.199466407139147,0.378173001181791,0.336343157257675,0.00556506012036937,0.460213249425438,0.224692277519592,0.366245252373787,0.531790352290809,0.710657591232928,13.2494916279324,43.0818484610287,3.15326576016617,3.12684658095568,0.260449193992202,0.362979132594816,0.57625119527615,0.0798669460740687,28.2028065891422,2.51653457732853,7.33760162015815,0.687987284393165,0.115797165184144,0.940111488919698,0.0155238537910229,0.0405210051336602,0.256025530257457,0.287635568680645,0.236954864141203,0.475405485878721,0.314983389127454,0.617154666431814,0.468618100595199,0.234334668593277,7.4098802728813,7.91454623572702,13.810822766663,1.27556952247592,1.25187683244663,0.000647139610110139,0.0192432143668977,0.120772680553844,12.3329773970457,18.2109015417845,11.872271697926,0.999154245957196,0.0628687388286696,0.159467834024738,0.35198823814186,0.0183761162028222,1.16083909674336,0.285295154804926,0.409605319310062,0.458583384669648,0.140161345095422,0.389323707600332,0.0584306683968915,0.0508845982689564,0.314943961890339,2.13594899462877,1.19902863740981,0.0533631761959689,1.18323431991163,0.0897603079929107,0.201451354846919,0.153649095758268,16.6046466703597,7.66986444176991,5.36846596214839,1.93254215697633,0.542230601753413,0.151452155947658,0.0287981058048047,0.0578020542114055
13.6185511986433,19.808314520756,3.24663738005724,3.15504595037287,0.50956565644714,0.37998471444178,0.315500952283816,0.139322041579766,0.104627470420862,0.579017820060999,0.00428167836915969,0.384240377173875,0.329383857532046,0.278305429443784,0.404008215048616,0.628117695491915,18.9138954077176,33.246331589806,4.90317196017863,4.07417508525098,0.105738643598545,0.105335041856134,0.23633249468056,0.0811779975740414,34.7906496339151,2.8271192253306,4.90400701996903,1.98066858751594,0.123255131136299,0.652150013475578,0.0113253288875261,0.0612111158943095,0.483456016706481,0.116567701623629,0.28142743422182,0.758192519693426,0.609279202715945,0.607348670287073,0.658784847142435,0.314894476083627,14.7315880142594,5.21822804740058,10.4349199859512,1.13442388034451,0.387785206056006,0.00143672545665797,0.0207960266335545,0.147538064033713,1.28384098920472,39.3543624622689,7.91239504181121,1.44710350712117,0.0943029093913124,0.340313300127043,0.327849327172169,0.00893043710693636,0.695558953095772,0.506446203963067,0.42535897377806,0.227843842041528,0.133953161616735,0.41021061828446,0.0884248260075353,0.0783317296947347,0.293450180453837,1.01266319046826,2.08706271650826,0.137709558363529,0.770047897491762,0.197154615376305,0.181865982303361,0.136508170576558,10.9954148176725,25.2689528094949,3.08604194699113,2.08735180667105,0.27034009244193,0.155876897765594,0.012279024027737,0.0318636663955344
13.4206223583803,26.2911408309773,2.06064745855231,2.91049098607814,0.615683241389686,0.358130586819805,0.3455877626749,0.169407759064144,0.236835465854648,0.345536507775378,0.00498311846578043,0.105437941114434,0.485879948182556,0.242112989688262,0.870755735199019,0.678484146248861,35.7653744102513,33.9905923207515,3.32203977635024,1.88357940492427,0.353988745824433,0.509950839088469,0.311600323607868,0.0043361320756934,10.4229754834761,1.7436058526745,4.28274709839949,1.49007639224539,0.142806321551351,0.266472668943988,0.0178318646188404,0.0320287298468583,0.533626337071449,0.0696444741716397,0.349690945835331,0.827537373904734,0.663933555696243,0.477164369470593,0.105035956660289,0.391943134790931,8.16699709146784,9.67761402712545,9.34611342265855,0.997832411986314,1.6181079592756,0.00258677499074834,0.0162719882487789,0.0606004607294909,16.0452659182514,25.6993784931359,12.0905039050381,0.973593887847314,0.0727607189262539,0.347341437498228,0.179579891944186,0.00936195887290921,1.10869954648207,0.30562999442371,0.491586789336956,0.406782737092256,0.180421592421072,0.499242953901641,0.113063927841629,0.0336302523655486,0.376045738110034,2.87449297080556,1.27858428834908,0.087891288567087,0.0275259548111527,0.179815463519881,0.103313959250551,0.0497773544937907,18.2380730845081,12.2874501903652,5.9840706786888,4.02428758436997,0.349202409003596,0.0563903109914296,0.0486678865769589,0.136647542720467
11.3312568073922,1.93003298316784,2.9736811782499,5.02118082154461,1.57893017081262,0.383383737115124,0.348497462057145,0.16985107689269,0.104735597719479,0.594539010342519,0.00759655290493656,0.0935116907252838,0.213788011760277,0.412956287531326,0.634533242281884,0.742246129509426,11.7184245084128,37.6328649586239,1.49314551105696,4.19064249056503,0.167052005751051,0.667397296482342,0.744297677611429,0.0408556356854438,14.0750639377326,2.16197959978185,4.95833998409685,1.06442854619141,0.219104110880012,0.398590195559629,0.00552273251815109,0.0723590282005363,0.180286711947344,0.0543804142438125,0.0442212732390459,0.680722942791162,0.601868100573409,0.611927394618438,0.35330820833239,0.205686534169758,14.7690694409836,7.19993186863817,10.8559079453283,1.05901385700904,0.822788939772207,0.00132372180593464,0.0189253285066629,0.11616788282561,13.2724118646174,59.195780596145,5.52132683841437,1.27947985790507,0.0619850667429836,0.380201017472093,0.346533421380903,0.0330260787440093,0.85380575146754,0.142694351088366,0.64462595131885,0.6853202906883,0.201405109321985,0.161138640330393,0.108291242972104,0.0450740084321715,0.67225817365432,1.51920161787814,2.20025005520287,0.124169942500938,0.589651449351559,0.0654010856351856,0.0561560019922475,0.218847607224529,15.8310468203525,16.1123887637507,3.71246011076166,0.559097639686603,0.226000045198759,0.163279985252744,0.039907943647938,0.0969151380110114
7.59680942076334,22.7105643611862,2.58629361946307,6.06344188480495,1.5628974464508,0.555292828280703,0.296101261789176,0.151985246423756,0.121957681471409,0.708846452141574,0.0062968277209304,0.166412426112519,0.196232765303956,0.139827991855125,1.04830367202718,0.662772941075778,31.2725293159337,54.3742038623612,5.41962264548745,4.37694674188401,0.0904783866746043,0.416327693292536,0.301778781853754,0.0766968035188677,44.3888171747951,1.88166403155811,3.52587546524267,0.496757087829124,0.0917831571488574,0.278650818004683,0.0185783317797885,0.085913791564046,0.601330089790678,0.0793490037868355,0.208424439231403,0.676341114738431,0.270707642546409,0.728285582895714,0.131175988482834,0.253108296083745,2.69113064707795,1.44475391553949,3.96533792694263,1.30207134450993,0.996612742457235,0.00135547027916089,0.024097272013491,0.117455171304364,14.892803971233,50.4151903343986,3.2260281402133,0.950568567786159,0.0701844311463288,0.514270187567379,0.189479540804314,0.00705132796947628,1.01129990966547,0.375688592935143,0.654436398608182,0.47840307024482,0.270915531838758,0.48720193844167,0.0663577343585207,0.0754731372268817,0.462915501683051,1.60836219778279,2.08888398511304,0.161165541013868,1.24426405313554,0.201808313762069,0.125095385764727,0.131086558631629,13.9192558573543,19.1379523525815,4.94263396736785,3.67466702883719,0.3952898256924,0.0533320013518919,0.0202836830487358,0.0990207779103064
17.7396743852303,12.3284789917825,3.1312445717261,3.16358655871146,2.00987584499217,0.270919234295864,0.169472230639584,0.0478910771416935,0.273445012710293,0.624141932959478,0.00511335241910194,0.363477341749567,0.186795962105954,0.447174948123249,0.66592379468196,0.794726645663468,11.9643413465501,41.8426388790537,3.09760099540576,0.75667418394893,0.31556952149675,0.543140414823188,0.495870077289468,0.106789018604846,47.4807141774331,1.5430908979326,11.0245781359757,0.272089018250144,0.27206236176688,0.497163185454682,0.0163471822623862,0.0493025938959422,0.599673862188156,0.104072520889383,0.267735014686292,0.589877564166398,0.421857096596714,0.563235519834469,0.332283838628195,0.208093411661665,9.58917205704701,10.2790970505627,7.42474496189041,1.84219233957402,1.11424336208541,0.00158791784221641,0.0196058209962736,0.0724616773959005,18.050795827199,35.4659957664623,6.99079714907204,1.21770435828648,0.0942659325415259,0.401574272757566,0.3339114345294,0.0317412413994278,0.941945757150483,0.264206031982169,0.696230115403567,0.177288890111938,0.284562310858715,0.1227824094238,0.135362621257502,0.0508846716567348,0.257240095750224,0.745435435661101,1.09899427517994,0.130829772661474,0.822192010099852,0.0795034440416842,0.0783364414771005,0.16379945716179,14.7798776050408,21.3386723604806,4.56430482337948,2.32777864412149,0.123307068819185,0.185928629659638,0.0352634130728812,0.0811802460983971
14.0158901642204,22.0761392902557,1.93327567830742,2.13884403317524,1.98549763804592,0.391120463685887,0.354272062506777,0.121084393397573,0.185247046986105,0.394241093270595,0.00250003317481178,0.464331040454155,0.379082969092057,0.351579219369142,0.371434558499951,0.550446887888081,31.056688586821,54.2456368433735,6.23095428316137,2.28838282409597,0.396832566294236,0.311720273015134,0.0768690453289995,0.0719925739770813,32.2556034291825,2.02655164447293,0.219015351319195,0.836679714930296,0.208319842868775,0.27119966698511,0.0133031958519702,0.0533971488771968,0.518198813966088,0.0978041493683486,0.336336144530303,0.611424628778392,0.481738704624027,0.686809233456558,0.732917017505385,0.324045117147374,7.10209860850731,6.64938819587395,12.5608340080737,1.65451532167514,0.544555936699879,0.00100043094924486,0.0166790406700749,0.0435866502460433,14.242847953926,25.8371821927343,11.0058918636083,2.64784319265733,0.0450166434264623,0.497253051500989,0.368788534782313,0.0130524867651336,1.05079419988057,0.423635165613273,0.683268595037168,0.221845479440761,0.186465312599481,0.345602755042879,0.147809695115115,0.0501219729141363,0.541524188399861,0.566235904343877,1.3404344082196,0.115300426283494,0.527650609540287,0.14175386844778,0.0717704947627003,0.145399734032693,22.2830953864915,12.3408180707766,3.89925167060341,1.42218002285991,0.223608143829437,0.058461488219004,0.0381334826678845,0.0856404142354799
18.3457823400941,17.2886137690813,2.97489383136744,3.90803408457594,1.02124307621715,0.168441608043666,0.22787277620381,0.127056686199197,0.193733362251692,0.424989733183114,0.0015738102401535,0.547256090714163,0.318483234391916,0.154543337177283,0.656567467444243,0.751298031660121,21.2217199237458,39.6698569361807,5.16159419421918,4.33972357794404,0.330179638604447,0.324593852893842,0.42414736482412,0.0513913189043298,26.7702269552307,2.71680523372728,7.58654161492845,1.28812967922386,0.132997815449513,0.12042833031018,0.0112574680476967,0.0757446240335275,0.481393820676202,0.140154397022785,0.14498612967135,0.478034106276166,0.452336817049908,0.627173685103079,0.34572046462263,0.282076808943035,12.5574598152859,9.43271608925687,10.0380870446001,0.859226796342863,1.19756641880736,0.000875658946775207,0.0191119856166237,0.0443024501032387,3.29399815471715,26.6402700085474,10.6810322174635,2.75583469062378,0.0669726900895572,0.411465702611438,0.223228730251944,0.0113009479046619,1.40774484464204,0.414619971217389,0.524698307146284,0.180734321033774,0.261453980452279,0.352229576475932,0.09158859458806,0.0138693606466853,0.627728304395425,1.37258963067951,1.86975507046326,0.122638738273368,0.684595268479319,0.272882050650557,0.10328750821017,0.134540825669562,9.46060737535809,21.7179325235068,3.04677623025324,1.53059067540299,0.304917716050775,0.185817246660278,0.0634064666105634,0.102306689797979
22.7419049778847,24.3476704102823,2.74343681797342,3.32356566861451,0.881515021485361,0.368077942764652,0.271364550570778,0.123527495714551,0.288910196683076,0.553793049177506,0.00376311201896176,0.501840299556987,0.454238141409013,0.379499887090542,0.8338039755766,0.679490825039372,20.8003818372632,43.2042220686674,5.15726201041688,1.4888820830993,0.322039354377773,0.471120269276938,0.627846393331249,0.0789758859273201,22.6131925938037,1.73063774965556,6.27213910574827,1.77314675205445,0.169002287406166,0.255545482161711,0.00768317780213937,0.0850023569322676,0.643050102161398,0.092389843703542,0.140182839860588,0.525188840004234,0.326740406589533,0.464443591240898,0.296310450553133,0.272855330065192,12.3272264606919,5.77880208811215,11.6253311119622,1.14693867428986,0.598280965052459,0.00118262279380303,0.0153567419983184,0.0537337353513214,9.08309270108428,19.8307883669379,11.8577633177091,2.46574179367503,0.0767221190918877,0.50148589678716,0.284587198633699,0.00959571946555558,0.303227189807828,0.311783623072174,0.170517067546202,0.585382556682658,0.191209693445112,0.367290263276703,0.0477444952382893,0.0355128661168689,0.200301383725524,0.926685781949514,1.52203015150846,0.0768587618250549,0.341768386669383,0.150994220462612,0.139096746789586,0.182621108005366,6.37488251870378,16.3407925250194,3.38589082960907,1.76907471007837,0.423314472210461,0.0809001019259744,0.062492748346872,0.12120939937833
20.4393447257275,17.0110086318654,1.69370269036006,3.67201759238856,1.20836592812211,0.363449366737212,0.211245400474728,0.108561447251152,0.278319756570401,0.393027055405181,0.00478889023083621,0.407216397562345,0.256133646809611,0.435139959942495,0.76442521407399,0.70121409587214,31.7015961706785,30.8998208828142,1.21960318295741,2.47797757784999,0.246766781946885,0.351429078460149,0.512012267469446,0.0561462341690998,40.8817128089761,0.796751197179761,8.39599105962741,0.888808261126681,0.146259200381364,0.448997925251388,0.0165513031567058,0.0432273711466918,0.502480199260168,0.123737168402827,0.168962488137319,0.515179567108609,0.375377436853495,0.292584433987303,0.174839385496951,0.247810545850052,7.42059223500351,8.97094732740299,13.6000525122693,2.10653954749175,1.17214148036352,0.00120009090410808,0.0182099028365582,0.114647382723394,7.24688256722954,41.0998315805475,11.8190076235258,1.94837351507373,0.0599122857307983,0.184909442391628,0.258234599758045,0.00772199219295737,0.912968663240378,0.168677183214711,0.602892131507471,0.290678317479105,0.276359163702785,0.444622227033329,0.0620485159797923,0.0372541596936325,0.330676760557573,2.629346247214,1.34779548859721,0.111153135457223,0.774935341086326,0.242538531867247,0.10055116145169,0.0943089035667916,13.1589816826851,12.1776108449777,3.05733105599456,2.52271315030077,0.351137626768242,0.130229814669323,0.0356264627744784,0.0935532282972368
8.86346228978504,16.891310130835,3.02483024554985,4.88922474378653,1.77271587761085,0.592756361508761,0.351465342131995,0.0764926269486027,0.197649065392739,0.510098005644178,0.00658769898765927,0.609130806144325,0.239542929136679,0.385638164572461,0.618867763273975,0.608099506389456,22.0560528470687,42.4786326207034,2.95599037455009,3.22415418648617,0.333442250736594,0.220069746689307,0.486725080122375,0.0815222614588445,47.0494186759043,2.14752096280567,6.34433857553417,0.995717052292348,0.185140619701591,0.360552465867544,0.00785581263955409,0.103281122888567,0.45680345653809,0.15816191581846,0.396192758989983,0.399905803228838,0.3820889984939,0.638610903570731,0.456701814565413,0.385467132300008,13.5487061231505,7.54382636028111,12.0815691757891,1.12355720262608,0.916985631818087,0.00198529432470102,0.00914726623128782,0.107031499963501,4.81341745536876,28.4849348610971,5.51055294905183,2.31649943393958,0.08468711696006,0.561623764952136,0.263210651072052,0.0268503368990651,0.928792506068278,0.273426548074429,0.124445467322408,0.439770338649715,0.124069460435737,0.341662417663691,0.083266697911374,0.0296363947801707,0.4519872474183,1.34334338271322,1.42122845541666,0.0761985031844887,0.972199812987662,0.0247116607776953,0.111256284376087,0.148542654665443,20.5048978613288,16.9591403615282,3.49327152888406,1.3228254827701,0.378523376549967,0.109976884297516,0.0201644105366526,0.130210665234706
17.3533749236351,19.1210605968239,5.74044123814218,2.43506137242894,1.11471719409751,0.449829279163753,0.141982293146647,0.124409192954506,0.267887902838627,0.233406638144334,0.00256347261671771,0.398919185006781,0.186378797829033,0.405800861398124,0.815323076342191,0.711197854547862,16.1943118894148,39.844273434858,1.79876607743713,3.24887122089291,0.0195339616385304,0.678965986610659,0.518901498020843,0.0920364881310156,19.7686721345228,1.63928314610782,6.24701646871261,0.551503614139334,0.214559190495396,0.678450601514379,0.00132292052017223,0.0909803244035056,0.680211498602064,0.0876030666677602,0.0789232247930985,0.565069970697328,0.277083828650233,0.509746839435934,0.153510031847699,0.358750735744594,11.1717972467596,4.83875577744911,11.1163062175812,0.880217384291471,0.819937472408368,0.00182903446751846,0.0359206810560139,0.0546739558994874,13.6198949451341,34.7067987984407,7.50680167832178,2.97297288709791,0.0721185956536303,0.442158748945507,0.356586585343196,0.0121528297490423,0.420925265639727,0.288170646509601,0.468264980162311,0.428561999476253,0.275239963874853,0.264712893008505,0.073973885005691,0.0184091301145105,0.158580884421141,1.66342243152759,1.60736773241926,0.0831854077887514,0.751256366680751,0.104094586731325,0.025123304909725,0.040700554795519,14.0483338959774,23.1546919994391,5.1442977130248,0.610435148124826,0.0971166134558126,0.115921144879895,0.0239905225427127,0.047700967900866
14.955620995976,16.2209738206295,3.4420700963426,4.02536262397266,2.11439403398247,0.324353821637141,0.266873761922965,0.120647988900538,0.224789023230129,0.304431139882596,0.0054489983100361,0.329380246171803,0.0810099334756106,0.295075383137603,0.58085743945333,0.886463181310831,38.5521544983154,44.7274264250011,6.76785921447334,3.2488012440923,0.125202238934122,0.438830424951796,0.410919767849841,0.0192107240627218,48.6271710966826,2.94664621686803,8.27468957229869,2.02855174922427,0.137917185458982,0.778655254401379,0.00841388255464242,0.0595674617370451,0.551216998941068,0.155791978547289,0.324919231299602,0.848891922952948,0.285157268129373,0.853405030089948,0.325802448939376,0.00808611773102919,4.24815441057441,9.20912325694513,9.45998288205887,0.769067821370566,1.25949017498891,0.00097261194273947,0.0225412420767357,0.0753596572210851,13.3114570783882,24.0771219076728,5.17760067295833,1.61184724503476,0.0587990641485196,0.488202309082959,0.43100013865411,0.0309568311284467,0.653482112327376,0.429484119612671,0.520803885975155,0.0663401804431831,0.279524993358507,0.132252874053131,0.0934258805685807,0.0489598172088207,0.71127956608412,1.90148766913029,0.571712204655856,0.183672215656055,1.47203031630666,0.0916890673510442,0.0832577945442791,0.173007996205619,12.6428488568922,21.3584787316395,3.90331821596681,2.1425858931437,0.352882027319635,0.0278025584541054,0.0622651698461249,0.0786138759391364
21.8861248483005,25.3551240455544,2.91593275553068,3.04393907657753,1.36978624980672,0.182956782652784,0.148558483580668,0.148725843313025,0.245375026950189,0.48344198306319,0.00237615198625976,0.497378700204252,0.452341918761892,0.350464325581384,0.657633265424805,0.61825413151582,28.7882013718596,30.2470832196942,4.83332514210741,2.00564965798242,0.340630067931114,0.0511833656846422,0.634942018847325,0.0737566306446237,50.2906581936838,3.1541206596355,2.24829661514193,0.740597588226286,0.0640403007498747,0.267299727128215,0.00868867150177729,0.0585917936168076,0.515089417009168,0.0975273447794935,0.25819129632926,0.449496377507603,0.12823343447755,0.638221859328523,0.345665402784035,0.282384627848407,19.2669684293803,11.4945252538386,12.4068011839217,2.06081189010876,0.764442148835616,4.06299452675829e-05,0.0166610165416829,0.112370523110571,6.31476114948368,15.7723589734275,12.7160090117211,1.49554787254038,0.0771412679102979,0.486588303883459,0.399584580961419,0.00360528955779526,0.332543681374171,0.363318394465495,0.201959920385828,0.625343093288933,0.0806632376320126,0.358768487136623,0.0801836968223751,0.0140231125892829,0.742096161610246,2.01820928997374,1.49480172078246,0.12396087728885,1.15839495372556,0.239294387618312,0.0938842592791389,0.205164011474804,9.05393550576218,13.8325349335943,3.76821365702591,3.08601270868402,0.258554149645916,0.174188413717362,0.0586255508969956,0.0919403921937253
0.150966793610617,12.8289751435424,1.40671614305598,5.50052034846829,2.63262151058471,0.304361383848575,0.253772588627783,0.148123067949999,0.250179281681327,0.184996244221196,0.00559298286914961,0.407054934098337,0.23836697175542,0.537132147886185,0.583766987484642,0.634231560266284,17.9668079055965,45.7381999979928,8.18785581080709,3.07053912298659,0.149530180835868,0.343219558864707,0.390230501520335,0.0720654594207171,17.1934774056013,6.93630451867231,5.84778014307785,1.28399177931218,0.133145891069664,0.64665921180114,0.0150452329246586,0.0712379285631996,0.460467171553652,0.0812245956817394,0.400217298060248,0.577753949720104,0.335522007920243,0.347283991203771,0.374932061782603,0.400515677349754,28.0469352710981,11.5979486713224,6.15932094527901,1.91831240405726,1.07697585886741,0.00110467653896578,0.00822400820165792,0.0341345338029418,4.24639817642981,14.4983604353277,16.3507262786845,1.53588319261857,0.0951068321702028,0.280724696130996,0.420167490196851,0.0138157504603392,0.441753291653679,0.343693158133138,0.506959875027983,0.5081492784904,0.201812854457513,0.301005888539124,0.0636812738101996,0.0345166822460305,0.670438478858847,1.73622093616525,1.24891748848067,0.0907402244977243,1.38528604076905,0.169829761491982,0.117924293738246,0.0451661775765486,13.940536198131,1.89661698635389,3.06057572913139,1.4448418903723,0.157838258205848,0.179549996341206,0.0251460438803638,0.115899267837709
14.2348607487147,22.815883547976,3.26318010224208,3.91371601144414,0.418378473430852,0.247941123267442,0.178707497451998,0.140287643803748,0.355511212649716,0.270121982624396,0.00172158360500183,0.292449193873074,0.278599778420845,0.508477001434538,0.492735490137145,0.816528880413653,27.239358924176,42.2063617951956,2.66984386244099,2.33689742472408,0.254519892129795,0.630354321622435,0.410715742907246,0.0916951953917265,40.3638325351317,2.6462875318786,4.36201961999692,0.745045081395872,0.13045312770463,0.094631261084788,0.0183890335016768,0.00487888710746513,0.671202613572084,0.167085828960314,0.313107647991108,0.513880166199337,0.447284231457232,0.401075204735028,0.51324899363427,0.17435851816373,20.5974628225571,9.64967253437109,10.0403560156106,0.51062175008987,0.98195195830811,0.0021640629650352,0.00657697436380749,0.0529382567987835,4.68126605372088,21.3250261637447,10.8649047016738,2.52947506921525,0.108223889270728,0.385691852911689,0.350609433822286,0.0195798126053966,0.0380855336200638,0.32595980609815,0.434033903839389,0.439864135259768,0.24298653330279,0.159692069043133,0.104755852387109,0.0529300642521565,0.667568265783636,1.00344763609813,1.43488086193873,0.105226535336738,0.828799879027766,0.0878271418583532,0.148114007038861,0.133836308599214,5.8019951112357,21.1664582433087,2.4953345803578,3.21841864673754,0.274454288059967,0.136911564249678,0.0156778708247007,0.212333259860962
8.86346228978504,16.891310130835,3.02483024554985,4.88922474378653,1.77271587761085,0.592756361508761,0.351465342131995,0.0764926269486027,0.197649065392739,0.510098005644178,0.00658769898765927,0.609130806144325,0.239542929136679,0.385638164572461,0.618867763273975,0.608099506389456,22.0560528470687,42.4786326207034,2.95599037455009,3.22415418648617,0.333442250736594,0.220069746689307,0.486725080122375,0.0815222614588445,47.0494186759043,2.14752096280567,6.34433857553417,0.995717052292348,0.185140619701591,0.360552465867544,0.00785581263955409,0.103281122888567,0.45680345653809,0.15816191581846,0.396192758989983,0.399905803228838,0.3820889984939,0.638610903570731,0.456701814565413,0.385467132300008,13.5487061231505,7.54382636028111,12.0815691757891,1.12355720262608,0.916985631818087,0.00198529432470102,0.00914726623128782,0.107031499963501,4.81341745536876,28.4849348610971,5.51055294905183,2.31649943393958,0.08468711696006,0.561623764952136,0.263210651072052,0.0268503368990651,0.928792506068278,0.273426548074429,0.124445467322408,0.439770338649715,0.124069460435737,0.341662417663691,0.083266697911374,0.0296363947801707,0.4519872474183,1.34334338271322,1.42122845541666,0.0761985031844887,0.972199812987662,0.0247116607776953,0.111256284376087,0.148542654665443,20.5048978613288,16.9591403615282,3.49327152888406,1.3228254827701,0.378523376549967,0.109976884297516,0.0201644105366526,0.130210665234706
13.0827266476881,17.5757815958123,1.98075538191158,3.07097389417586,1.32792983593447,0.246947004558202,0.224542190985227,0.0973081937574868,0.214276638174932,0.333997949097198,0.00630903749790234,0.384900333137898,0.242181493552084,0.191490004650069,0.731040691878205,0.78145645685231,23.993312057754,36.2594896888488,3.53938366218112,2.9701239963331,0.289916251921021,0.26556094257689,0.489935751046955,0.0717900982858319,15.5544646456781,3.03895481621219,4.75895062994491,0.654007410949271,0.150629218070772,0.287443893327888,0.0172525784489054,0.0725942790700447,0.466320515546205,0.163241789832624,0.299116509785372,0.600955186254049,0.435259166444763,0.87591055277008,0.301164866373506,0.163416675910918,10.2502532692304,6.76941904899276,8.76705041285779,0.890437522433177,1.27092350106441,0.00147588764392478,0.0211083705738722,0.0773533434257724,21.3096229725267,33.9957000427524,5.70942886669457,2.35501389170938,0.0683936388288734,0.47451015589163,0.210445707346331,0.0282605615432055,0.593968146549308,0.446916774316019,0.557876585888324,0.350257860610198,0.353552419107069,0.194959015936189,0.118326363666949,0.0772386453024189,0.668938280088328,0.525727822643669,1.35883986909486,0.0872133560791559,0.749026876236686,0.115738838813004,0.118980057810144,0.0920558822917686,14.9388861833723,23.9744622529715,3.71670325961499,1.16074717804532,0.45475961422606,0.0960606833484164,0.063613833717361,0.0850705931744608
9.85067571234918,27.3370263552234,2.83540035727463,3.31578361560933,0.692163900883129,0.307732876357239,0.203426972289693,0.0648529629500573,0.179522765783257,0.184400413310413,0.00566115403174874,0.595994269862596,0.1521804550792,0.328420019278124,0.635080888808917,0.470080964170224,28.4524045944712,40.2352874984658,7.03530095784453,1.70874561910841,0.0604001286462763,0.464537610488416,0.102255473812468,0.102128643070508,29.4893561588688,2.48347966900254,3.46361838621682,1.82198230922025,0.0920809293567692,0.523488125691216,0.0148638851864176,0.0729667622088979,0.435388836824816,0.120745139867371,0.276312788525139,0.629879147759267,0.666408730568612,0.701519376944506,0.508789322335062,0.423458714556437,15.5691331738118,5.88630549528821,10.3144406721324,1.44806646942994,0.7289056199944,0.00267802931961871,0.00948153852548724,0.0895435842223732,11.9330353149414,21.7464227143706,15.3276804247414,0.885243298370738,0.0518189896286136,0.213687903805417,0.111876228316984,0.0087826301391748,0.645785859338951,0.346259766894574,0.451084041210766,0.138356966272637,0.167612769995377,0.438846976258987,0.10473934105879,0.0340821059048332,0.401727751197813,1.95557099149711,1.72091611790863,0.0950026094789745,0.894597881037169,0.111450368073359,0.140911895356035,0.160893158165122,14.2142495316883,18.6008220721037,1.02361542596802,2.74719831347442,0.368758644993649,0.176710901265016,0.0302753646153576,0.0413547984344749
8.98016956509492,22.7448827138227,1.69525529044261,4.4778275393392,1.76078094454794,0.353434044832448,0.233884965598457,0.0805425712519338,0.228930522013345,0.512846273702724,0.00273199087433705,0.146906544689674,0.405889237871564,0.409850472030005,0.478230260689015,0.639763856098823,22.2656529791052,40.2982490052981,3.07385571764288,3.16127375028468,0.355728117839611,0.767028879964902,0.590810542229439,0.0697305180406635,38.6918020028797,1.49669517343906,2.69405291331413,1.27519156611021,0.224524426718352,0.26668828273801,0.015578345404145,0.0800852136954761,0.616180965348447,0.100218504640134,0.27526169855298,0.689494768045437,0.694529673261994,0.531544873174743,0.539815435465232,0.418276584330157,21.0468980340006,8.63359250825923,10.8786087485736,2.03166346640029,0.885259405454556,0.00198550144336091,0.0216464299718002,0.0993910368358726,7.6768126148735,23.9941182094091,5.5743464588489,2.34333960775017,0.096904217970106,0.325344603847574,0.292643748171762,0.0157612470581022,0.397704027205417,0.266478108406286,0.379673135936976,0.382407875466399,0.340176026092117,0.260992326396972,0.0746564993788895,0.0562516526283229,0.411787976788462,0.75707890667467,1.03968659491739,0.161050858614648,0.113041088355186,0.0443157252435829,0.0579916043388487,0.168108090364161,5.33189230506958,20.6939068952643,0.223464014194843,2.99735130415202,0.38698663444236,0.102986237926784,0.0130812541473011,0.153221546847842
5.40876447501239,12.2235354019769,2.76096044592263,4.08266149306833,0.708745980331622,0.320191078395832,0.456135863332395,0.121580403731833,0.338294570264035,0.421881676589417,0.00471491026934511,0.450882053550076,0.476254200141371,0.328106274015774,0.624067249479977,0.79036338614812,25.3724074224402,38.0440695821137,5.23017193268994,2.26849456040672,0.136358277868382,0.454044662574111,0.254862246879091,0.0417979515727563,25.9399109657274,2.46215827356041,6.4664419674587,1.85037352161765,0.080362965178961,0.668556950110897,0.0106358845611991,0.090348411902197,0.322873393905002,0.133364324213553,0.200743458816865,0.455394696098302,0.381222362485514,0.685479127789005,0.384044865798243,0.146250500043515,8.35901125202828,5.90473374010385,15.777042780304,0.647438044645347,1.42505639664576,0.000641407498014,0.0223352083969656,0.0906828902366006,14.5964571462455,31.57842357189,6.87799694264977,1.68103672288517,0.131432942687724,0.4442061314408,0.146016976956356,0.0182082990582258,0.7907842352427,0.411768995805225,0.827561872297058,0.337807029715192,0.203413927251825,0.164654229026475,0.112899520047051,0.0193189582102533,0.0884376661489534,1.35594919209591,0.675554824140342,0.115140188862786,0.452691860326483,0.278873620990714,0.0325319189367531,0.139878451046828,23.9480329077786,34.1568840760077,1.8977789290307,1.40850001124305,0.226899300240908,0.100646178025356,0.0533547333583909,0.127830287064878
20.1564412280645,23.0132889135048,1.65906940539225,3.25784158697629,1.21688870283614,0.271910174617986,0.0725332295029081,0.183256843351282,0.264087661062968,0.357700335750903,0.00603242004909644,0.366207120773488,0.30627534879292,0.192844012255468,0.481614696630877,0.851166411368839,24.0370121314301,30.0204682611207,4.07850352840737,2.23480824014268,0.302723913080113,0.545499160353704,0.717896618657445,0.0550936928628909,19.7572142743631,2.86814230349598,8.51333038940106,1.65107537270607,0.253547502605212,0.428098595640219,0.0111342420718489,0.0784608064079868,0.628059851106395,0.0329679438746267,0.235363894635177,0.774992618856498,0.306439553812264,0.699977223612446,0.585511488983985,0.0585051695761874,14.353039881583,3.1109796420629,13.1902841006287,1.56423861674603,1.22301231261119,0.0013829783578763,0.0203528879006567,0.045434821990228,10.7082840839713,25.532892467585,9.99037854144058,1.95488690709682,0.0482122424999931,0.354787875400424,0.321000901096967,0.0168139671228055,0.748309737031808,0.297453955744413,0.538674105612222,0.32017776127532,0.251237392530776,0.392595678008449,0.144569602033465,0.0510288181042293,0.76378191166624,1.48796416522554,1.66343787550661,0.131326586080393,0.797986860109172,0.175125107691562,0.186727128027902,0.105423721626301,9.85152989676373,20.9508406004,5.19206985502399,1.96668910879284,0.337182974358227,0.0796394066641114,0.0569615697777302,0.0682172922837012
3.5319738176889,14.5948034772536,3.12947647407332,4.39765125699338,1.68412278162606,0.0340554096541952,0.151505804162918,0.10103505913379,0.154244583376848,0.342379762990058,0.00165033823403423,0.177608750354409,0.470088927959053,0.420234763349583,0.625707532420606,0.792513757115775,23.146478204085,51.4842576497135,6.46675950423321,2.10050587352824,0.349935157477481,0.341360302813985,0.849246979090857,0.0270891279963179,20.7765481309254,3.22037410024053,6.94021138336712,0.950166717378767,0.123982294176554,0.415724222086048,0.0115223591417853,0.0935489600538235,0.57973258137525,0.0408727973734558,0.194083041685954,0.651641020281692,0.36212849389529,0.517180301799204,0.453891532452028,0.10131258980371,20.3417659028169,10.7603645373775,6.53231359028387,1.52528225452809,1.15172691171319,0.00167679429503469,0.00537605212322367,0.11558310993284,18.1386597694677,26.8391339330217,13.0062094676377,0.821843334715674,0.061757937897559,0.546270171980487,0.435042019687147,0.0259159684893453,1.28051413241934,0.109915029957833,0.463023028489378,0.482701244091423,0.3310870728282,0.204081213220261,0.0903782373917133,0.0551279255616657,0.178894025646876,0.332403640044626,1.95660742703173,0.0964196552642052,0.315637308624419,0.154405653160547,0.105746386191325,0.187631492241887,8.61795377509523,17.3910918073133,3.63820718076393,2.9209624903561,0.356682159116313,0.0514151909205358,0.0470945065460908,0.0414097574102205
12.9923939041764,16.9836791588401,2.32889942038575,2.91034344876065,1.04669165642528,0.235580933091177,0.467974119838539,0.160054736193005,0.0963947585167803,0.203182639438318,0.0064494823795468,0.577112819541692,0.260993073902853,0.645176840179886,0.675319237452772,0.56290177794355,14.508693767463,43.2195706768467,6.35717960206251,1.32671464984075,0.327410424935628,0.616388707711024,0.371994670801116,0.0758837628077429,34.5608931592958,2.24721045078933,3.60493873926397,1.81699379846972,0.071426886670212,0.411985324299121,0.00606431322870637,0.0719855727828872,0.77516637497752,0.189396656069584,0.21198634489356,0.0380041632176136,0.462941311186573,0.388440624767908,0.418682432024943,0.383539849341934,13.1640075051416,7.52216586784009,9.52164041029729,1.36906822424417,1.1954163055331,0.000346225273832641,0.0202369566616813,0.0752915605177532,9.54900940625121,38.4995885817769,6.39338809662915,1.57831937511795,0.0646535348362277,0.693541050903563,0.268059114709712,0.0269262863069062,0.747863662600644,0.258048650022492,0.263479919682904,0.298828165657602,0.302474275755191,0.327021139705113,0.117943638953334,0.0669506417864518,0.754632170847155,2.22679953191219,2.28480882632956,0.114166583613621,1.06790875960697,0.165067708757204,0.114018100628342,0.10462292190072,16.5238260895322,24.3159531259136,6.23304694048842,2.86693275181154,0.390155842611676,0.16920887946479,0.0444453571130935,0.129140676084325
7.04553156750256,14.3849679587971,2.0915668937542,4.11880920076852,2.14109479624645,0.532816587494231,0.411961602460238,0.169518416167908,0.382303668422958,0.508447736156998,0.00681228867011163,0.515244078306561,0.450493856215976,0.378903084574766,0.484168824863778,0.670176282191488,10.0930968841884,38.556262597562,2.8920859838309,1.67453722066501,0.293253358886286,0.418116468475339,0.355031185561526,0.0915080966077039,12.8219443180801,4.59746123097932,6.18374867657254,1.81310739780134,0.125764824994052,0.306523743223143,0.00866337398534674,0.0694534980141494,0.575052673741964,0.0778510974727045,0.195887297746662,0.490424900969687,0.344049922903037,0.495576051591116,0.515750239524209,0.389355739247572,21.4736889820433,12.219092374615,9.9011244940001,0.525793267620384,0.312909873161812,0.0011656915026077,0.0135150104202148,0.0906227594556934,14.1106160943008,25.5985131117222,11.2164062070624,1.22578775406279,0.108893558183602,0.222127580311343,0.396686022250736,0.0224866774483148,0.55463455541192,0.134690606379786,0.274448971528084,0.468482669973017,0.325560196468294,0.423888681255763,0.112750708008362,0.0415189416088239,0.161446549540382,1.02647954573496,1.89613792166321,0.0275411626413137,0.376102298433563,0.0785897008266006,0.0848736278479535,0.0959922723793934,21.4651471798927,24.5925838343075,5.55794975412887,1.29529060373506,0.220029595928352,0.077640645766779,0.0403436293400577,0.168623158594498
15.3441407381623,25.4817969820199,2.82385600850286,3.61860908881203,1.47694254196428,0.427406443291608,0.375734519477084,0.0358587493642364,0.16287485770422,0.969700210780287,0.00413283557277081,0.288890716393685,0.221126099765266,0.399814792996141,0.615875988826966,0.751230051463025,17.3561339939525,31.1106147145534,2.91971223089004,3.6453639778365,0.182694178847834,0.596011460769845,0.624624853832968,0.0768857421535849,11.1613858736091,2.84130603329979,8.92799766997525,1.90691213615559,0.10654118155079,0.456974335443032,0.00992780604341522,0.0899223256959169,0.585380648452792,0.141064960112721,0.288873205696905,0.872773420983244,0.367782149507897,0.526384746552767,0.289369044448693,0.249492641567898,17.7655665773444,6.71259036513785,10.8746007195437,1.27750167611326,0.74089399248154,0.00201872309020304,0.0152658952479443,0.121224426561975,11.9236940551761,25.028200936773,0.544698461943455,2.08728311145882,0.0380553665587536,0.569041168206086,0.344917861880088,0.0257564641661806,0.209395441107919,0.483961632974041,0.49303064002902,0.232737583080022,0.390312009592401,0.326515272132262,0.125027650895402,0.0677743732798758,0.735029592736104,0.919792933408656,1.42642071641274,0.0457306273693999,0.850880939116962,0.201390643237685,0.062268640890013,0.0478277914129451,18.2672842283576,36.6761305454467,4.80905162478219,2.23409152544794,0.318562515490008,0.117366717733051,0.0666305314226282,0.122340793673021
8.25404225445744,15.3815925096573,1.76123167866712,2.4504888633467,1.64252252002615,0.293954590819189,0.237408209888478,0.167326716372111,0.129059342260635,0.247868468184928,0.00271541942990027,0.269400885268301,0.270142965724403,0.367027603483306,0.445011213316177,0.693535524239741,17.0362447238546,47.3369637326758,5.29123028587528,1.17518161019361,0.37263917931932,0.463194483651542,0.523136986212759,0.0156683658643908,42.1680705560517,4.24216329081621,4.41290359571964,1.99404051732046,0.187947794377136,0.191301378274168,0.00734050235797049,0.0691863799723621,0.746091328753727,0.196385982033209,0.303894933593838,0.871280975655465,0.230064456647544,0.55297000395186,0.718004066036475,0.238417692095865,16.7990129047554,5.9628947992282,10.5695169567815,1.90809498850328,0.758550402470371,0.00296545895993128,0.031128722929611,0.122825155627291,19.5098753295322,29.3032758201586,9.25398214945358,2.03012092765813,0.0813088976676851,0.222752073670739,0.303317111650785,0.014860533444084,0.685463150607803,0.328248863464743,0.166180291082354,0.230519129972614,0.206331259685819,0.50648788410998,0.0708478257989667,0.064704993884709,0.680681370869849,2.30747120041452,1.70475603724184,0.054076538615518,1.263680200769,0.169728848941514,0.0334366364722472,0.0918827725967055,13.8879564458515,20.4053807452961,5.06312266307411,2.29449437762739,0.285352738819424,0.115522206103621,0.0383407164782245,0.125031202149475
9.87783977364916,19.065802664846,2.05388685985227,2.93282233624228,2.48672357335936,0.422941501088174,0.276732829017236,0.14780978533633,0.216876653984925,0.314781234842863,0.00280425781362173,0.44308288438473,0.300009286538849,0.204204407548144,0.732007851157094,0.62626461553826,24.9226502830984,41.3541605690394,3.55759153435411,2.96418459178201,0.395679717465209,0.627069865233773,0.523923880913535,0.0851288385861067,19.5785952974594,2.40427635545591,3.0153473341554,1.91148980864747,0.145848119742361,0.3707075751549,0.010095630362488,0.0257082646652186,0.578480977588181,0.0617469345701126,0.180704631083525,0.59614901253714,0.394521481136665,0.776842107552645,0.176655103425586,0.320307594570632,15.3723727528079,3.43146966763397,12.9132596554969,1.00476787075966,0.949878240161748,0.000804685533854449,0.0232727370035702,0.0214000427662274,14.9932891837375,46.7249138759582,11.134647393304,2.35442402655081,0.0901027270262181,0.385875454867715,0.473636325221566,0.0188462308232548,0.313936053516289,0.223416714395276,0.391734709875862,0.364369414079287,0.237926124431644,0.132761267166136,0.104845854426469,0.0458692498090423,0.795323889377967,1.67011401210202,1.9929998861359,0.158627445891944,0.892451163730521,0.155854804422521,0.148470397253126,0.157737180185481,20.3316791166525,14.6032565316037,3.50671936981933,1.23629643610419,0.329266963338661,0.130775764490995,0.0309422055759067,0.12400237885708
17.5741190711944,3.82088171993196,0.957725229935868,3.20690253755858,2.00807956636365,0.389666959304105,0.0192193532913666,0.0988875599120516,0.232121167916445,0.296705297280813,0.00280807153611023,0.657156092644622,0.347823383720334,0.346930327259568,0.629943108090614,0.779886952824217,17.8752427634265,45.6482862542264,0.627274657258001,2.95827711601747,0.407878438051403,0.468416525850394,0.46298296333058,0.0507826169264844,38.0688269740813,1.42748042717713,5.82973854989503,2.4719773237525,0.134335342245482,0.458464406405398,0.00909889124596434,0.0819210093167678,0.364342923964,0.120476917243879,0.331777480262923,0.230914371385772,0.639395267623394,0.49636771682254,0.391877619278305,0.184298458646839,15.6594179284633,13.1660233282975,17.1120417727072,0.321643914698157,0.946852931958568,0.00127324987379289,0.00325405255700329,0.092824080264942,13.0492996714707,46.7552496685014,7.41692782692114,0.646936416684877,0.116721918212619,0.301848181341726,0.203076546193684,0.0180802388637174,0.482420640268458,0.291575785696058,0.579202790325566,0.311112232055414,0.237498786445844,0.37881458095661,0.0357851438859291,0.0126316166846966,0.414638632353807,1.46181685915323,1.21947733981685,0.136530616048229,0.15201951792279,0.212061307463374,0.14892721710229,0.0853308234780937,18.2938204859869,13.3927398255021,3.15844564963653,2.18868829710975,0.449737078674361,0.138498741427659,0.0219070076994436,0.162988478635872
11.7294953444212,16.4694959090534,4.88370600843346,5.42621319508504,1.54281426466572,0.391284286606942,0.188731279825282,0.20266087233885,0.142964420199584,0.412671265369928,0.00383231005048694,0.625337922536406,0.145770877069673,0.455572221244883,0.577397881642233,0.638121875583985,16.2940256285022,62.4566371513996,6.64546326614639,2.6565769195138,0.321234856575828,0.23005222935405,0.541948858572087,0.0641537716595057,45.8172820531024,0.940117157541692,7.29131072486374,1.58606131421963,0.187065360467429,0.579364020610487,0.0152640750407738,0.0500309858485026,0.308405095850009,0.128218986015271,0.295192387316808,0.472278410813683,0.381805453836841,0.522043415714673,0.396739570145847,0.351382448723163,10.5780988106194,1.7699874404977,10.1930927306044,0.528844089866176,1.00916858539075,0.00158257477021026,0.0152720186525506,0.109224016925129,10.2703301699966,38.010494108945,10.5417576296253,0.451975422449501,0.0485782772993762,0.176386558801596,0.220527881530816,0.0228292593013804,0.683213370573021,0.308227876465335,0.407034801451884,0.313928658337231,0.26857409283682,0.260439315594623,0.0276143908983835,0.0777025768475769,0.137998616985662,1.26335987674145,1.48898706285046,0.0911822874598882,0.914776997817398,0.139511924380282,0.161621159327315,0.209696847376672,14.2098731415197,9.67445920164048,1.58676198586455,2.2172230782039,0.318840440108982,0.129192277233605,0.000709195047799892,0.103469360729718
24.7159669789849,12.177554506044,2.35551932189459,2.50301992810989,0.323373510680283,0.28566048829059,0.384878840767348,0.159994091700069,0.105155833571827,0.235541037685097,0.00280781053422786,0.330108749990636,0.43502172338326,0.211713784070337,0.58968890930561,0.776674127299905,24.4916885689681,33.3200923743823,4.38564626313636,3.26025597454163,0.341740313485992,0.460447344392734,0.269393232429992,0.069148918865165,32.9386554881549,3.67547943447577,8.618972915328,0.764817429005064,0.0402970321607253,0.548769674594501,0.014620248676918,0.0232263316190974,0.608117627037525,0.0666616058494881,0.212213720197956,0.58798107536978,0.219295934637259,0.80085655808136,0.334631743628882,0.274935906442123,13.945544577144,7.36156205013732,14.4242023964516,0.882934007081251,0.820485939231451,0.00191670838865805,0.00908537563019165,0.152520309574346,10.9329335219915,35.1402434111524,6.84008160964072,2.85967972080252,0.0719623968933906,0.484813739408454,0.0593646806477318,0.0148289814846386,0.488776802984597,0.294825788535226,0.51011874390624,0.366945654915176,0.191768140495487,0.298076427774621,0.0391262650965433,0.0103955763447506,0.19655737027671,1.10724192988323,1.43980753965514,0.143356391995652,0.965760529782775,0.109586662993078,0.103626616742639,0.124725070869375,19.8720850777381,21.7126810486916,4.84152173542929,2.06550832540887,0.576328329650382,0.180366132777758,0.0489187529059108,0.0586838699388186
18.3528132336635,22.4976067419929,2.96386888617197,4.95642392850247,0.825296518398039,0.192419494762425,0.287098339941906,0.109143863771986,0.12491327990298,0.440439809283874,0.00713539042516406,0.357440563858412,0.374173416603016,0.197737962568741,0.505314638716366,0.72792043188762,20.900210223896,37.2843217463962,4.67414450346025,2.38792757384065,0.289724827247603,0.575456826444911,0.592229508613941,0.0984976464552165,38.4824732481167,2.42494381491046,7.11320164729931,1.78511053964939,0.211029296170623,0.442742936502296,0.0100493635838755,0.056984235462324,0.442164136361765,0.20520563164491,0.315971588516475,0.517798878627776,0.109558283140079,0.973969624311042,0.480312709830704,0.237213779219285,10.7660895101001,11.7852513579017,9.04741715890119,1.26038150696356,0.547491862654503,0.00154324084754538,0.00856007207356875,0.0561656987954317,12.9359795845474,22.3548137837898,7.8749338854416,2.02554518763569,0.0786219017636664,0.312248166900671,0.335144723017213,0.00175662752371782,0.624156028859933,0.230601159832879,0.38559312419659,0.540078942056189,0.228272347153785,0.227382997408901,0.0984208536135616,0.0384336118808626,0.570770376940474,1.01419517553969,0.946352150210875,0.0704787355505123,1.05705271876436,0.15830507612567,0.152786475881886,0.12069275957079,14.0792643782455,22.3878621557608,5.01250469434116,2.66982863878026,0.259772899329374,0.165736786490531,0.0281818390224342,0.0512252740011788
18.2592407715482,21.7843333140658,4.12197163989835,4.23445567762015,1.26200437487293,0.222441051974934,0.331733668518499,0.0528448514818649,0.195987426577827,0.234806415558168,0.00394505173775685,0.186400280433623,0.344888169318764,0.118270796615455,0.653556385994317,0.797156236215714,17.0105205691465,43.048950006067,5.9176640850695,3.93838270629884,0.240352027072529,0.314505021123743,0.252392603422535,0.053761651356874,35.4678449638863,3.36000287221689,4.89645191013001,1.87392276705659,0.101584313424878,0.33406734980089,0.0153557883782358,0.0900002249118743,0.615928329800496,0.113383211977925,0.025619721809892,0.828514735719634,0.298143061466748,0.759150988305524,0.299736495049808,0.276739529679602,16.9281089286945,3.95519569044855,11.8747740033097,0.331232524532143,1.04041863204145,0.000743776135142637,0.0239816090292285,0.100585584062103,10.2365997398053,24.4953708596138,6.04638059199009,1.47425175167628,0.108775591564047,0.19781671570253,0.295061221084525,0.0333284827362502,0.496096840722851,0.419084617162944,0.260067848061021,0.425011815996057,0.331694097768236,0.456711882684756,0.140796047238758,0.056414513402525,0.217926276869201,0.894819480323042,2.00862287449278,0.0903584571439911,0.645525075687285,0.152921573969094,0.063972912664204,0.126558830655416,20.8243246461251,14.5048555886446,1.58492100932133,1.99399181434072,0.247336000393251,0.141875764490905,0.0157370805336205,0.0821858473596657
25.5272499518747,17.7405320246119,2.80645182811082,3.55404113768574,0.975240966650489,0.241524500364134,0.191822941373372,0.112873597916297,0.368053695384179,0.663477771491796,0.00409888988613027,0.200308069436947,0.325431878745082,0.210945035635522,0.438324356933339,0.666357593544695,31.2382496703521,22.7950931298851,3.47609276954928,1.36313766637449,0.242892119243032,0.691254418636537,0.621433591690616,0.059022114331968,46.1376426087091,1.58665777038313,5.64558100984101,0.455706010579968,0.219773963490763,0.494477151424841,0.0059819759641676,0.0588135668244274,0.450184098954867,0.189355193529195,0.160611800754993,0.916530331420377,0.523706332786031,0.72431822608308,0.7102221839159,0.264838391610446,6.71246093469762,8.11521966390848,9.17467094550726,2.15271091194527,0.110474172750813,0.000418010612378765,0.0142607324214717,0.105209172402528,15.6172784091542,37.5729340225167,8.50197124454805,2.11960651151159,0.0668139459927981,0.59688695255225,0.419469070712855,0.0261176053327597,0.844082423720797,0.45013751315737,0.617209769176369,0.173584172376257,0.244612651253474,0.251335209142129,0.0229057861874251,0.0837445444038275,0.806739190525903,2.58898240441883,0.979917561970429,0.0717838132131884,0.504071582692677,0.124057162702579,0.173370853270003,0.162266271305879,20.2346152631016,23.2182187383529,3.02967106945572,1.52637549135485,0.146762188663771,0.120825473893655,0.0614700523890404,0.1315919875759
11.0028777538288,17.6975321976522,3.91576062016944,3.57859686982926,2.47272254568741,0.419102658149407,0.297646077726221,0.0977193288485553,0.355053457080905,0.231278925125543,0.00433195802975735,0.70170488672451,0.297032006565302,0.431882558832603,0.479547150715681,0.727967480910659,14.8362968734579,19.1652377730625,4.73338559365513,2.63940566205423,0.145478573410677,0.568219095000445,0.699105846123198,0.0591043598977083,16.8295412622817,1.39654553398046,5.79752766483713,0.892981490988986,0.174588282887586,0.284279434775993,0.0100480031197796,0.0774417456525186,0.227989073717864,0.0707519147404693,0.291760511841613,0.467082428321287,0.327511968669045,0.281598702411359,0.490907122947912,0.225580559105629,12.2108501074991,9.8594351955768,7.74218960306132,2.17946333750297,1.09684105600361,0.00142671181231578,0.0118352564161174,0.0900607178713252,14.7408533432865,31.1385927975863,9.86511406555779,1.4667597807498,0.099684353513795,0.61542229631374,0.349778249677723,0.0220242314371175,0.837733493873025,0.664563253133069,0.252175332716015,0.19089645015788,0.253028056607871,0.380374879149298,0.0851140064336185,0.0181445987955499,0.144308395824582,0.36013434074836,1.42537571839146,0.0343911146017452,0.928210127036671,0.239603536629553,0.120860800138923,0.157039547869647,18.2457103335474,21.5744470623121,1.11608011855802,2.8727139822892,0.0985464856224583,0.163205875095961,0.0604382044846003,0.167852814374027
9.85067571234918,27.3370263552234,2.83540035727463,3.31578361560933,0.692163900883129,0.307732876357239,0.203426972289693,0.0648529629500573,0.179522765783257,0.184400413310413,0.00566115403174874,0.595994269862596,0.1521804550792,0.328420019278124,0.635080888808917,0.470080964170224,28.4524045944712,40.2352874984658,7.03530095784453,1.70874561910841,0.0604001286462763,0.464537610488416,0.102255473812468,0.102128643070508,29.4893561588688,2.48347966900254,3.46361838621682,1.82198230922025,0.0920809293567692,0.523488125691216,0.0148638851864176,0.0729667622088979,0.435388836824816,0.120745139867371,0.276312788525139,0.629879147759267,0.666408730568612,0.701519376944506,0.508789322335062,0.423458714556437,15.5691331738118,5.88630549528821,10.3144406721324,1.44806646942994,0.7289056199944,0.00267802931961871,0.00948153852548724,0.0895435842223732,11.9330353149414,21.7464227143706,15.3276804247414,0.885243298370738,0.0518189896286136,0.213687903805417,0.111876228316984,0.0087826301391748,0.645785859338951,0.346259766894574,0.451084041210766,0.138356966272637,0.167612769995377,0.438846976258987,0.10473934105879,0.0340821059048332,0.401727751197813,1.95557099149711,1.72091611790863,0.0950026094789745,0.894597881037169,0.111450368073359,0.140911895356035,0.160893158165122,14.2142495316883,18.6008220721037,1.02361542596802,2.74719831347442,0.368758644993649,0.176710901265016,0.0302753646153576,0.0413547984344749
19.6412068581742,16.5247244139558,3.91812434346937,4.09272636448726,0.979928475243754,0.299531557062821,0.389242791567748,0.0726129817795991,0.207859890019509,0.556643638789457,0.00620004505611754,0.194092623202518,0.249318383231909,0.280021616331958,0.678720176402945,0.683895275333258,27.727675345064,31.6607785830781,3.59527157412727,2.71083240603357,0.367819322642753,0.377070607604392,0.740052439161928,0.0972631614635131,30.9743367445516,1.65994547615335,6.02703714465926,2.23975392404701,0.188786269818316,0.441426827195635,0.00919877257519506,0.0694447659189867,0.446837393865126,0.154005893014433,0.423808487434297,0.790566040213042,0.417639643622245,0.663378962301835,0.282076960202766,0.249254498370944,9.18995360274122,4.42660088049087,10.745274828908,0.878911499662145,0.752268560621962,0.00132950469204361,0.020959847658499,0.079731925174273,13.4374193231776,30.2187642366261,9.17780338972038,1.52509630920441,0.027874720920458,0.323426005428032,0.176568391195686,0.0234319756739517,0.474855593933961,0.163372757544159,0.500402751535959,0.322868570138951,0.222141866602331,0.443159224972389,0.0773654350933862,0.0460793058534935,0.726549205926844,0.903465514593514,1.44791860120566,0.0617429842050345,0.895720800378376,0.196880699665355,0.0750633081156799,0.130199032150433,9.23805211561942,18.6103732553736,3.44854727430369,2.07659160258923,0.303660076942221,0.090427329337036,0.0486290675460184,0.114759795491658
22.0817022101011,21.8853723750675,0.506155696442188,3.66556705615086,1.63016735310044,0.288287209592775,0.414344235059599,0.0542287378027259,0.165475366096225,0.119354130850743,0.00301109574552524,0.582694669190598,0.214162146217258,0.228298900462518,0.457667204167274,0.693446792577386,20.6051980590722,23.1533036288114,6.6551112561448,2.19200991192697,0.283510935181987,0.556431174382215,0.436370599676866,0.110719980144068,20.9463236141756,4.50316242776044,7.3287586673399,1.26861031180801,0.0583462452805746,0.361041319854865,0.0115138321759419,0.0440313686337302,0.351074216479915,0.202603916499475,0.44364883316458,0.662129457698673,0.331874739616053,0.736577147357326,0.581743053167927,0.475425434458563,18.037245368522,8.01151496679215,5.16238903898228,1.98156438831629,0.63847617239406,0.00196581885665527,0.00757043661057042,0.0709018497354414,8.40677648579079,28.7184953661988,17.2718210937111,0.935226613389272,0.0468739725396887,0.684107644472336,0.273855998637533,0.0294056957100029,0.820376956071349,0.237799624416111,0.23295206855362,0.322547078634377,0.266741803235217,0.370546824202092,0.0301095698499198,0.00648321685742421,0.511590680285604,2.07183755780874,1.31358207321806,0.0851931738043461,0.814260740693025,0.131724116322059,0.0879619837466404,0.0614950534087239,21.297345651902,17.6138353882588,2.21009291883066,3.03602270869243,0.182801422142169,0.188367852611658,0.0498423476177062,0.106523577325661
10.354556966598,9.91493103698858,2.36360986791629,3.18076648068526,1.69470248775898,0.373489209209564,0.382796771390115,0.0792586412524793,0.180123562621369,0.356008747025366,0.00302649275942332,0.373274664787006,0.312988065761406,0.249340916184454,0.547301322582568,0.818371095253825,16.125800125524,47.6987779831908,1.90405647561629,2.09407042357147,0.137986813327096,0.484362221307499,0.381148058001558,0.0723089464693307,32.2582879512955,4.24169275301342,4.74327927897101,2.05449934528523,0.136383316667107,0.458359359579737,0.0173290858841517,0.0186738842522943,0.379631641266056,0.0326010440971797,0.179911058369586,0.703620958180676,0.305880850187242,0.681204590370804,0.325094829197752,0.189794547225139,16.2018857582538,10.1335147265395,13.091264271811,1.53979367034376,1.45570483255761,0.00104375942328852,0.0158174582712513,0.0733495763095593,13.2600427422499,39.7165926032828,9.44802298347526,2.17343444163387,0.0966931407596442,0.420043118573208,0.356325291494157,0.0263328390321407,0.649640398344273,0.615782448041666,0.357116856569639,0.434232195436415,0.0502315259727888,0.258817354048138,0.128042406121503,0.0379859611421509,0.558826725772311,1.95569098375651,0.935267015555604,0.134214477276947,0.911681485900335,0.322067803246965,0.223257734000014,0.0505046279019239,11.4001773759625,4.10128482664144,2.17818615237362,1.30710648471554,0.149679192083317,0.196234560371552,0.0665405536180074,0.155912780213083
18.626613321242,15.6905712554217,4.36059297408479,3.04141281510903,1.62053682669203,0.327445453373576,0.030964779392354,0.11915471307905,0.160376227397454,0.475815238445619,0.00454051958203119,0.679260003270126,0.276732242993634,0.332678764129355,0.535792152060408,0.717703387345913,16.3517973856648,44.3707444710026,5.27269269074906,2.18383265439466,0.246533414757533,0.284022243973413,0.378730410468571,0.0651290324960952,33.4832507342812,1.67035063067933,3.11049971505959,1.70270514569764,0.0998890940536949,0.21180997351779,0.0101067667215983,0.0478919972794633,0.697418663151202,0.0889163220619897,0.354339022936113,0.456255966905226,0.360125162729913,0.527422730512704,0.577127717062409,0.255027178855408,16.6401806423299,11.7434678541268,13.1349234157393,0.4139535725303,0.685022617923792,0.00126146953176371,0.0219056405491871,0.0354271504863088,0.798216361114745,28.3268137554398,12.6198280385545,2.09762401716423,0.0274204797895749,0.103596531346694,0.580028158318117,0.035331516349117,0.629323808894534,0.41193931117454,0.33668057484782,0.187978134768686,0.264875948257141,0.405044451765414,0.133801045021855,0.0298039054343219,0.691026434577181,1.71514736936891,1.01983723972297,0.143209977789543,0.923240992476075,0.105198353063754,0.0645957305801941,0.0712124926072225,13.2733673653356,21.5871341252325,3.83226741296929,1.02363955827737,0.385538277271268,0.171488980283299,0.0677953039381216,0.110971785270194
9.47277586975649,14.662225076509,2.83957205353162,3.34496892557082,1.30120814379318,0.415078885158321,0.179397431188967,0.106494148007095,0.199185167827241,0.0866905654552195,0.00544742451977145,0.349439948470751,0.36545802043887,0.313526855394897,0.781888113288354,0.678696265940257,16.3605877922172,21.3992424206818,3.41122742288626,2.68709822717454,0.197752680134588,0.383684202708985,0.781482441525494,0.04228868353527,40.8520191718477,1.90065406155774,8.72743329241089,1.49683289579153,0.228048371905355,0.421045330285444,0.0176604319116912,0.0708350660603575,0.375251464776993,0.123197417856416,0.3228113933594,0.711820204831125,0.437887335935775,0.510235619896259,0.183976094691701,0.355555982382478,20.8612763200768,7.00784809661048,10.9669037324516,1.85027082976251,1.13002894657912,0.00204341800650031,0.0136442957307943,0.0538869439292946,6.73552047415139,29.4968513398266,6.08445982188041,2.4861472727352,0.0627876036013682,0.0480231708885246,0.352710423791466,0.0192155582404578,0.796537365979186,0.187064832394485,0.464019652028588,0.441860636616458,0.123901377475218,0.375975302673532,0.145700933965755,0.045709658035925,0.401020953426802,2.38957420522829,0.958968437296884,0.0801088597627934,0.7407090007934,0.181365300773678,0.116767071287423,0.191243558022681,12.9836356003714,20.0662271013747,5.10691375450126,1.42719345598823,0.224588012741125,0.155579390501415,0.0249412795345882,0.11785526790405
16.6609881816797,23.2679969742284,3.4976025390014,3.24174063647449,1.25682746709824,0.452062834079507,0.474354473057106,0.098580640541847,0.369924259771134,0.159243723740195,0.00434753564388261,0.484102042876585,0.168065862703234,0.2816164438572,0.837422836123936,0.719950862772884,4.85991446194076,31.4713583797588,3.03105531414797,1.94261580448745,0.259374567488088,0.467866884013589,0.0475745083341601,0.0701390946654831,26.1043502964101,2.96392616459475,4.34688408583221,0.42603799999628,0.163469227311362,0.389713261169721,0.0130034146526448,0.064129609387016,0.369561246920573,0.122298341532676,0.100875568690499,0.254623027138126,0.55143956617075,0.623732666544434,0.0930568610111642,0.326811954104802,22.4171732904762,11.2993059016342,11.1937885341752,0.709495853634428,0.290699196502846,4.45702353743251e-05,0.0284095318511212,0.0690879835717562,16.8282926846004,35.2743883346242,6.21145082029933,1.71228475238422,0.0788230181185528,0.394641048730539,0.346542445086089,0.0292289442278156,0.945087632067175,0.248164321863376,0.109574418677093,0.544831388894727,0.244373682012706,0.421573493688458,0.136646041559862,0.016656365381039,0.466589245589181,1.88174240443669,2.47130415953303,0.135828108502117,0.83113223858738,0.0491284518689184,0.102966967535038,0.0980388526564808,18.3910773479464,21.5111409358749,5.96525249415486,4.01798246828269,0.32502190636497,0.111473632053907,0.0291088624995568,0.129350811745358
13.2768722287287,23.155166769512,1.20986742667935,3.21000473403259,1.77177864354415,0.445528783317255,0.290085865970837,0.0692617660234597,0.295084113237909,0.545962789133466,0.00552758434182528,0.318902674824769,0.265564802039532,0.423508399210335,0.459906129544683,0.604517181101597,20.5036106528798,46.0936160024012,4.39042496164816,1.18971358968013,0.285528271638312,0.340684655084919,0.521410208130007,0.0706438133202159,26.1977323064896,5.49962155520898,3.93971438188864,1.99826396902584,0.103482522575182,0.200952538688969,0.0145128362332024,0.071831239082646,0.499319310998864,0.119472261249168,0.297575594991315,0.61620959262917,0.441501654791899,0.505702924238932,0.429772162024065,0.334950245231324,13.9510762845984,3.68719739730596,11.6507552192915,0.271833531991071,1.17464806396581,0.00150401091111551,0.0181813380205127,0.0738801814537291,17.0745183761686,29.0930872158003,12.918121727638,1.33592377835249,0.0614358238335757,0.227925540267899,0.192129472364117,0.0224707572067752,0.93263698153228,0.331908708229477,0.361986093528219,0.633998627836701,0.154524824356536,0.281883798935632,0.0292243103383354,0.0650030863015565,0.455559296463142,1.88981305214609,1.44086509535523,0.118573297079103,0.964117840732573,0.15192606708853,0.106039185839078,0.144330345477172,8.46055924957799,19.4281993828698,4.4860809160731,2.02281556074604,0.281321919105238,0.172391544471718,0.00862382569047374,0.203402529531267
21.0393737692843,24.2669279527116,3.48792939267602,1.72930784455326,2.3380986064562,0.364598158312252,0.405555610952375,0.130599005594297,0.300453290620697,0.402090809458575,0.00594561834785898,0.469170703673157,0.393685785221684,0.463157856336477,0.597478422942996,0.660861804719935,22.9477177437593,40.5442854605934,2.35782892698494,3.30554675843353,0.287934392081209,0.314654132831256,0.340373986791298,0.0585335449698391,19.866150816055,1.79000683964801,3.43139082637854,1.7926093346088,0.147498582706194,0.253153080646259,0.0176754406168898,0.0553389470467885,0.344211648333978,0.148151223417296,0.331032152834654,0.526385591510954,0.332382236480762,0.356739501445041,0.367108987597235,0.29684628627267,9.68677917597159,8.81604052582864,13.2512320354187,0.928508739043157,0.65710991536713,0.0012246810037642,0.0269535281026548,0.0541919676286624,23.3090349170152,34.4925538698385,8.80008351120756,1.71365582332415,0.0991578902051923,0.148606138782132,0.366457954104065,0.0176349004453866,0.77883190191656,0.490786202443293,0.31052653015175,0.193099564166951,0.186043249165719,0.314895685608659,0.0984889721442191,0.0544487954085754,0.720802731792595,2.24135894842688,2.09775778460623,0.0735221110275205,0.826014288179292,0.175760163651211,0.178378221979942,0.117905332610803,8.93293418386349,11.2708757022794,1.74864433638724,2.16104381331458,0.215670363857425,0.088483887344113,0.0365015842352987,0.0817641467079907
11.4874321997251,16.4805147303954,1.47016914051631,4.50098384416413,0.93375867625132,0.286125131892714,0.223042343695203,0.146142059095424,0.282575151671655,0.518494528520816,0.000419830729409394,0.527784430539817,0.377767260895468,0.284863828836124,0.604730387487742,0.699845468292981,18.2889026025894,56.3581132362092,0.680871306295329,2.29461909795096,0.281969822877249,0.227240448069977,1.12322884089074,0.0799534351931288,33.2031228644137,4.93271960339692,1.97498111803465,1.24482668288982,0.0958055092663378,0.689102823333249,0.0280876910988555,0.0732316692769742,0.50667382076088,0.157180720288874,0.195374308503022,0.152300227279975,0.42050671950168,0.566890424008243,0.404967009515885,0.230941961920915,22.2438446168774,0.334786342055373,15.3891238822896,0.752333135737226,0.753402270266076,0.00115026428429501,0.0055016791827052,0.153112377767336,3.90550360903211,33.8970543012381,10.6031717745792,1.49255653496426,0.0274400606335876,0.450677634103158,0.526721072139203,0.0172654368231094,0.462938080990575,0.362118827627032,0.342055727682744,0.477537396047923,0.210164609508824,0.492210695097274,0.106975105369797,0.031700953759562,0.821118650685456,1.39327646488326,1.90887846790774,0.145229983831997,0.710244556691932,0.209376156870569,0.053512649684702,0.194384976658804,9.02219157357428,18.5609301241884,3.98276971230078,2.92141832966893,0.241233967764291,0.023389420383376,0.048227446618938,0.193277776988107
9.80129744279609,12.4237311525681,1.76730490869128,6.27432793814378,1.41320176987155,0.406468313107527,0.0274066130042443,0.094943812113279,0.285191839884675,0.278238213785287,0.00667454320462567,0.634295860565283,0.154235553759027,0.448354499892868,0.64896738893156,0.668370018414758,33.3947729479789,38.4983916041578,0.144028834320009,3.46466221173697,0.282633122684322,0.317416361836944,0.385643490800457,0.122541604646614,24.123508369126,4.42734876821011,8.9014013978472,1.94359356648285,0.133439770731193,0.584165223630454,0.0204998478818013,0.0645720794018155,0.247829967989919,0.0847760543347242,0.270309182753706,0.55582977612345,0.525509001465962,0.493906346765493,0.36171454584748,0.307876197734034,18.2891753646146,2.72933722535095,10.3988284374596,1.35650957402899,0.238678428622291,0.000989989440188502,0.0220058402866965,0.115723898966636,14.64598015679,31.9921588824976,9.25170683226592,0.482158837908204,0.0693172125397219,0.39672481097418,0.333943551118822,0.0151793031218408,0.422143792304223,0.227148579508354,0.551690741902706,0.180463042568594,0.313302964364671,0.342571063078965,0.0290311558578232,0.0465286823032597,0.374837325741383,1.1248340217764,1.51850648701446,0.0508206589584196,0.795162864468723,0.171796895939772,0.23173640778303,0.0725697535392751,0.908749838198354,34.2275141045544,5.86566945178353,1.95287762258858,0.335050865360538,0.183744476258185,0.0365840276467282,0.00834674597204804
14.955620995976,16.2209738206295,3.4420700963426,4.02536262397266,2.11439403398247,0.324353821637141,0.266873761922965,0.120647988900538,0.224789023230129,0.304431139882596,0.0054489983100361,0.329380246171803,0.0810099334756106,0.295075383137603,0.58085743945333,0.886463181310831,38.5521544983154,44.7274264250011,6.76785921447334,3.2488012440923,0.125202238934122,0.438830424951796,0.410919767849841,0.0192107240627218,48.6271710966826,2.94664621686803,8.27468957229869,2.02855174922427,0.137917185458982,0.778655254401379,0.00841388255464242,0.0595674617370451,0.551216998941068,0.155791978547289,0.324919231299602,0.848891922952948,0.285157268129373,0.853405030089948,0.325802448939376,0.00808611773102919,4.24815441057441,9.20912325694513,9.45998288205887,0.769067821370566,1.25949017498891,0.00097261194273947,0.0225412420767357,0.0753596572210851,13.3114570783882,24.0771219076728,5.17760067295833,1.61184724503476,0.0587990641485196,0.488202309082959,0.43100013865411,0.0309568311284467,0.653482112327376,0.429484119612671,0.520803885975155,0.0663401804431831,0.279524993358507,0.132252874053131,0.0934258805685807,0.0489598172088207,0.71127956608412,1.90148766913029,0.571712204655856,0.183672215656055,1.47203031630666,0.0916890673510442,0.0832577945442791,0.173007996205619,12.6428488568922,21.3584787316395,3.90331821596681,2.1425858931437,0.352882027319635,0.0278025584541054,0.0622651698461249,0.0786138759391364
8.65706679740459,27.1280802925083,2.79314710381632,2.2437698535312,1.16907119068127,0.439418250475467,0.307877106016534,0.100548050279665,0.225887066287662,0.624018488080689,0.00311222289601174,0.517577705852019,0.31824078852911,0.240537021510407,0.715223129944347,0.671616261756808,27.7447245961739,35.0982289888861,2.86061310320536,2.2484564117542,0.281013563543455,0.347287457877788,0.625198720816954,0.124801608603696,13.5832657885125,2.28319606539671,5.60920156253475,1.82657143196925,0.172705066326506,0.213361902779128,0.0099925863035647,0.0649590421485492,0.381540948374169,0.245920063208829,0.236024377168588,0.564107606304238,0.507224709316681,0.611182687253506,0.347314326107421,0.333686274508366,17.7047372784671,3.54665651832027,11.0202455708225,1.18799269284283,0.71668899445517,0.00187660463594108,0.0194337258090009,0.112269200065561,22.9584385718999,26.130665390716,13.5820155742095,1.53658460122109,0.0825958388458704,0.303157104647145,0.29987515715992,0.0320859226317035,0.444354327471031,0.17808244124034,0.407857767802251,0.242108181887577,0.116086516550847,0.457694833435496,0.112526151431634,0.0345346944746291,0.4113735159472,0.568863006365003,2.06471292350804,0.0903927596265944,0.49091022968045,0.00841783944595739,0.0462165265647306,0.229480909063936,14.0134714727946,32.333795888917,4.92409791634842,1.59227721014034,0.236418159087902,0.0989632138220141,0.0469573431633062,0.0872909619157435
27.5103547084109,17.4089665253587,2.65296572565959,1.57511285282497,2.42062213298336,0.345752914739226,0.305425242363491,0.147106507592039,0.288855188607037,0.312418705702038,0.00398993397262562,0.468626959550262,0.158416906818315,0.439207440845454,0.505186424882398,0.637969922867896,23.3467078238846,45.9752405581668,4.97901915174174,2.79343400414097,0.341187236960625,0.172874717771173,0.227041245169546,0.114237143877237,56.4608588697096,2.14726304096937,5.70332027342071,0.784269237150339,0.165485942218127,0.101128438934468,0.0104412357515825,0.0641788525568107,0.169083016203626,0.00418055981084466,0.307533766893294,0.787292955063595,0.57132998481531,0.543919131883627,0.649408661650195,0.405700291812679,16.9727441615018,7.44712769695115,14.1163928975757,0.839846422772402,1.17194528477251,0.00117019127874066,0.0294078695063828,0.0673251656085508,9.04254545905287,22.535466441992,8.59036813929623,2.15902179486534,0.00929996896430922,0.517339572855473,0.468328763711831,0.0163779868078286,0.89663720004421,0.177774216715567,0.0381854846347895,0.114134150257899,0.087714243481949,0.431194269840514,0.0599425834125463,0.0336343491901846,0.703667186505092,0.88629366540296,1.34064519745636,0.083926964409043,0.91617619780842,0.0228957293251872,0.0901502077341138,0.155447387623322,10.0500869130218,14.9675806930061,2.99066114836775,1.42178085282136,0.378054762865682,0.23159321133582,0.0501612729970275,0.0988972127643145
9.82375752632265,16.1111014776861,3.74181993739677,3.45282452245344,0.897219947085165,0.397889376607408,0.264640342937015,0.126765642942195,0.226704294263394,0.38864651963816,0.00337768894623788,0.358214584801506,0.137007539962404,0.410772520335373,0.52804462568078,0.723001875393094,19.9042994822461,39.5463705134803,6.19922686086429,3.98040162263941,0.459644860765846,0.263427694023631,0.458734175452726,0.0662026542970715,23.747147791118,2.89270922632528,2.84691267233794,2.54478706235256,0.138303649891058,0.58230770670712,0.010187107388701,0.0521743381330877,0.447727475053326,0.125716169872703,0.303788261326789,0.628072268296303,0.555894825694526,0.593929797592609,0.486850067323211,0.318044899376657,21.3165715757886,9.11019035497527,10.0810694598661,1.69410950140106,1.20741414814388,0.00107270373404289,0.0145533610796002,0.03937128924844,11.909814189875,40.7265208161163,7.76982878597079,2.85086050578837,0.0385519491798553,0.348661563317103,0.323935613152056,0.0119312286409878,0.746208066408696,0.342422765508819,0.374824296426146,0.176601373818543,0.143236221920091,0.248310656902007,0.111360434099259,0.0443218845454213,0.473863517421844,1.19813803232054,1.97136992860853,0.143168373123809,0.855235909919289,0.221973748621075,0.137767416530098,0.158043149552302,19.0025729311321,8.73576688727457,3.01993684568529,2.07712408512692,0.51229016402615,0.141076992239931,0.0481693911012916,0.132086666270133
13.6274102905967,26.8439908054538,2.33808496519683,4.19249587490338,0.946796903072709,0.153462437248148,0.259620897503648,0.160504664932272,0.197514296128867,0.250080520193478,0.00175172970358804,0.282788308131738,0.41836897156375,0.488700004367327,0.46696469600925,0.64352001785396,20.7569184404218,39.8430326899761,5.63021394489165,2.59261813331963,0.249553276688878,0.312797377878038,0.325386698119333,0.052311077074054,47.4507924082316,1.14731680908549,6.40052237181574,1.36019269956135,0.0885763320374953,0.217331052337052,0.0132826952819475,0.107671037124506,0.609154730121772,0.110465388623272,0.0920243773314896,0.325321485975101,0.210567994025753,0.557806741447849,0.361687810980898,0.405505183698864,21.3005995926085,9.74268767745782,14.3042993085967,0.791042838762451,0.584597913700013,0.00174897139854557,0.0304914740325537,0.0647669063421767,8.41203821626845,27.0945241343175,11.5266949032994,1.38587341768099,0.0965997268215956,0.595013473089926,0.25514113983133,0.0118931187991841,0.929783479894649,0.356519898832708,0.33081892976466,0.795170256100867,0.241796993522295,0.215332454875608,0.0652586779563571,0.0332076671968142,0.656022529753813,0.955938521577521,2.05272981457264,0.110307442033854,1.01596641185722,0.169105615125802,0.0856386787726922,0.251679535156326,7.78913054996438,25.6727010941413,2.21467223663715,1.75099361446925,0.205374876228333,0.0404854669830069,0.0503001426457126,0.181882033769987
6.44067535566828,3.4215340529126,3.79056325184158,3.22709604892977,1.15990515709425,0.255851421851415,0.164889667105561,0.079364943342446,0.193340586869886,0.398618633451934,0.00321755014281436,0.257252926339552,0.296745951728676,0.401077090176136,0.622952952002279,0.692117347101304,22.7185108983993,36.4143391158415,3.88167568666222,3.29862626696047,0.405281799975386,0.372685272783097,0.450269433979218,0.0606712909214537,44.0309335149437,1.26310210818074,5.17577446117235,1.47858867210741,0.126800801817845,0.357061132182119,0.00907274793353869,0.0241211176731589,0.544557256363488,0.139318093623048,0.322397705280177,0.606918663506534,0.521773139359123,0.654633189405629,0.269525048865689,0.270102241976116,15.067272150581,6.3415285500766,10.0197217576879,0.949574355743026,1.42916900153536,0.00225235352590765,0.00682785227995501,0.0803756308570662,16.5667888784354,35.4625641520926,10.5197404858122,3.00393441308297,0.0727863082140407,0.26296751689839,0.29782456641963,0.0304942933923774,0.924886479108525,0.359589707850601,0.503734562141315,0.479412727373261,0.196890460660184,0.344249279871318,0.0973206009002277,0.0715073295653361,0.286404499739499,0.308242159772743,1.3540949055585,0.272156060797125,0.5636291399377,0.0288982930133892,0.21126346592627,0.116115989591886,16.2806338153032,1.93416015811484,4.47978842732051,1.71270837814272,0.167300394138474,0.220631224742687,0.0275404194936067,0.111053861611016
15.5964137210823,9.23908041886471,2.22714347468022,3.76260760178297,1.85255668682667,0.331267665720218,0.300592866384407,0.11438003252604,0.345439639057127,0.27012200505786,0.00466996565817326,0.295787393087317,0.400841773135301,0.31279553772626,0.494029489866998,0.858035444901412,19.6806649883125,48.1758939713754,1.85696320944404,1.44500591894569,0.178876733284042,0.280942799062222,0.452996115022253,0.0288335103705847,30.2572451227412,1.2001675821414,2.96485218318724,0.762330781058173,0.221920386353322,0.165600460245472,0.00728459896077295,0.0612735280062475,0.592892441845379,0.152714019886997,0.164392263133715,0.717054200235527,0.377750902915683,0.612500804089888,0.519409896912437,0.18780218783747,17.5367165063151,4.93320468654364,14.1618797744581,1.79770498129304,1.05023044294925,0.00139274140385458,0.021747806153061,0.130177454535691,11.142751479928,34.858180902479,13.5688608541712,1.09198974740024,0.0320002332074701,0.550204455925031,0.296559934120442,0.035278937215671,0.680919837966082,0.501118865515959,0.192083513541695,0.252667466499018,0.237382467853919,0.329195272864619,0.0812799052862061,0.0541560728968401,0.336848079468317,1.20230584066407,2.24640317261397,0.0973987629987202,0.670097529779404,0.160739418328057,0.0837340377004844,0.0315739218521045,19.9465780868165,12.4153828256038,5.51292596107658,1.65780303366488,0.21279564369955,0.153031683465092,0.0403985214018432,0.154625109755714
12.2356837737472,13.9577929240535,2.12433108265903,4.84911018854416,1.31505758019114,0.438573168678409,0.218779191894904,0.0683676772594214,0.254181498199918,0.415358171973117,0.00634648336440547,0.581530729832395,0.260539266318229,0.298376529976943,0.487551300385242,0.696821915341806,19.6464240517878,45.7916658586714,5.27695051453175,0.803552636544572,0.488275833533023,0.271097485722863,0.532926507008825,0.074901249208935,20.7789526729633,4.49034239447864,6.44091209588754,2.07480684151738,0.141641652824699,0.914976019393617,0.00787867672478352,0.0858299825614886,0.388946796211357,0.128616662367181,0.321710314253486,0.383685903041705,0.39290767468806,0.744764114158177,0.539353400593478,0.224853618341881,7.44640945449759,3.63180353643335,12.4455829871319,1.47312776534079,0.425477657435447,0.000748380789693618,0.00663701959945796,0.135102383813642,23.5311176515154,41.7875713741245,7.70892905373546,1.73750287183648,0.0389231798801547,0.342015180335437,0.308592241744927,0.0325483412658563,0.646438320052296,0.256132027308285,0.406872888267597,0.509560789601604,0.190380411804542,0.331554994884758,0.0956925708266801,0.058045555339329,0.481939899948052,1.40822792313209,1.55202819295009,0.0972254596574245,1.1354988208328,0.119366367305851,0.195101314025449,0.128845709158673,19.04620191616,13.7262319052443,3.95285329396748,2.13745848758647,0.110275833369445,0.0828154672484951,0.0268202596868375,0.0920695187489349
18.9816106988479,24.9334931999719,3.54702195470249,3.5844886814586,1.42278961796425,0.549064624783593,0.301336061787185,0.0928815384106988,0.335159441024393,0.454668792531712,0.00226904485261414,0.2183231456413,0.10869150325472,0.371030522128754,0.365162608686127,0.794826384952525,20.5139553494724,36.4691547073768,6.44088806816715,1.9427673582646,0.171391790991782,0.530112236638945,0.358930210025071,0.0229193341135771,32.4366252091575,2.35534265430656,2.36416948502422,2.16515768371465,0.153644166717595,0.470450546844296,0.013396154574529,0.0473498648238115,0.311560536254331,0.0391739542174044,0.226045135010729,0.941669907007178,0.71932674843971,0.580195161593829,0.728413553155273,0.130293110218902,25.0517278866042,6.59202662831538,9.1166521012109,1.42020177789667,0.886059010625859,0.00222262652112313,0.0238604764011735,0.094971675871803,16.1838710690739,32.3912273261704,7.57621040056942,0.986049520183025,0.0773872569054741,0.555074581266901,0.387667438464186,0.0212111552329178,0.655786922468299,0.461616920553616,0.378139062362331,0.0268260167002583,0.204089393224826,0.3448054810522,0.079737617188418,0.0556088987492248,0.516757475728809,2.01216956082399,1.14582521768265,0.0162302597062894,0.612198050904121,0.198286485331217,0.170044174431149,0.141339709191309,4.01816780705483,33.3345295648823,4.0042546762687,3.19641987690562,0.153135543502751,0.141607156694674,0.0602823089146254,0.110786639012767
7.808516579128,7.75679899094767,1.87713925391021,4.29055078312924,1.59038089950131,0.55958674238534,0.130454632091949,0.0137230108790934,0.332618573754324,0.738979316107313,0.00414369536619556,0.576050625615045,0.460535238806149,0.176492979113143,0.797284818771689,0.697738787421808,7.52811562671366,57.297343843362,0.16236574075014,2.63128970773774,0.238402645491747,0.327208040409516,0.532671462225997,0.107351606010438,22.7055903690189,1.89931214618367,6.67847480207701,0.549338428725172,0.114171831338447,0.563891542418157,0.0157449290555777,0.0758531721999804,0.573536340313342,0.0944621174663773,0.114097129020333,0.450973809787453,0.357913918073741,0.631399986482274,0.472419603002769,0.284723089946672,32.1366978086848,10.4136498650524,10.3113773520916,1.01362820821882,1.34926493212449,0.00209035128319469,0.0221165289532915,0.0202172252137605,15.4076933199933,21.5578669676031,12.1769813797877,1.53560151422987,0.114439532187275,0.368116124943085,0.578712920932652,0.014089868370285,1.06511254298068,0.518125969637055,0.864707587918474,0.121969047864096,0.187730939778862,0.471187980717789,0.069825942930085,0.0602545216837708,0.222703351428952,0.957518178936687,0.914309186388705,0.108815297245802,0.696946782698126,0.201484473718559,0.104375771160088,0.203313909677658,26.8398351422922,22.6253006352442,2.7235905098262,1.32241344928509,0.13967524699876,0.0951644693395256,0.0488111410593361,0.0663879249831603
17.101032569799,15.3008487072548,2.5986283100928,2.74242237806701,0.884612715472819,0.182064441747597,0.149920364175018,0.113653244866845,0.118766270325071,0.27823865407447,0.00560084525638455,0.0537939063325797,0.106624622723891,0.247180354592909,0.707725787161702,0.661039032088755,26.5309915882473,31.6224937834015,5.30355668672693,2.93347378452937,0.403294177035707,0.342446186476583,0.449540234168108,0.0505334528371238,35.056910111151,3.25825197003354,10.5666647160045,2.05442334678661,0.095779198038552,0.428469913241142,0.00925122150846522,0.0555788432853872,0.248222741994665,0.232741560656777,0.316901903190411,0.944671152891099,0.515028493296905,0.499680076439769,0.298709985405711,0.432469066745131,8.50725270354506,10.555853702791,13.4572908086155,1.02753196033993,1.18461727032879,0.00159481531229975,0.0210144552390828,0.00694024312120725,15.6209535140038,36.0916424536094,6.50184147235745,1.19361992737793,0.0806952044400424,0.302279327247852,0.159079318447215,0.0218500158550705,0.798718793420784,0.175589695992443,0.469405454548317,0.263305429331062,0.21948328501135,0.55011278883656,0.130466130268877,0.0662370243726807,0.439115260016482,2.0301701664063,1.1483167212322,0.10639163187043,1.01412628946525,0.241778228240189,0.0967519097540252,0.202343153797068,22.0265301514736,32.1496080114154,4.42734243060764,1.29521856557376,0.216608176389609,0.165869167632836,0.0587224007703381,0.0636860007061052
17.3296946062207,17.103607493841,4.81659682134087,0.455424292943143,1.1472483446379,0.51485577299782,0.421341685878296,0.0672162784268145,0.231501735938467,0.306970283021176,0.00711590935252055,0.227905696027296,0.42186812033078,0.453058759296387,0.691962483656918,0.679673386835303,12.5736739141895,32.2671797696112,2.48475449228552,3.44361010058781,0.308881642084248,0.320375683611193,0.37000290928145,0.126529191457423,1.18594478010258,0.592333276147008,1.70965722460134,1.14410396271867,0.130944899352753,0.492346419061776,0.00854786586189971,0.0659239428635137,0.628971284768393,0.160332275606687,0.362661524566488,0.775464459731221,0.505267034658469,0.200876416720708,0.435213302993497,0.39413012109789,16.4675605152815,6.68379199347353,13.5287755026845,1.58241742318436,1.1879400520933,0.00151113601081804,0.0210928336220433,0.126310697140013,8.06072836141062,38.3215795262596,8.21929262870894,2.02628718639324,0.0917535555169082,0.0894370322268416,0.36018349730809,0.024275823550462,0.435777221971732,0.382016522386918,0.407694692347841,0.328477800121891,0.262723696020722,0.592083561620389,0.10322447046205,0.0343612733506261,0.313918278188461,0.95576061811421,2.12375617405334,0.116977782807715,0.484932579234841,0.0883099818570647,0.164468958839035,0.100211448462714,25.8008034648563,16.3028246497012,4.76500330863953,1.24928448737585,0.367656498398328,0.173299760969377,0.0648056677643552,0.119838812141506
12.9923939041764,16.9836791588401,2.32889942038575,2.91034344876065,1.04669165642528,0.235580933091177,0.467974119838539,0.160054736193005,0.0963947585167803,0.203182639438318,0.0064494823795468,0.577112819541692,0.260993073902853,0.645176840179886,0.675319237452772,0.56290177794355,14.508693767463,43.2195706768467,6.35717960206251,1.32671464984075,0.327410424935628,0.616388707711024,0.371994670801116,0.0758837628077429,34.5608931592958,2.24721045078933,3.60493873926397,1.81699379846972,0.071426886670212,0.411985324299121,0.00606431322870637,0.0719855727828872,0.77516637497752,0.189396656069584,0.21198634489356,0.0380041632176136,0.462941311186573,0.388440624767908,0.418682432024943,0.383539849341934,13.1640075051416,7.52216586784009,9.52164041029729,1.36906822424417,1.1954163055331,0.000346225273832641,0.0202369566616813,0.0752915605177532,9.54900940625121,38.4995885817769,6.39338809662915,1.57831937511795,0.0646535348362277,0.693541050903563,0.268059114709712,0.0269262863069062,0.747863662600644,0.258048650022492,0.263479919682904,0.298828165657602,0.302474275755191,0.327021139705113,0.117943638953334,0.0669506417864518,0.754632170847155,2.22679953191219,2.28480882632956,0.114166583613621,1.06790875960697,0.165067708757204,0.114018100628342,0.10462292190072,16.5238260895322,24.3159531259136,6.23304694048842,2.86693275181154,0.390155842611676,0.16920887946479,0.0444453571130935,0.129140676084325
11.2031668043191,27.1660014095901,1.81279902200921,5.34271284722198,0.720413855791971,0.242793375410143,0.156448155760419,0.0966669285165504,0.149617333779127,0.449436584388294,0.00523697833389763,0.59259386926836,0.124612842041149,0.367231028710331,0.539737551689096,0.58377771261328,12.6304996372688,39.9230897674738,2.72402848079592,2.85440575898378,0.278199204903474,0.612930778300131,0.446030040669541,0.0447130161722475,27.8505217131887,1.43281047194864,6.12938005449363,1.14180272206941,0.174801953870885,0.306079368920307,0.00469987569325398,0.079862296469877,0.672678749487998,0.0968835200183839,0.214572941489124,0.41334690056085,0.51005973199572,0.541600779216282,0.618180167785764,0.482788314045135,15.6677747872212,6.81794348079801,9.39426434187924,1.44895190192984,1.50309701226338,0.00131730265775938,0.0129767804088995,0.0743418094612011,12.4337499183045,27.6798509011275,9.72144019862029,0.557752298943862,0.0717265256069049,0.277614104285499,0.265752404238547,0.0254269685945731,0.705214622096289,0.33652369685292,0.644693381039477,0.207462198789013,0.260695182738746,0.265070510076305,0.0913985127974986,0.0513639106463641,0.770380567011861,0.896762832237758,1.35512572871504,0.109998234641717,0.994349423802282,0.103763860871628,0.1194839909449,0.152302715885018,11.5814655892315,19.9977323413365,3.41364626180068,1.84179823404399,0.217627646623307,0.111190818988156,0.062963844525568,0.0778988301165499
11.9424825970362,14.2235404048693,1.56852548930584,3.8332941548993,1.86611178041932,0.306024797994248,0.0390268531148898,0.15285712926536,0.243679815736981,0.519466496557147,0.0054346032557148,0.292003954967481,0.44517527868589,0.395730970455891,0.558719370249327,0.704536298194818,21.3949994177468,29.1199141952107,5.6440990141707,2.27150359513467,0.436399742055026,0.388252189428925,0.345331512524783,0.0328970339512433,26.1497570709518,2.30504175057579,8.43656952133669,0.418786456010067,0.171181223115027,0.281451938792527,0.0214197104355381,0.0892723631433016,0.565838325297995,0.126717593855369,0.21967674717234,0.838590588428257,0.409854821463875,0.577392055179444,0.477259559084799,0.331126204583978,15.1743422141846,2.39734846801633,7.778715720184,1.09426745687907,0.819854619312415,0.00140259496785826,0.0185422749655952,0.0468023351981355,12.4067527774918,34.9847614008654,8.59433303649641,0.849481252195429,0.0562070596432944,0.417274600062395,0.363102386725242,0.0157181034897126,0.56541549747329,0.291884598015528,0.415418970564177,0.184013926784738,0.0674319457958086,0.332896583542137,0.0829520557222036,0.0244082283994149,0.798829808614093,1.05767158892023,1.62324930448926,0.118082165169788,0.659712061789697,0.0524024280820028,0.14169485858489,0.200739823039994,21.1458653666693,33.4525115951486,4.37102832994395,2.86974415316073,0.497016998889307,0.0488021357129858,0.0448449601948614,0.108220547798682
17.683459908298,2.24760368755492,2.00327506464925,5.05063722407071,2.4358298190907,0.162794837479692,0.0218908891160082,0.12863591420265,0.139106461622309,0.23346698103112,0.00555583289922138,0.292791886110411,0.371876129044376,0.444825541768187,0.715131639170094,0.71435410290351,11.5172352995062,36.1224171473422,1.51201648173506,0.963031569680645,0.109898293318894,0.520375664525978,0.671903868722972,0.0557291904431634,29.5860785639293,2.17426706863994,7.17226354333823,2.90409590811786,0.189921927415031,0.283757627215399,0.0161633211728348,0.0935867797413374,0.563085905902153,0.0917751923685284,0.32446845817956,0.663779805147421,0.441941979144023,0.554978614986038,0.236593057105504,0.290540036065321,13.0133041316134,7.33611613692393,16.4754848882169,1.34865486514304,0.934472271415659,0.00149171798231089,0.0100238246034868,0.0819192033054464,12.0858426714391,32.6150221724358,5.98206874061646,1.73953597527874,0.00273183787395741,0.421553534148172,0.398033087549186,0.0159162637601888,0.504189080341648,0.37588092718111,0.298334467302325,0.320857098155224,0.155438237537982,0.206645936511043,0.103626894241278,0.0254368707897678,0.907669734281899,2.36656985927573,1.81016355708198,0.073183713102827,0.907957348629643,0.126743715719802,0.152194566730527,0.170560251545424,24.0390403654356,26.129934028253,4.89196529867239,2.24943959261175,0.375360542004595,0.200602471688757,0.0141689113548676,0.146168475834033
21.7796961312137,15.6086363496965,3.4971132273725,4.32230857058337,2.21427214950813,0.123683348119216,0.288862811082664,0.214934515723263,0.254735181574822,0.369502567313661,0.00252505861093375,0.301944346727369,0.231378054606347,0.21339113392837,0.696917078624469,0.701391729893264,31.6541161143066,59.7957262379787,6.48792912011,2.00312000975673,0.304462509684874,0.322098759932346,0.550327190079419,0.0616563784529157,52.9915488125555,1.5797223081923,7.67843194879067,1.45168571629008,0.243123326738367,0.467152277718414,0.0146933338975819,0.0456309736176397,0.650651533713401,0.07484129263659,0.296437905576236,0.473298422765113,0.276397178260197,0.637469106128243,0.152432478796249,0.390626607273682,8.93017087346945,1.67092559529479,9.21564632598098,1.3737820948778,0.507477677405781,0.00151187135653593,0.0278919461721873,0.102831690394223,22.6857137913187,27.4135508162901,7.5539038318797,1.60950809194981,0.0804408479923315,0.665100016960992,0.303622124254578,0.00217118290996664,0.516419287659448,0.315267447597395,0.383061825809116,0.532208115453743,0.252520708687903,0.495777488494453,0.0567608026778938,0.0125392982184466,0.560997144714782,2.41597056502946,2.34889832357114,0.0793549339402595,1.19621057595672,0.208200104454134,0.133999300808706,0.261039661555339,18.518639398025,17.5047923529792,3.04229356166606,1.02653041727632,0.433768118069672,0.131026099557306,0.0437469252962831,0.169860957742054
11.3312568073922,1.93003298316784,2.9736811782499,5.02118082154461,1.57893017081262,0.383383737115124,0.348497462057145,0.16985107689269,0.104735597719479,0.594539010342519,0.00759655290493656,0.0935116907252838,0.213788011760277,0.412956287531326,0.634533242281884,0.742246129509426,11.7184245084128,37.6328649586239,1.49314551105696,4.19064249056503,0.167052005751051,0.667397296482342,0.744297677611429,0.0408556356854438,14.0750639377326,2.16197959978185,4.95833998409685,1.06442854619141,0.219104110880012,0.398590195559629,0.00552273251815109,0.0723590282005363,0.180286711947344,0.0543804142438125,0.0442212732390459,0.680722942791162,0.601868100573409,0.611927394618438,0.35330820833239,0.205686534169758,14.7690694409836,7.19993186863817,10.8559079453283,1.05901385700904,0.822788939772207,0.00132372180593464,0.0189253285066629,0.11616788282561,13.2724118646174,59.195780596145,5.52132683841437,1.27947985790507,0.0619850667429836,0.380201017472093,0.346533421380903,0.0330260787440093,0.85380575146754,0.142694351088366,0.64462595131885,0.6853202906883,0.201405109321985,0.161138640330393,0.108291242972104,0.0450740084321715,0.67225817365432,1.51920161787814,2.20025005520287,0.124169942500938,0.589651449351559,0.0654010856351856,0.0561560019922475,0.218847607224529,15.8310468203525,16.1123887637507,3.71246011076166,0.559097639686603,0.226000045198759,0.163279985252744,0.039907943647938,0.0969151380110114
23.5286830410053,17.2276732990508,3.71223883987985,2.30868408227719,1.37600642769862,0.302824272164306,0.290247687532764,0.155842319143502,0.382448031796416,0.518889444136335,0.00576116889772356,0.424967299276355,0.254558699963198,0.261182273961148,0.736054582426063,0.707393642285195,20.8532461900541,33.5318486744753,3.96193303240384,3.25592611319373,0.341401870531095,0.335865932821196,0.607976186804632,0.0759752911698913,37.3586611197842,2.90256970919603,1.36515159932445,1.04235222542548,0.0611337708270376,0.392970013066032,0.0108446730495446,0.0514669680441015,0.667939264464769,0.090174261512594,0.241963011141887,0.455144228730629,0.253042716062711,0.717834758198169,0.340903869856901,0.203832604401664,6.45934138716134,9.47514260104832,9.52932721219688,0.531882030048596,1.23341322443602,0.00191925464673166,0.0144316057003645,0.0341346033276663,10.4566827069437,30.302162039625,8.71597602299526,1.72215450728412,0.101004512760659,0.442894488870182,0.250855029244704,0.0151385584609461,0.204901866947865,0.349242857270794,0.564759087818262,0.454266872515304,0.279147107006593,0.3376140233539,0.11417589259575,0.0480065638447362,0.506943803327062,1.12128386461903,1.91686463103661,0.0992233728033251,1.01261135574641,0.110660197267035,0.154303802070665,0.214347791972638,21.2731577498434,19.6570890072355,1.94128552933722,2.12894935886488,0.230945215577404,0.157930240060569,0.0236309724007063,0.126142328668962
3.5319738176889,14.5948034772536,3.12947647407332,4.39765125699338,1.68412278162606,0.0340554096541952,0.151505804162918,0.10103505913379,0.154244583376848,0.342379762990058,0.00165033823403423,0.177608750354409,0.470088927959053,0.420234763349583,0.625707532420606,0.792513757115775,23.146478204085,51.4842576497135,6.46675950423321,2.10050587352824,0.349935157477481,0.341360302813985,0.849246979090857,0.0270891279963179,20.7765481309254,3.22037410024053,6.94021138336712,0.950166717378767,0.123982294176554,0.415724222086048,0.0115223591417853,0.0935489600538235,0.57973258137525,0.0408727973734558,0.194083041685954,0.651641020281692,0.36212849389529,0.517180301799204,0.453891532452028,0.10131258980371,20.3417659028169,10.7603645373775,6.53231359028387,1.52528225452809,1.15172691171319,0.00167679429503469,0.00537605212322367,0.11558310993284,18.1386597694677,26.8391339330217,13.0062094676377,0.821843334715674,0.061757937897559,0.546270171980487,0.435042019687147,0.0259159684893453,1.28051413241934,0.109915029957833,0.463023028489378,0.482701244091423,0.3310870728282,0.204081213220261,0.0903782373917133,0.0551279255616657,0.178894025646876,0.332403640044626,1.95660742703173,0.0964196552642052,0.315637308624419,0.154405653160547,0.105746386191325,0.187631492241887,8.61795377509523,17.3910918073133,3.63820718076393,2.9209624903561,0.356682159116313,0.0514151909205358,0.0470945065460908,0.0414097574102205
13.9165502345798,19.5011218743063,1.45231036498936,3.70065991747246,1.65364077488402,0.30597008276527,0.208278662819541,0.136482316904171,0.354585704529503,0.392118959903334,0.00186623422791618,0.377929541556788,0.384777181858503,0.35433300969164,0.341411522901488,0.675431469088689,10.9097453431865,36.8977486139058,2.46349136280792,2.13476818852869,0.49237069750884,0.2699284647026,0.542937208922417,0.000251699650538478,23.6850799824594,4.61755745768021,1.51280538660407,1.79774813633093,0.0335568856305841,0.735983885951433,0.0282799376167972,0.0363292044873096,0.514764375052687,0.130228064442337,0.241848652820841,0.613393753181243,0.265419608860824,0.486434617573178,0.78159678807721,0.233034357341455,9.66836639305389,3.0766896283655,15.1409817384244,1.12825244200098,1.09798882902401,0.00174775315740649,0.0231700700993618,0.0805084915416728,14.7300912435826,46.9727783763836,4.51511261739196,2.63732711442334,0.0641457919970498,0.26821585344293,0.33249593388574,0.0220762775444907,0.864684679261128,0.252659126733156,0.546615217171558,0.310091806096057,0.201236556355205,0.568786848115727,0.0895940336410008,0.0783715424125406,0.174381551049398,1.81376949714485,2.22260752178759,0.13412746434472,1.04417103370244,0.122061749700619,0.106512953043757,0.119442213661221,19.2754694186508,17.9084446230024,1.49758315974493,1.54282379685307,0.317087413772204,0.0100511528136513,0.0326646912961668,0.0616330804533847
13.2733612011067,16.8137663622101,3.85239576892436,2.71162630465487,1.9889760399205,0.463950160281504,0.112201182551661,0.168070609106718,0.209710684876072,0.222392024183214,0.00350050077957785,0.260474624885718,0.12934660836861,0.171301090449026,0.621102789649725,0.525460583161982,17.2044341844433,32.6404892414527,5.33421581347287,4.09577571164562,0.0998066140620492,0.338460124888373,0.459134794465741,0.0495713869484541,23.8525718473734,0.165342459599163,8.81823210296925,1.36573005665397,0.089210068780058,0.467880240938712,0.00894613286227581,0.0686789338282023,0.584288648931504,0.0115293147521614,0.288446049855384,0.977681828281037,0.612142602757783,0.526687262762575,0.38182840821543,0.487009340016908,17.7665873394515,7.57980603486262,6.37137337388829,1.95702592113094,1.1283462658236,0.00180667972617275,0.0182286384580645,0.127802833363237,11.7846416166822,37.7787630994532,13.5797044820303,2.63487656387544,0.0231170071452108,0.421605513116137,0.296000056074481,0.0236435183776894,0.214121943427134,0.352004649099448,0.398939988694566,0.340734240194635,0.230122415158804,0.767875915024891,0.0324018034453877,0.0443348588191863,0.570280800452658,0.428306798499325,1.83713383319732,0.145542262748362,0.91332219332576,0.139557003500834,0.130265564098726,0.172304657378522,8.29272838589106,24.7984182967443,4.68717763071743,1.45979345191775,0.18895345557934,0.103788382134941,0.0215065652576271,0.128968550685403
22.1425906219771,13.5816460331913,2.41944940088921,3.10199458188317,1.39044428756838,0.216919659763777,0.150779544012261,0.0286947453105279,0.187773173226306,0.604821445634662,0.00450869586499886,0.381429802537598,0.306587035827774,0.309604294642432,0.482952950295393,0.766311072226236,19.2095158951394,25.8093587530756,5.15199867850652,2.19728845511567,0.275091732697789,0.350075318583952,0.346848404107781,0.036064064974115,42.403265612174,5.21903215272901,5.01739491586886,1.44312326172646,0.101821712444191,0.583778829844357,0.0122085174946266,0.0932497974709447,0.493769754011928,0.178141961165924,0.274093126252556,0.658830652102938,0.423946056375322,0.622747229681613,0.433979168731818,0.167263305634387,10.8803152442529,7.47121217918256,11.8862903095359,0.990529994236933,1.02013849989174,0.00195922380538509,0.0161146744096157,0.0948206059115924,7.77975250144587,32.9209272116711,10.2960907483172,1.30032489787952,0.0841228893848492,0.334799187981185,0.2522882019947,0.0279684480322884,0.853789162206969,0.175629517828102,0.716833220374678,0.197213027267484,0.236858742663625,0.466113493714761,0.101887974207729,0.0578921737543993,0.74412421309298,1.68444234218348,0.60245324369716,0.165537481488966,0.966815635272862,0.15380421927902,0.180799920499504,0.0835809359805612,14.0397000895451,26.4738798662843,4.3423603262985,2.11652594649671,0.142240432010568,0.0919413994412559,0.0212628234187542,0.0921450249468326
18.6223458330375,24.6175155448228,2.898817934625,3.7137719910187,2.09101776908976,0.0960934483148699,0.170830005610634,0.0461504134186675,0.15142956817855,0.482761236516518,0.00417950318504676,0.269580298158864,0.24166444133918,0.14176482251601,0.562121854961805,0.674212091363259,25.6031908357334,38.4615703853851,6.23510692450987,3.65534463738237,0.261947485985609,0.290817394060308,0.422622665413809,0.027145079147649,19.8606319048078,1.21649795342796,3.6842522751013,0.753307481305665,0.00128181049654985,0.593800396247329,0.00274621251780583,0.0255975163638068,0.519001308178801,0.100664853109211,0.388874203536963,0.534310250195066,0.358810058956151,0.904913793255593,0.414128914828103,0.396969825902164,6.62151375956349,7.15362403639934,9.13200787969,0.941290506462752,1.52343450691215,0.00086866817928064,0.0189820822195701,0.0789046854542269,19.3533059720337,30.9834625707563,13.0301450075443,1.27860578583193,0.00417767738001033,0.412198230490483,0.151047412063338,0.0011602779943695,1.14283510958935,0.408329262174011,0.394033473418433,0.325084127997273,0.251996504842785,0.335632265443696,0.101385821418944,0.048256142721341,0.604888579028995,1.09917624573745,1.52423080794658,0.248011069395797,1.24895123057209,0.115149315509599,0.127107117805767,0.11337251520642,12.9466734003793,16.3000732412125,3.72295801345091,0.851948685406724,0.453876073825154,0.0515501102479534,0.0200051610484174,0.155164934405507
11.2576167047135,19.4502690925111,2.30268172312084,3.6651123729782,1.45612424551969,0.370556278819774,0.206911699191187,0.125476216782499,0.312919501058691,0.57634310947303,0.00273510530882055,0.263852343833269,0.287136624537453,0.426008590872205,0.585196698076918,0.698995600094217,8.57449749883351,50.1872996306982,1.05549022150154,3.72388271213365,0.296619372959833,0.757099463166879,0.388353521713254,0.0632361637422048,49.1477141848843,1.90757253719557,10.7271230205817,0.375484656851907,0.140367815835832,0.444206104068573,0.0113611061427046,0.0499649981371733,0.642418644221702,0.0877359768626009,0.216900548853048,0.86304086937271,0.366611278644926,0.676168374833168,0.386442234189479,0.232909297708139,14.8688491377683,7.02552815974787,12.4292325845708,1.86761396993211,0.320171680509375,0.000885757388865609,0.0321550070604685,0.128672414893226,16.0312885496872,26.3849660341188,6.60271650974363,1.16620673995546,0.0612396039059686,0.41720447049689,0.418611874788105,0.0148913982865527,0.685106003586971,0.128954495779489,0.424272503107083,0.329426320461395,0.259774387683722,0.177302339095321,0.112251566413143,0.0340209378518216,0.584861288612608,2.64159366084951,2.01278829188854,0.196533031299335,0.664925109754671,0.215441925823286,0.0433544593933673,0.0758133681690073,7.39718086273834,10.9619983956825,3.59072452672756,2.14472296559266,0.176995275789878,0.152205652656748,0.00563353185723835,0.121976768775439
17.4708454619792,9.41143728436565,4.24058450559404,3.21185709557273,1.89514936984269,0.360428054265048,0.0625320058363403,0.101832984800067,0.272663385039593,0.186917756984612,0.00729107631347084,0.483607579741359,0.266202887738755,0.491298617057534,0.847856458695807,0.536710600797492,34.2223320256734,46.2454237517054,4.65478008988306,3.58064172448904,0.268799122623702,0.575524749874541,0.170873181744211,0.134366991538955,24.1196613505581,4.18008006663455,8.45400699503534,1.01322742441534,0.222976404734794,0.760215873957964,0.0111881788996998,0.0283439487536089,0.286261932369295,0.139801760030197,0.0907677003651862,0.71253438136296,0.451800553410567,0.566128767638375,0.154020989392693,0.442912593344022,4.34089443354471,4.01348984161536,8.81578417387137,1.74462974156241,1.39003298653227,0.00161597224229371,0.0175902980166849,0.0403944844450759,20.5835939519167,44.9748603282112,6.60838411058644,2.17118540369696,0.0612699241186283,0.120292626164479,0.31284012140951,0.0232823462344717,0.88469575658057,0.298848677153486,0.638940663546426,0.218457258569605,0.116641056712863,0.311682972587667,0.0530437685538915,0.0489087241354425,0.463293208807215,1.23679783925878,1.1250135108258,0.118623335561175,1.16431703217499,0.0744534879626491,0.062716498412184,0.194945016807446,11.1079547535758,19.8098088460265,5.23099336963372,1.40801794210301,0.342345831424419,0.201363411243565,0.0595525879599278,0.0705356460196835
12.1966021712178,16.9828818419671,2.90962104003954,3.83724046629804,1.57876879890396,0.180948159486383,0.314095406688061,0.201440678745261,0.372425314780918,0.59999290643703,0.00878239422632367,0.446257549107167,0.289091788750717,0.458567655699517,0.649994907038144,0.538147506717348,22.2499248882225,47.2284750906733,6.35039065338494,3.91586437118863,0.319732911198829,0.28091077210073,0.759733140477233,0.0203123002797701,17.8995789132288,5.42368746024296,3.65211439548002,0.29852760055141,0.144959737258173,0.378488819166068,0.0172880542814939,0.102006522771958,0.617254573917173,0.108992078605082,0.137274561123692,0.770881504780726,0.512978762186763,0.301094662073899,0.173192356861347,0.448964081803165,18.1481016795221,5.8030972496934,14.5225861248127,0.983105162771376,0.81077989249215,0.000793675851478681,0.0319090000830239,0.191273206256054,2.37673617464191,15.9952359886192,8.36602361053358,2.60033330965418,0.0967580479005869,0.223116254781777,0.325212989437583,0.0216689351886342,0.911617485598211,0.165565064823121,0.712648252797461,0.0468818426727522,0.087674716978766,0.171372687652027,0.174969067947672,0.0518425378937307,1.01549357278945,1.78925667548483,2.11224473476304,0.165926424486412,1.18620125276927,0.21995428484912,0.182549189904391,0.190842608827449,7.73401496714053,3.05723769329509,4.58039419144849,1.8656537678678,0.288858101840912,0.0907215550812025,0.0519193551046738,0.178495109308316
9.27743702914971,23.9198553331882,0.534854693755377,4.70801558889158,1.57258782306093,0.299719183251798,0.239762369506642,0.129645439216679,0.233849893513901,0.248407171249603,0.00208786780156331,0.487932449479198,0.471526849316232,0.340525138697116,0.796465635471497,0.531229732247407,25.5796594662452,53.9468879916083,4.04338306830925,1.54921508869417,0.213924753325313,0.225698098485894,0.417746927520932,0.091863491297839,21.3203422918083,4.57383756540409,4.05417741721404,1.34320009414061,0.12276439180317,0.277034821883011,0.00573403540739145,0.0926972036395564,0.266818572385309,0.15059075302204,0.23996167619436,0.467181688857572,0.560136899980367,0.644262842103944,0.361088296868992,0.390879579769361,12.2415682549285,6.21360552122584,8.64164468225349,2.0107182499503,0.577480116314646,0.00235141530721366,0.0246226359860964,0.101690244465679,20.2175604763872,23.2531282593176,12.5027783793312,2.1193223822429,0.119308806544566,0.0806974259179295,0.564410056972677,0.0009681610023945,0.907904874532509,0.154129099721979,0.287132957160042,0.426191853845522,0.208377176581994,0.584279925113365,0.0906412407526033,0.043114974019654,0.752486708890497,0.281023850645912,2.18513925844741,0.150751888897357,0.0232606664175203,0.161980908276641,0.241853136421406,0.130777358674009,14.1616058648961,24.9293174864095,3.82838644491067,1.18636533861953,0.434331115095425,0.163374300227399,0.0365149506003323,0.147648428001745
7.808516579128,7.75679899094767,1.87713925391021,4.29055078312924,1.59038089950131,0.55958674238534,0.130454632091949,0.0137230108790934,0.332618573754324,0.738979316107313,0.00414369536619556,0.576050625615045,0.460535238806149,0.176492979113143,0.797284818771689,0.697738787421808,7.52811562671366,57.297343843362,0.16236574075014,2.63128970773774,0.238402645491747,0.327208040409516,0.532671462225997,0.107351606010438,22.7055903690189,1.89931214618367,6.67847480207701,0.549338428725172,0.114171831338447,0.563891542418157,0.0157449290555777,0.0758531721999804,0.573536340313342,0.0944621174663773,0.114097129020333,0.450973809787453,0.357913918073741,0.631399986482274,0.472419603002769,0.284723089946672,32.1366978086848,10.4136498650524,10.3113773520916,1.01362820821882,1.34926493212449,0.00209035128319469,0.0221165289532915,0.0202172252137605,15.4076933199933,21.5578669676031,12.1769813797877,1.53560151422987,0.114439532187275,0.368116124943085,0.578712920932652,0.014089868370285,1.06511254298068,0.518125969637055,0.864707587918474,0.121969047864096,0.187730939778862,0.471187980717789,0.069825942930085,0.0602545216837708,0.222703351428952,0.957518178936687,0.914309186388705,0.108815297245802,0.696946782698126,0.201484473718559,0.104375771160088,0.203313909677658,26.8398351422922,22.6253006352442,2.7235905098262,1.32241344928509,0.13967524699876,0.0951644693395256,0.0488111410593361,0.0663879249831603
7.04553156750256,14.3849679587971,2.0915668937542,4.11880920076852,2.14109479624645,0.532816587494231,0.411961602460238,0.169518416167908,0.382303668422958,0.508447736156998,0.00681228867011163,0.515244078306561,0.450493856215976,0.378903084574766,0.484168824863778,0.670176282191488,10.0930968841884,38.556262597562,2.8920859838309,1.67453722066501,0.293253358886286,0.418116468475339,0.355031185561526,0.0915080966077039,12.8219443180801,4.59746123097932,6.18374867657254,1.81310739780134,0.125764824994052,0.306523743223143,0.00866337398534674,0.0694534980141494,0.575052673741964,0.0778510974727045,0.195887297746662,0.490424900969687,0.344049922903037,0.495576051591116,0.515750239524209,0.389355739247572,21.4736889820433,12.219092374615,9.9011244940001,0.525793267620384,0.312909873161812,0.0011656915026077,0.0135150104202148,0.0906227594556934,14.1106160943008,25.5985131117222,11.2164062070624,1.22578775406279,0.108893558183602,0.222127580311343,0.396686022250736,0.0224866774483148,0.55463455541192,0.134690606379786,0.274448971528084,0.468482669973017,0.325560196468294,0.423888681255763,0.112750708008362,0.0415189416088239,0.161446549540382,1.02647954573496,1.89613792166321,0.0275411626413137,0.376102298433563,0.0785897008266006,0.0848736278479535,0.0959922723793934,21.4651471798927,24.5925838343075,5.55794975412887,1.29529060373506,0.220029595928352,0.077640645766779,0.0403436293400577,0.168623158594498
14.4254813747441,16.0395755594226,4.18581094439186,2.97405860802647,0.95396844601582,0.273199680196237,0.299499674871771,0.209433655633489,0.331484185207772,0.609221994819634,0.00557186266551624,0.193637555230427,0.39967057132132,0.25051456009338,0.592987471600356,0.725637445605973,17.8732809536568,32.9162308287794,4.13207453112623,1.30002049248464,0.236782101411827,0.139369090866964,0.620790400333498,0.0868854589524057,12.3606539656492,3.57178441465378,9.99927321224612,0.851199119429483,0.0636098244626927,0.0645195310154871,0.00775701757475064,0.0868154368680263,0.839033744732398,0.148032979655308,0.26991269419127,0.620090677728398,0.305043059241169,0.600548521908064,0.423729436291944,0.266404200609796,7.667266345023,5.15652780950716,10.4934680873689,1.6625641812392,1.325750714518,0.00253492346434423,0.0164810535985577,0.154399310576978,24.9743713607939,52.9429169601727,9.06300888864571,2.21359518578678,0.0566850664511462,0.121033477465361,0.267446649492554,0.00706640301779857,0.609312553904592,0.109314552014423,0.44423816206882,0.44728320938653,0.2599567693811,0.444179494394742,0.0443615342573624,0.0225802802573671,0.29525422964278,1.48175933070615,1.39710113944331,0.237046071026474,0.682628740427815,0.233320997019477,0.134112012155258,0.217374308008253,13.4876174722835,17.8490392926247,4.51535494550496,1.11787718388733,0.127233045742456,0.283266477536547,0.00842992189506409,0.114677606989268
11.9424825970362,14.2235404048693,1.56852548930584,3.8332941548993,1.86611178041932,0.306024797994248,0.0390268531148898,0.15285712926536,0.243679815736981,0.519466496557147,0.0054346032557148,0.292003954967481,0.44517527868589,0.395730970455891,0.558719370249327,0.704536298194818,21.3949994177468,29.1199141952107,5.6440990141707,2.27150359513467,0.436399742055026,0.388252189428925,0.345331512524783,0.0328970339512433,26.1497570709518,2.30504175057579,8.43656952133669,0.418786456010067,0.171181223115027,0.281451938792527,0.0214197104355381,0.0892723631433016,0.565838325297995,0.126717593855369,0.21967674717234,0.838590588428257,0.409854821463875,0.577392055179444,0.477259559084799,0.331126204583978,15.1743422141846,2.39734846801633,7.778715720184,1.09426745687907,0.819854619312415,0.00140259496785826,0.0185422749655952,0.0468023351981355,12.4067527774918,34.9847614008654,8.59433303649641,0.849481252195429,0.0562070596432944,0.417274600062395,0.363102386725242,0.0157181034897126,0.56541549747329,0.291884598015528,0.415418970564177,0.184013926784738,0.0674319457958086,0.332896583542137,0.0829520557222036,0.0244082283994149,0.798829808614093,1.05767158892023,1.62324930448926,0.118082165169788,0.659712061789697,0.0524024280820028,0.14169485858489,0.200739823039994,21.1458653666693,33.4525115951486,4.37102832994395,2.86974415316073,0.497016998889307,0.0488021357129858,0.0448449601948614,0.108220547798682
12.0208295050227,21.5007520649276,3.59882550738953,2.98096406107428,0.477703775070539,0.644172225451006,0.231147525273247,0.104060000567067,0.134557338510552,0.568707831915047,0.00143947324655792,0.441432542952952,0.248039850416616,0.295628501181874,0.421409595624808,0.591070065210757,24.5449157905959,50.6817728196519,6.82829079123256,1.046678651424,0.0683402282166728,0.257583437712197,0.517212757575249,0.0894609276256181,18.1773094636175,1.44586580832148,4.96690410068438,2.25999968346869,0.0849837703465498,0.502965742294726,0.00506009620603788,0.0407980428488861,0.932011766355786,0.146186678519801,0.236059804174656,0.399103725247749,0.530212679721006,0.542563154530566,0.841668665972322,0.325472739225511,23.7043733680782,4.1829952662146,13.0231087905221,2.35812966144051,0.953713498141725,0.000643167317004813,0.0230480221542501,0.136585123661117,12.7112472369465,16.3466724124778,9.20397389457469,1.71209573936467,0.0642183352495903,0.448360431556779,0.439431535780873,0.0226141791564324,0.608536337181336,0.32367234381142,0.456041659049562,0.377689884438061,0.124495991062759,0.487249894653546,0.0989886676002051,0.0480075746947652,0.833517713905814,1.54251525170342,1.98394006439324,0.113142065126499,1.28155550327489,0.219554802746851,0.0358623481362224,0.149937965679971,18.5099497395218,20.711475146293,7.84009317073701,1.23765829880532,0.137237698045062,0.114219000589174,0.0478451366545626,0.0615648872628381
11.4661845849567,7.54769689345472,1.99164520377249,2.86098737966734,1.07743131738823,0.367675029505763,0.225804872335257,0.0585018764223335,0.216906901492604,0.39755802594306,0.00157980504331104,0.488948692452216,0.402737730722305,0.125559340236439,0.649201006289591,0.774656953670006,28.2658580211596,39.8259062153463,3.23998714741746,2.90224993758038,0.126765768074347,0.13419198717358,0.193722865272793,0.0726793184488001,36.8881779791805,4.00415999171582,4.41161820387254,2.46104977320804,0.0730555880492834,0.641550646068266,0.00857267366030876,0.000871639562166904,0.406781812393808,0.228577259847019,0.172684268128922,0.375215661105372,0.536826711106526,0.62106933085297,0.386434962935433,0.237779247085656,16.8023970429343,9.46089711220395,8.37876825437416,0.563652338507144,1.28442072116613,0.00109622779493829,0.0261619133131185,0.13171007408059,26.2937754918661,22.792562432342,8.02930842964777,1.55164963202968,0.0474686866042345,0.339030661110119,0.516151766198309,0.0179061781447621,1.39617477174037,0.363000181605726,0.563985484400661,0.468406177448314,0.285569903216423,0.555082483986656,0.0790702669985724,0.0250980427186511,0.383164077387257,1.37056313129052,1.18613768257778,0.046216380792152,0.567311570673207,0.201821096400972,0.217216925500775,0.0608080311534626,23.105539928388,40.8346193250426,2.35297406991774,1.44447041640138,0.166547188077733,0.0930436679820522,0.0641151981111696,0.0546783162155921
19.130839226015,21.270980722046,1.90831904155825,4.11772917147707,1.2509706267284,0.480540869476433,0.340527535351284,0.174977473497398,0.197919626090941,0.768858278946551,0.00122593411391804,0.334143629570874,0.0688360183966865,0.513341416955001,0.77198973132792,0.676728948307242,20.2182935538658,43.0891605886985,5.35078844576673,1.83908872260356,0.46835384532365,0.445234765933296,0.152214402750282,0.072772358318117,40.4989982198305,4.31975509097353,2.04342844580477,0.685675624391409,0.251584580739152,0.645569644448502,0.0172069463403672,0.0909544041810597,0.296822753264309,0.0525130355179495,0.22385844300254,0.51110455382186,0.792572527521844,0.452055248446068,0.208392036718074,0.296223578627314,13.4666456528347,10.1204246207948,11.1364790075758,1.46477283317421,0.798552169116513,0.00124526211507699,0.0193468773654688,0.104337936195559,13.1886990662792,26.4224662223772,9.83565528450782,1.2378966779032,0.0887313554817013,0.287093765581176,0.260819483113558,0.0251357241890564,0.571430074363632,0.328938178075289,0.626414498815691,0.44343385137124,0.152693478545697,0.105844970508446,0.0725875241580324,0.0434950333573402,0.569150157061915,1.01782177732783,1.21757919531146,0.17875353914096,0.599571129205329,0.248942544520134,0.138488022220961,0.23047939188373,19.9205040036029,24.9428356322091,4.60685291406606,2.19926011139838,0.237334238728593,0.161837298778312,0.0385206107162149,0.116065404827765
12.9594701742415,16.7871627592955,1.52218268260494,2.80753262811823,1.36336675743,0.382085633122808,0.244392046541644,0.067171889767481,0.200916654007781,0.439803817921227,0.00178686119441074,0.161553701617075,0.26017385731806,0.410624952528927,0.853643885790421,0.623179272094352,32.7840554247212,31.2466274587264,5.98011961688584,1.52242192231154,0.22127071324816,0.349412047257626,0.400665627620948,0.0588993183337671,37.9673705854282,0.629414590971821,7.21641170087039,1.28481705560166,0.116771951135037,0.529615213457986,0.0145029083414859,0.0392445136786614,0.210640874932536,0.167771250702262,0.280189272565243,0.828086198637218,0.511865524243033,0.40578311061937,0.265862477048921,0.502105608941213,8.82554528493333,12.4100936105134,17.4739940438075,0.2199489466653,0.679096855090667,0.00131896102441143,0.018273349570807,0.0518630621326042,23.7735357174186,33.0312795771376,11.8259719412935,2.53012127993843,0.0848130712706828,0.183380156467765,0.134249455798482,0.0219339363529991,0.827136817713,0.260814304639589,0.508028776301638,0.525978696576216,0.111772110374546,0.219565154765345,0.0757313871002397,0.037867060198518,0.451004704741036,1.76439447348615,1.00477402482317,0.0878820673702362,0.801953405769323,0.184518941566714,0.136502726467939,0.110548857352231,15.4374701171871,24.975296552423,2.83809157610298,1.28539279863842,0.349955160230341,0.0871785035923242,0.0268668246488978,0.0514861362418542
19.5541083598978,8.70835866893358,0.83965473995291,4.83133201358566,2.1652002415648,0.601531903619007,0.40645293961547,0.0688729482638439,0.450330210768296,0.418648498192699,0.00699031174529401,0.242030877232138,0.213476582998234,0.363443882870799,0.688688313521458,0.756422227677698,21.035999207244,63.1926127791476,5.20016522919535,3.63051713938752,0.26177921936353,0.388407003047075,0.559799694727531,0.0668176702611257,40.9995604494133,3.67787459247929,6.58689403903,1.53822450090628,0.120147512018363,0.244943954666556,0.013991710723287,0.0262088927268633,0.299226600765727,0.0836331657783311,0.208425423196846,0.715746520921891,0.622832869946021,0.437961355991024,0.525016359611867,0.200283475136463,10.6011235080741,7.98967059854249,11.0656815903787,0.923479940840322,0.55257883311624,0.00210880613142127,0.0172340074847268,0.0792240645725711,8.05946122146951,16.880780970883,15.6056222457393,2.67345909685901,0.0435666847703205,0.473051181338005,0.381675664468914,0.0274451532092305,0.864671016540015,0.371236824463244,0.270872220513959,0.4488817199071,0.27323698570115,0.185858860009961,0.0445035236087939,0.0697568383422327,0.590386527963809,1.7606472551106,2.25687965242194,0.0277996611265519,0.964795085957053,0.290561446839675,0.0731361159183784,0.115210236115719,8.98376794219345,5.76158599005221,1.07588480436982,3.18280046392443,0.287698029830581,0.0478209914943305,0.0302737862044594,0.106954303327608
9.80441160366978,11.5225214589088,2.16335682119133,3.68467311080152,1.464233411632,0.244099747501805,0.242982423659588,0.123509732654678,0.0746849844893717,0.852301300436845,0.00253335927868087,0.342173199367342,0.280673306874981,0.117133017218042,0.645733911589836,0.681959466777011,21.7871776310652,50.2799691456917,3.46756940174828,2.59024684517817,0.244471787178903,0.251070851558096,0.363526279776657,0.0806427390083841,22.213277070944,2.1407655776701,1.30436110318492,1.73098793793849,0.127846848981311,0.770956557561703,0.0184263660510415,0.0978853803693331,0.630106939362444,0.164736843462747,0.311315855425962,0.47743847891089,0.458178167766445,0.837365929794027,0.343810049482072,0.291228268940701,13.164201373476,4.73173636849616,15.0601576175648,0.766817696312961,1.17819758644827,0.00115119232822764,0.0190667301182032,0.0849934628539543,18.4304484651211,50.2219790862562,6.28397608682258,1.42051131339425,0.0591081137989985,0.488405946786537,0.373079477442593,0.0389034620803135,0.819803953927934,0.542096051177663,0.221596590645322,0.458385549069217,0.206603998758077,0.367581806697387,0.0756748636042561,0.0549441408598455,0.789334266922055,0.727606435891257,1.63364789002516,0.0831229346648182,0.920508235078971,0.136062532649878,0.141027774631095,0.074036138794424,15.4389568986165,17.6989023093087,0.849774398973921,1.1061603420006,0.298280651862448,0.0717538072885929,0.0383623423292033,0.13023036147424
24.1497073372986,10.2321172813921,2.66714450821153,3.11117648903917,1.48673093677011,0.431461085328472,0.246011429500589,0.104130010934195,0.143188507241578,0.397590033911464,0.00509287097244384,0.700920371731746,0.204585318231858,0.558204742631816,0.644976567697986,0.653782229117573,33.8651078424858,40.1596831504882,1.3007438262263,1.46546201302324,0.24712003329387,0.182987330269524,0.637710935416505,0.0464916214519053,29.6385034161677,2.02580374942425,4.21982144586347,1.94446284813384,0.0624256656407055,0.595783489654748,0.00989864846811346,0.088134700847381,0.403671277832398,0.151143267595832,0.435613001779609,0.272424894424786,0.608049185047596,0.360839421819843,0.386478132985578,0.408491343875484,13.114697977036,10.5204944395629,14.1577698485141,0.288932767530252,0.825810200676107,0.00160324447306179,0.0180564090082675,0.068291635927149,8.66195414437867,54.3822410830288,6.40772277918735,1.32253781251527,0.0816456303228278,0.406417753486198,0.104938638429402,0.0212608277618765,0.814803862573464,0.275438872884721,0.442453066797307,0.377558840466463,0.109736123307389,0.337527468027769,0.0086717606113107,0.0348019197128264,0.63672245296497,2.0877968129408,1.16243952950056,0.113502268956856,0.610067383976569,0.126198476389197,0.147368581730845,0.158680570750237,18.6509384060778,16.3951733654129,5.73188265850957,2.51526476179601,0.223986087476715,0.206595565511863,0.0390106035044738,0.112333259740946
24.7159669789849,12.177554506044,2.35551932189459,2.50301992810989,0.323373510680283,0.28566048829059,0.384878840767348,0.159994091700069,0.105155833571827,0.235541037685097,0.00280781053422786,0.330108749990636,0.43502172338326,0.211713784070337,0.58968890930561,0.776674127299905,24.4916885689681,33.3200923743823,4.38564626313636,3.26025597454163,0.341740313485992,0.460447344392734,0.269393232429992,0.069148918865165,32.9386554881549,3.67547943447577,8.618972915328,0.764817429005064,0.0402970321607253,0.548769674594501,0.014620248676918,0.0232263316190974,0.608117627037525,0.0666616058494881,0.212213720197956,0.58798107536978,0.219295934637259,0.80085655808136,0.334631743628882,0.274935906442123,13.945544577144,7.36156205013732,14.4242023964516,0.882934007081251,0.820485939231451,0.00191670838865805,0.00908537563019165,0.152520309574346,10.9329335219915,35.1402434111524,6.84008160964072,2.85967972080252,0.0719623968933906,0.484813739408454,0.0593646806477318,0.0148289814846386,0.488776802984597,0.294825788535226,0.51011874390624,0.366945654915176,0.191768140495487,0.298076427774621,0.0391262650965433,0.0103955763447506,0.19655737027671,1.10724192988323,1.43980753965514,0.143356391995652,0.965760529782775,0.109586662993078,0.103626616742639,0.124725070869375,19.8720850777381,21.7126810486916,4.84152173542929,2.06550832540887,0.576328329650382,0.180366132777758,0.0489187529059108,0.0586838699388186
23.1286710185549,21.6254348019277,3.77872791443616,2.65586911305145,1.35497241874343,0.104737370193073,0.335008062008271,0.0763270730530585,0.0996288398762871,0.627491110968369,0.00268222958094736,0.442241699025162,0.356945929389827,0.251181954451406,0.668367519184147,0.45242097357098,29.6158221323632,40.2622009893443,5.1365462087806,2.85214417205987,0.380018294518436,0.215222031843926,0.25243699995528,0.127077634741686,49.9140056472788,3.36401876565295,6.20883744946621,0.42156259414524,0.0871465362461068,0.577153246132619,0.0159698377733535,0.056704373262527,0.631585248053401,0.129222681289074,0.178365928148932,0.649087092800965,0.511228210519675,0.92262169686176,0.35422477495545,0.495947726435306,16.3767433451841,10.0732298180434,8.34729803347318,1.19106126492992,1.17970527018713,5.43437247622464e-05,0.0229221522792652,0.103473338024006,2.61995238738338,18.5033878615159,10.113518408326,0.251148451086909,0.068956244032375,0.56084350132313,0.172034715924568,0.0206665983179997,0.753746373434527,0.272450122244841,0.387156819738863,0.334293409662604,0.11232329713301,0.252620478895922,0.0815383600281295,0.0750361079971461,0.572915155454222,1.5963393120935,2.50731116399121,0.200382602682004,0.593839867362948,0.112571232127632,0.160096121572804,0.226414493768834,23.9565152860453,24.8945438734774,3.60742985824845,2.73540556022473,0.268582997605808,0.193509112879047,0.0275151816137574,0.126836222562221
14.9192194202306,14.8745710969398,2.21729461100861,2.59223699686643,1.18138306296758,0.29117805320645,0.19060538850036,0.159327284485939,0.291910934258315,0.375338010255884,0.00471497464547617,0.487664210860154,0.410530910653608,0.333565817983829,0.523340626231878,0.720203222521219,9.35929632746253,35.0343182468088,3.656504149315,1.05372935744712,0.379381400182846,0.567628928266012,0.491671692916014,0.0724533018663743,32.0867098086812,1.99307557153525,5.92071813985996,1.83002466101801,0.15793943299236,0.537801872636104,0.0150044846353454,0.0672509723142647,0.500908037342441,0.0790278381692774,0.236170095461993,0.552477380129259,0.397661101405607,0.596084769569131,0.528468967061672,0.269696989960119,19.7812167806468,5.53307659232456,14.0458817418074,1.56872449440081,0.801298834857373,0.00229664015095543,0.0165295298264686,0.0876886529568078,13.1217450983686,47.5990602675569,8.77401748954521,0.604613426588395,0.082860579115849,0.335514564023381,0.343121498520247,0.020917324467433,0.651732149602375,0.339773231585275,0.217270133289195,0.220213418003361,0.131574617251468,0.408647667949647,0.0982080119302455,0.0365720499309267,0.537229674775649,1.30685949079827,1.52009635697981,0.0726753063073527,0.712074213367034,0.146665224157234,0.122482711638684,0.172505333046826,18.289040172257,18.4250862846534,5.16760319753773,1.26094250875268,0.437788526739688,0.179130085484402,0.0395723569536926,0.106650271192812
17.101032569799,15.3008487072548,2.5986283100928,2.74242237806701,0.884612715472819,0.182064441747597,0.149920364175018,0.113653244866845,0.118766270325071,0.27823865407447,0.00560084525638455,0.0537939063325797,0.106624622723891,0.247180354592909,0.707725787161702,0.661039032088755,26.5309915882473,31.6224937834015,5.30355668672693,2.93347378452937,0.403294177035707,0.342446186476583,0.449540234168108,0.0505334528371238,35.056910111151,3.25825197003354,10.5666647160045,2.05442334678661,0.095779198038552,0.428469913241142,0.00925122150846522,0.0555788432853872,0.248222741994665,0.232741560656777,0.316901903190411,0.944671152891099,0.515028493296905,0.499680076439769,0.298709985405711,0.432469066745131,8.50725270354506,10.555853702791,13.4572908086155,1.02753196033993,1.18461727032879,0.00159481531229975,0.0210144552390828,0.00694024312120725,15.6209535140038,36.0916424536094,6.50184147235745,1.19361992737793,0.0806952044400424,0.302279327247852,0.159079318447215,0.0218500158550705,0.798718793420784,0.175589695992443,0.469405454548317,0.263305429331062,0.21948328501135,0.55011278883656,0.130466130268877,0.0662370243726807,0.439115260016482,2.0301701664063,1.1483167212322,0.10639163187043,1.01412628946525,0.241778228240189,0.0967519097540252,0.202343153797068,22.0265301514736,32.1496080114154,4.42734243060764,1.29521856557376,0.216608176389609,0.165869167632836,0.0587224007703381,0.0636860007061052
9.27743702914971,23.9198553331882,0.534854693755377,4.70801558889158,1.57258782306093,0.299719183251798,0.239762369506642,0.129645439216679,0.233849893513901,0.248407171249603,0.00208786780156331,0.487932449479198,0.471526849316232,0.340525138697116,0.796465635471497,0.531229732247407,25.5796594662452,53.9468879916083,4.04338306830925,1.54921508869417,0.213924753325313,0.225698098485894,0.417746927520932,0.091863491297839,21.3203422918083,4.57383756540409,4.05417741721404,1.34320009414061,0.12276439180317,0.277034821883011,0.00573403540739145,0.0926972036395564,0.266818572385309,0.15059075302204,0.23996167619436,0.467181688857572,0.560136899980367,0.644262842103944,0.361088296868992,0.390879579769361,12.2415682549285,6.21360552122584,8.64164468225349,2.0107182499503,0.577480116314646,0.00235141530721366,0.0246226359860964,0.101690244465679,20.2175604763872,23.2531282593176,12.5027783793312,2.1193223822429,0.119308806544566,0.0806974259179295,0.564410056972677,0.0009681610023945,0.907904874532509,0.154129099721979,0.287132957160042,0.426191853845522,0.208377176581994,0.584279925113365,0.0906412407526033,0.043114974019654,0.752486708890497,0.281023850645912,2.18513925844741,0.150751888897357,0.0232606664175203,0.161980908276641,0.241853136421406,0.130777358674009,14.1616058648961,24.9293174864095,3.82838644491067,1.18636533861953,0.434331115095425,0.163374300227399,0.0365149506003323,0.147648428001745
11.0028777538288,17.6975321976522,3.91576062016944,3.57859686982926,2.47272254568741,0.419102658149407,0.297646077726221,0.0977193288485553,0.355053457080905,0.231278925125543,0.00433195802975735,0.70170488672451,0.297032006565302,0.431882558832603,0.479547150715681,0.727967480910659,14.8362968734579,19.1652377730625,4.73338559365513,2.63940566205423,0.145478573410677,0.568219095000445,0.699105846123198,0.0591043598977083,16.8295412622817,1.39654553398046,5.79752766483713,0.892981490988986,0.174588282887586,0.284279434775993,0.0100480031197796,0.0774417456525186,0.227989073717864,0.0707519147404693,0.291760511841613,0.467082428321287,0.327511968669045,0.281598702411359,0.490907122947912,0.225580559105629,12.2108501074991,9.8594351955768,7.74218960306132,2.17946333750297,1.09684105600361,0.00142671181231578,0.0118352564161174,0.0900607178713252,14.7408533432865,31.1385927975863,9.86511406555779,1.4667597807498,0.099684353513795,0.61542229631374,0.349778249677723,0.0220242314371175,0.837733493873025,0.664563253133069,0.252175332716015,0.19089645015788,0.253028056607871,0.380374879149298,0.0851140064336185,0.0181445987955499,0.144308395824582,0.36013434074836,1.42537571839146,0.0343911146017452,0.928210127036671,0.239603536629553,0.120860800138923,0.157039547869647,18.2457103335474,21.5744470623121,1.11608011855802,2.8727139822892,0.0985464856224583,0.163205875095961,0.0604382044846003,0.167852814374027
8.25683323332767,19.888190261807,3.58908495656704,3.45717012269176,1.10877873998702,0.414049518532886,0.467133497573577,0.0441713603047361,0.287057366440068,0.740893000485267,0.00744297062007527,0.191529795873882,0.434327518009305,0.497795801832672,0.659259725449044,0.728124231102777,32.7590873435311,43.4900452082255,6.34298586988687,1.86011565219037,0.249742127163942,0.373883583412142,0.393146558854216,0.0677121640594453,24.7530583886678,1.8904262860392,5.24236083520913,1.3600825969928,0.0687539209724275,0.0740285309946477,0.00762800448808656,0.0287847047186642,0.174597214922211,0.0925752117326998,0.389901781841414,0.671503069309428,0.61230883419248,0.280664317964817,0.315964182412236,0.243166460780899,10.9710432095016,5.61863520606163,9.9617303543084,1.26754467800585,0.674125379769223,0.00126490026479044,0.0200042310287951,0.0627015097739744,11.8954740115027,25.2695131203773,12.38164714467,2.34464029918099,0.0792157123733077,0.33867860682912,0.372632483153373,0.0249396378621217,1.00209817882795,0.308351421848892,0.422206170229688,0.385286130212216,0.186744097279539,0.335419218454177,0.125984430567681,0.0151973938786613,0.511698169764108,1.66947488098889,0.955503513303791,0.167036192702245,0.505144486305385,0.18268538618966,0.120902917458543,0.14546596289202,7.34603169915184,26.0333393737775,1.36754107113578,2.18949053101101,0.245017212234111,0.100157100170985,0.0641277601984745,0.0518848026766108
11.0235895668991,7.31569741821404,2.32526349477601,3.08104147474756,0.953220326876897,0.19756850932181,0.214624350556688,0.127395041682098,0.268204075056437,0.387966272495505,0.00545804349474074,0.241706504528407,0.311783843137867,0.0853691180549668,0.634604223315157,0.745593952300949,32.713789507671,33.0527026335343,4.2187020077475,3.03348306084659,0.418363563637348,0.38078876644893,0.168005763964443,0.0807224818007118,26.3909670472554,3.78983172190806,5.96747415728494,1.48715247417319,0.146707996671427,0.158505446197951,0.00896256801799707,0.0658531587389989,0.371138405501992,0.107409075300253,0.208256183242064,0.82713143879735,0.405898448734601,0.74893444389412,0.424739270458296,0.281247415492076,7.42396741264282,9.68636118788323,11.315885220741,1.09407809843987,0.668943654053962,0.000838077565868153,0.0192813869979614,0.11817270508825,15.686731326164,36.8402428548605,12.9044767896849,2.18694137277364,0.0873541093970792,0.188842579075003,0.133998988846592,0.0242999282092197,0.778875735116953,0.317736002699773,0.569667363935626,0.235958071496481,0.144157360204133,0.608615709449802,0.0856626000012341,0.0411158297937235,0.618373279306019,1.1227592705678,0.888034788449671,0.111279116889502,0.629208366871887,0.264400485225433,0.166733784248964,0.168268166518698,13.5587102264077,21.9952582702236,2.21330372031513,1.31115281682121,0.198248434014119,0.181660045432702,0.0621095076171206,0.0846042135165848
17.683459908298,2.24760368755492,2.00327506464925,5.05063722407071,2.4358298190907,0.162794837479692,0.0218908891160082,0.12863591420265,0.139106461622309,0.23346698103112,0.00555583289922138,0.292791886110411,0.371876129044376,0.444825541768187,0.715131639170094,0.71435410290351,11.5172352995062,36.1224171473422,1.51201648173506,0.963031569680645,0.109898293318894,0.520375664525978,0.671903868722972,0.0557291904431634,29.5860785639293,2.17426706863994,7.17226354333823,2.90409590811786,0.189921927415031,0.283757627215399,0.0161633211728348,0.0935867797413374,0.563085905902153,0.0917751923685284,0.32446845817956,0.663779805147421,0.441941979144023,0.554978614986038,0.236593057105504,0.290540036065321,13.0133041316134,7.33611613692393,16.4754848882169,1.34865486514304,0.934472271415659,0.00149171798231089,0.0100238246034868,0.0819192033054464,12.0858426714391,32.6150221724358,5.98206874061646,1.73953597527874,0.00273183787395741,0.421553534148172,0.398033087549186,0.0159162637601888,0.504189080341648,0.37588092718111,0.298334467302325,0.320857098155224,0.155438237537982,0.206645936511043,0.103626894241278,0.0254368707897678,0.907669734281899,2.36656985927573,1.81016355708198,0.073183713102827,0.907957348629643,0.126743715719802,0.152194566730527,0.170560251545424,24.0390403654356,26.129934028253,4.89196529867239,2.24943959261175,0.375360542004595,0.200602471688757,0.0141689113548676,0.146168475834033
17.0937773088648,14.9784454869638,1.75741390029257,3.25119272853917,1.6520102487287,0.306040761120503,0.404095134411003,0.0905307909976116,0.28696120005622,0.245499647989366,0.00310486900778559,0.413005667746368,0.315051009440679,0.25734812757529,0.642612722928094,0.69852116816654,21.8231228498558,49.5237261841236,4.55372285132289,2.62289516178586,0.325242625993757,0.358564817936323,0.175509417879812,0.0785549305349155,20.8959617334555,2.04966228246487,3.27808538932353,1.57634367219004,0.183626137436786,0.661918068670128,0.0119415605458618,0.0159107695880923,0.637921579707645,0.0667389028840981,0.338388844131941,0.67896926166471,0.632868172866469,0.563815432680028,0.463609131531286,0.278198018475965,16.7051801078749,5.49605811523148,10.4071461964055,0.3608150674584,0.772361044063877,0.00111393668597812,0.0161855506536476,0.134824745929455,19.2282900746887,27.5795292571295,9.99447812780743,2.81836680529098,0.161638996698364,0.205989750871037,0.435213995558243,0.0120273914668331,0.361949421717453,0.263789638030526,0.464720475356468,0.274011135361147,0.16494223257789,0.278336524633384,0.0307069331477029,0.0548842976788704,0.255080914236328,1.44226664765913,1.47640840739495,0.0995677786623026,0.616987623160824,0.198693695753198,0.112557531788082,0.123514865680715,16.1292482973806,12.2378615483765,4.5937565446016,2.91154301792913,0.181511248948921,0.163060969289433,0.0378781395108535,0.125900949417725
11.0838987011934,17.66000139133,2.65139458090944,4.52782523996828,1.10481578611751,0.401862124915399,0.311885462576588,0.143315391505269,0.313687287137324,0.655072194844492,0.00586340025568662,0.169766208349464,0.314867366760881,0.50205492106888,0.433701011254289,0.788348416436537,30.7510027721257,21.6419132808116,3.66837290040499,0.715102679624543,0.171191132258425,0.235624781329919,0.348976768710959,0.0661139949342663,37.7058768848911,3.89278332898472,4.23974483480667,1.70369081535136,0.165079203554064,0.551579250362003,0.0145998859069582,0.0789010310483723,0.325873487102917,0.139793725509666,0.279067640233893,1.15578944039763,0.357880976089735,0.224750869210156,0.462100502544368,0.150742906863579,13.7071349750194,4.84320388581525,9.2000114635126,1.98779971678834,1.41406017249527,0.00123618518676394,0.0228030552801652,0.0965113831873659,5.53820480553308,21.4513251525508,4.88307272793653,2.1143324289821,0.0625606544357414,0.256913041979597,0.248374487832106,0.0170784049832471,0.781340631563216,0.25810546885481,0.545185623119114,0.0368079441021246,0.0782696316543162,0.582567654580487,0.0983120671887368,0.0436974611417,0.656822866639736,1.21748982820129,1.11463438338434,0.124117148552428,0.560299530477131,0.148134774096462,0.180823144647135,0.189064732036171,18.9726827604479,26.8770306822586,5.56543168494767,1.93181506229786,0.34556910955308,0.15513939892867,0.0354375148611793,0.0705401621387215
13.9750147318828,27.4362006920136,1.29945469208336,1.90199202129037,1.99726054543548,0.427593940385622,0.0865250201916663,0.25659419814976,0.0783405327410928,0.160189165537466,0.00662862223132018,0.330372403396829,0.494814492303544,0.399490669674874,0.858855375517746,0.569393831973343,20.4984378287068,43.9674522548053,2.36797352223907,1.03123306168587,0.420149928102255,0.259414745414225,0.253500019287222,0.034527195193102,38.1107511141633,2.012102701673,2.58795865358356,3.92080913937253,0.199669489815929,0.0393131664488365,0.0190987798339473,0.0424451365471491,0.503554883418046,0.112678371679964,0.110053957880189,0.676910777760408,0.40730771481661,0.488337810514272,0.299459168182008,0.353116045629062,9.5586619045699,10.2549120028311,12.5083985893115,1.47388417943542,0.884359170381037,0.00195121419118614,0.0142713680454266,0.130757262109386,15.9096882063712,27.1344636710527,7.3490726824086,1.86661936474032,0.0995921408115256,0.492200076974729,0.392874861586715,0.0192179195736323,1.04567268575298,0.408839015896529,0.471573960382728,0.349895575861407,0.305300188168804,0.235100139465887,0.0921875841975778,0.0328458391015736,0.781614852259439,2.3939507671184,2.43687198663008,0.160365822692887,0.18168650573966,0.179326554107034,0.138516967757424,0.171635420654847,9.23113394275718,23.8805075151085,4.63919034446237,3.69250801996453,0.180503339894141,0.0167719596658811,0.0466627105025659,0.0588349978191001
17.3265055265012,11.6521706485043,1.96618836695237,4.35585632644589,1.87949670013783,0.424299326665697,0.421766866908668,0.0868425798390796,0.158578705841236,0.518854651875841,0.00498429794738171,0.408845773403101,0.24882527632342,0.282189117274246,0.67589826207718,0.793480069840492,20.5588745823525,19.8244752950202,4.65684394545172,2.13846005294606,0.350007344773934,0.29919996175367,0.292915319134249,0.124628258351162,36.1186575966894,3.7849216197512,4.43203144148123,1.76192353266974,0.202475704930906,0.227776992087161,0.00916576740599756,0.104919648380714,0.439387435551793,0.140903968278437,0.367731001686193,0.337826481057578,0.509406830438764,0.592511476387194,0.399771612740962,0.168310538805106,15.8884475879806,12.7988193152247,5.67275205152296,2.18360015142188,0.888083125087486,0.00157443464945162,0.017279863891209,0.0770880372099077,14.9150146895031,39.4339144064431,8.87286334556068,2.0519447395355,0.063471445027488,0.203315065230455,0.260014820591366,0.0250765264812209,0.864350495636257,0.310528634389565,0.613278093666783,0.521263589054283,0.0560514728426768,0.333649723431189,0.13727772129696,0.03692009226046,0.402912658352184,1.95038249128036,1.3532806565241,0.0751143234175983,0.893125846662306,0.173075856786506,0.100819159517948,0.147900699390378,18.2608324710937,17.288793022676,3.84149459599699,2.21662247195701,0.353599421903653,0.130419913802014,0.039317653858841,0.202360925952002
5.40876447501239,12.2235354019769,2.76096044592263,4.08266149306833,0.708745980331622,0.320191078395832,0.456135863332395,0.121580403731833,0.338294570264035,0.421881676589417,0.00471491026934511,0.450882053550076,0.476254200141371,0.328106274015774,0.624067249479977,0.79036338614812,25.3724074224402,38.0440695821137,5.23017193268994,2.26849456040672,0.136358277868382,0.454044662574111,0.254862246879091,0.0417979515727563,25.9399109657274,2.46215827356041,6.4664419674587,1.85037352161765,0.080362965178961,0.668556950110897,0.0106358845611991,0.090348411902197,0.322873393905002,0.133364324213553,0.200743458816865,0.455394696098302,0.381222362485514,0.685479127789005,0.384044865798243,0.146250500043515,8.35901125202828,5.90473374010385,15.777042780304,0.647438044645347,1.42505639664576,0.000641407498014,0.0223352083969656,0.0906828902366006,14.5964571462455,31.57842357189,6.87799694264977,1.68103672288517,0.131432942687724,0.4442061314408,0.146016976956356,0.0182082990582258,0.7907842352427,0.411768995805225,0.827561872297058,0.337807029715192,0.203413927251825,0.164654229026475,0.112899520047051,0.0193189582102533,0.0884376661489534,1.35594919209591,0.675554824140342,0.115140188862786,0.452691860326483,0.278873620990714,0.0325319189367531,0.139878451046828,23.9480329077786,34.1568840760077,1.8977789290307,1.40850001124305,0.226899300240908,0.100646178025356,0.0533547333583909,0.127830287064878
13.3209531930766,12.1127388003527,2.43307628187394,2.83216616314769,1.75934684401877,0.178138083702349,0.260093567939702,0.0923383127179157,0.23690971798699,0.362794367480987,0.0012487550603271,0.535869658955927,0.0588952967802796,0.373276265324872,0.825091300735541,0.702750073148621,30.5618401221581,52.0131226385852,4.61664329091353,2.58549746036958,0.283999897868324,0.530191400720601,0.531135450836347,0.0706538343131526,22.9918411801323,3.1028728340702,7.73175162106369,1.80048827625843,0.108966874847104,0.514012768729715,0.0129168996875922,0.022403542427995,0.420175023348575,0.0533520844161845,0.429947943252287,0.665218655398885,0.499306951194518,0.543247540212945,0.233157550229034,0.238777419969586,10.9297452443107,4.43405586333549,9.63416769547726,1.05649726770391,0.318434671198337,0.000594062664272265,0.0270158813691546,0.222714976664432,24.2933528926882,27.0520993155861,6.65356396487262,1.29017295882045,0.0532583901050067,0.445538544402648,0.172196975772164,0.0170868536880673,1.10315400593233,0.303303390597067,0.289806794662615,0.236312089755558,0.197317114140922,0.44121167207558,0.151398934292457,0.0373137563595075,0.84806761768719,0.707648343411109,2.13068829095602,0.135101748863252,1.34359242914529,0.234770304385857,0.0859818670132515,0.0884977650267375,1.66467846821751,19.3453857166599,6.9432425801333,2.57293160406734,0.254847232220425,0.142666323055199,0.0360340331902045,0.109413752150885
21.8861248483005,25.3551240455544,2.91593275553068,3.04393907657753,1.36978624980672,0.182956782652784,0.148558483580668,0.148725843313025,0.245375026950189,0.48344198306319,0.00237615198625976,0.497378700204252,0.452341918761892,0.350464325581384,0.657633265424805,0.61825413151582,28.7882013718596,30.2470832196942,4.83332514210741,2.00564965798242,0.340630067931114,0.0511833656846422,0.634942018847325,0.0737566306446237,50.2906581936838,3.1541206596355,2.24829661514193,0.740597588226286,0.0640403007498747,0.267299727128215,0.00868867150177729,0.0585917936168076,0.515089417009168,0.0975273447794935,0.25819129632926,0.449496377507603,0.12823343447755,0.638221859328523,0.345665402784035,0.282384627848407,19.2669684293803,11.4945252538386,12.4068011839217,2.06081189010876,0.764442148835616,4.06299452675829e-05,0.0166610165416829,0.112370523110571,6.31476114948368,15.7723589734275,12.7160090117211,1.49554787254038,0.0771412679102979,0.486588303883459,0.399584580961419,0.00360528955779526,0.332543681374171,0.363318394465495,0.201959920385828,0.625343093288933,0.0806632376320126,0.358768487136623,0.0801836968223751,0.0140231125892829,0.742096161610246,2.01820928997374,1.49480172078246,0.12396087728885,1.15839495372556,0.239294387618312,0.0938842592791389,0.205164011474804,9.05393550576218,13.8325349335943,3.76821365702591,3.08601270868402,0.258554149645916,0.174188413717362,0.0586255508969956,0.0919403921937253
24.5245588897993,21.3668613088531,2.62351118636787,3.8874244319035,2.34020201376716,0.129554621561773,0.523814993548353,0.188739802612606,0.347140473720303,0.652939620292574,0.00684113928925306,0.471684350623367,0.266434733629345,0.344386211313404,0.612327490760635,0.770346284135801,23.9226521700587,38.455933656826,3.89177780425328,3.85335508856692,0.373651062374878,0.46663908329252,0.414978515834627,0.0852375388253504,27.7284244909092,2.60443671759844,4.59622045457638,1.64392906887689,0.245785819160846,0.0637581406033145,0.021944431803401,0.0485000039069751,0.279498676896525,0.0894131493447113,0.360181036590387,0.453683970265972,0.00462099787869874,0.605901860559905,0.292906295875627,0.197432171676588,14.1622726533276,6.35206088159502,12.4698687557466,0.619628759259029,1.05761427638475,0.00126737265606797,0.0117941702132435,0.0589010957964381,9.5786989325089,24.7885605085923,7.47804838334447,0.84134556135548,0.100083472864008,0.347086861430064,0.18219636646496,0.0104802777992513,0.755388730511317,0.289826143491812,0.289572926784755,0.370659027014481,0.17863111428277,0.387577921950076,0.122666907772701,0.0154480694437661,0.976541368004291,0.869455180500157,1.40968549335838,0.184875025985757,1.57960039636329,0.11565672060822,0.164645444376766,0.159129397175254,19.7884242968304,27.732355535751,4.40167683539364,2.84054114740113,0.243006140791952,0.0548938220124217,0.02905790403533,0.0512018770135913
18.9816106988479,24.9334931999719,3.54702195470249,3.5844886814586,1.42278961796425,0.549064624783593,0.301336061787185,0.0928815384106988,0.335159441024393,0.454668792531712,0.00226904485261414,0.2183231456413,0.10869150325472,0.371030522128754,0.365162608686127,0.794826384952525,20.5139553494724,36.4691547073768,6.44088806816715,1.9427673582646,0.171391790991782,0.530112236638945,0.358930210025071,0.0229193341135771,32.4366252091575,2.35534265430656,2.36416948502422,2.16515768371465,0.153644166717595,0.470450546844296,0.013396154574529,0.0473498648238115,0.311560536254331,0.0391739542174044,0.226045135010729,0.941669907007178,0.71932674843971,0.580195161593829,0.728413553155273,0.130293110218902,25.0517278866042,6.59202662831538,9.1166521012109,1.42020177789667,0.886059010625859,0.00222262652112313,0.0238604764011735,0.094971675871803,16.1838710690739,32.3912273261704,7.57621040056942,0.986049520183025,0.0773872569054741,0.555074581266901,0.387667438464186,0.0212111552329178,0.655786922468299,0.461616920553616,0.378139062362331,0.0268260167002583,0.204089393224826,0.3448054810522,0.079737617188418,0.0556088987492248,0.516757475728809,2.01216956082399,1.14582521768265,0.0162302597062894,0.612198050904121,0.198286485331217,0.170044174431149,0.141339709191309,4.01816780705483,33.3345295648823,4.0042546762687,3.19641987690562,0.153135543502751,0.141607156694674,0.0602823089146254,0.110786639012767
13.9955448268958,16.7639847664918,2.56746713800412,3.58188811368374,1.31434170638736,0.402906636570757,0.286363060866739,0.102532425196919,0.255998767740015,0.79431922786901,0.00334370387186221,0.231107398432591,0.321763768655727,0.253928483274409,0.538747216506545,0.826434996760309,5.90927530609434,18.134103848588,7.00385954137561,3.10387708480174,0.243672104893474,0.301350278703304,0.432289351895959,0.0751355299616068,12.2318336294593,3.02422837620143,0.976723106328043,1.84575823545162,0.129308911633671,0.492576953849007,0.00988891382882541,0.054592504063201,0.332581764754534,0.115167555852985,0.259827591181058,0.822533279846897,0.151761497154519,0.664662348714889,0.503707616538198,0.216064570623389,22.7926916999827,7.42548242848271,5.59470705229446,1.25451403260072,0.241692209605011,0.00145878293927581,0.0081146208488882,0.112517514196515,1.62213105962544,26.4650686620269,11.1161257672351,1.87880391439548,0.0644596075734728,0.344060349781525,0.445418413635982,0.00668993895194245,0.738195508214227,0.341894691849125,0.221665210201895,0.34724909117107,0.391340031600675,0.395199825298269,0.115229685630717,0.0498610980039162,0.358997090839312,1.76927360364471,1.44983511237643,0.0480015684892675,0.892286823634315,0.114703249697023,0.103002322492476,0.0223927830870556,27.2133527884964,12.5392376769277,0.330140405222196,3.32274180307135,0.279578532373908,0.126849634666529,0.0314201255820031,0.0471032601834029
8.65706679740459,27.1280802925083,2.79314710381632,2.2437698535312,1.16907119068127,0.439418250475467,0.307877106016534,0.100548050279665,0.225887066287662,0.624018488080689,0.00311222289601174,0.517577705852019,0.31824078852911,0.240537021510407,0.715223129944347,0.671616261756808,27.7447245961739,35.0982289888861,2.86061310320536,2.2484564117542,0.281013563543455,0.347287457877788,0.625198720816954,0.124801608603696,13.5832657885125,2.28319606539671,5.60920156253475,1.82657143196925,0.172705066326506,0.213361902779128,0.0099925863035647,0.0649590421485492,0.381540948374169,0.245920063208829,0.236024377168588,0.564107606304238,0.507224709316681,0.611182687253506,0.347314326107421,0.333686274508366,17.7047372784671,3.54665651832027,11.0202455708225,1.18799269284283,0.71668899445517,0.00187660463594108,0.0194337258090009,0.112269200065561,22.9584385718999,26.130665390716,13.5820155742095,1.53658460122109,0.0825958388458704,0.303157104647145,0.29987515715992,0.0320859226317035,0.444354327471031,0.17808244124034,0.407857767802251,0.242108181887577,0.116086516550847,0.457694833435496,0.112526151431634,0.0345346944746291,0.4113735159472,0.568863006365003,2.06471292350804,0.0903927596265944,0.49091022968045,0.00841783944595739,0.0462165265647306,0.229480909063936,14.0134714727946,32.333795888917,4.92409791634842,1.59227721014034,0.236418159087902,0.0989632138220141,0.0469573431633062,0.0872909619157435
7.04553156750256,14.3849679587971,2.0915668937542,4.11880920076852,2.14109479624645,0.532816587494231,0.411961602460238,0.169518416167908,0.382303668422958,0.508447736156998,0.00681228867011163,0.515244078306561,0.450493856215976,0.378903084574766,0.484168824863778,0.670176282191488,10.0930968841884,38.556262597562,2.8920859838309,1.67453722066501,0.293253358886286,0.418116468475339,0.355031185561526,0.0915080966077039,12.8219443180801,4.59746123097932,6.18374867657254,1.81310739780134,0.125764824994052,0.306523743223143,0.00866337398534674,0.0694534980141494,0.575052673741964,0.0778510974727045,0.195887297746662,0.490424900969687,0.344049922903037,0.495576051591116,0.515750239524209,0.389355739247572,21.4736889820433,12.219092374615,9.9011244940001,0.525793267620384,0.312909873161812,0.0011656915026077,0.0135150104202148,0.0906227594556934,14.1106160943008,25.5985131117222,11.2164062070624,1.22578775406279,0.108893558183602,0.222127580311343,0.396686022250736,0.0224866774483148,0.55463455541192,0.134690606379786,0.274448971528084,0.468482669973017,0.325560196468294,0.423888681255763,0.112750708008362,0.0415189416088239,0.161446549540382,1.02647954573496,1.89613792166321,0.0275411626413137,0.376102298433563,0.0785897008266006,0.0848736278479535,0.0959922723793934,21.4651471798927,24.5925838343075,5.55794975412887,1.29529060373506,0.220029595928352,0.077640645766779,0.0403436293400577,0.168623158594498
23.1286710185549,21.6254348019277,3.77872791443616,2.65586911305145,1.35497241874343,0.104737370193073,0.335008062008271,0.0763270730530585,0.0996288398762871,0.627491110968369,0.00268222958094736,0.442241699025162,0.356945929389827,0.251181954451406,0.668367519184147,0.45242097357098,29.6158221323632,40.2622009893443,5.1365462087806,2.85214417205987,0.380018294518436,0.215222031843926,0.25243699995528,0.127077634741686,49.9140056472788,3.36401876565295,6.20883744946621,0.42156259414524,0.0871465362461068,0.577153246132619,0.0159698377733535,0.056704373262527,0.631585248053401,0.129222681289074,0.178365928148932,0.649087092800965,0.511228210519675,0.92262169686176,0.35422477495545,0.495947726435306,16.3767433451841,10.0732298180434,8.34729803347318,1.19106126492992,1.17970527018713,5.43437247622464e-05,0.0229221522792652,0.103473338024006,2.61995238738338,18.5033878615159,10.113518408326,0.251148451086909,0.068956244032375,0.56084350132313,0.172034715924568,0.0206665983179997,0.753746373434527,0.272450122244841,0.387156819738863,0.334293409662604,0.11232329713301,0.252620478895922,0.0815383600281295,0.0750361079971461,0.572915155454222,1.5963393120935,2.50731116399121,0.200382602682004,0.593839867362948,0.112571232127632,0.160096121572804,0.226414493768834,23.9565152860453,24.8945438734774,3.60742985824845,2.73540556022473,0.268582997605808,0.193509112879047,0.0275151816137574,0.126836222562221
14.7498856968252,4.60415560715429,1.10091352727384,1.94628893501873,2.13549537129407,0.352964093496088,0.363796406939426,0.175751318474891,0.386682648134893,0.752343574776366,0.00592049878540262,0.412833151890144,0.255360157905224,0.322976097434892,0.634375279852551,0.701223896556636,27.8650792240676,28.6290834368313,2.62991280798171,2.36452286812008,0.161134588611689,0.645488782254049,0.230177912242948,0.0273328573205475,46.6924527838822,3.6906114420895,5.72517476354214,1.47599147154574,0.101849245743342,0.234152847266812,0.0137800828791768,0.08181736439531,0.384444552019972,0.153910689549054,0.190290269211777,0.690258513320563,0.399459558626469,0.715152851788034,0.337426623201664,0.260102202720553,18.4842135720762,7.58559435519915,15.8765805705235,0.525912806980452,0.856860558022721,0.00164200737227844,0.0156257398931372,0.0629763455022154,12.3376123047875,45.0777147142335,6.3963767374513,2.01777692852021,0.0383620397126391,0.443249786954511,0.242867089918544,0.00808333647152265,0.458431121505667,0.308671346824109,0.225998090306258,0.270002178848546,0.140467263851008,0.33478310713689,0.113751373759924,0.0436002964296461,0.533194230164996,0.898490733964001,1.99219346399644,0.122754457746219,0.911931636288451,0.130866215017962,0.128881524835051,0.0902047865565334,13.4797084727258,27.2894410905411,4.83515667685431,1.61546139903713,0.231426011063474,0.0568539342481101,0.0289405301270118,0.156566058722459
24.4748655465173,21.0136832276118,2.04246397074853,3.50933646621766,1.80251405820063,0.345876941658581,0.1880687587756,0.121582300053829,0.233082777564041,0.44069570338323,0.00537131760350877,0.0583548307170784,0.172553356980744,0.284916458156303,0.698984087296246,0.507981720514109,28.9315593413482,22.4587198907306,4.3385523394133,2.64883028278599,0.178845460684187,0.183661063873856,0.316524023092194,0.0685609950951125,41.7401798030802,4.60718468113406,7.80557353571362,0.899771835023452,0.215520679854513,0.695031522256421,0.0113311416156822,0.078471533332922,0.488393896639173,0.154752940247108,0.358933933994153,0.785692335651761,0.180529096217509,0.742546126722532,0.273343734025881,0.622591756450579,7.08852802927922,8.46811075116325,12.5835385721617,0.505254734746116,1.32316289546248,0.00262637505399304,0.0210589498350651,0.134866317382587,9.08006703404401,30.4844079900065,4.85245394932591,1.78604948357617,0.0529010520075614,0.480712137289873,0.10778516745963,0.02250239453027,0.979977448376797,0.171082634997944,0.799379930913934,0.587453325953085,0.344278632649923,0.320870657175614,0.0523498743452288,0.0627622560224025,0.512076791369195,1.32074754323321,1.37791407133687,0.194582208827117,1.24585885277362,0.162040666886118,0.0259529978214582,0.15853170390274,20.0432468803607,19.5084706555084,4.7028737149809,1.35152522289053,0.133460415718585,0.15557855792991,0.0222868670328811,0.0870649714668052
24.5245588897993,21.3668613088531,2.62351118636787,3.8874244319035,2.34020201376716,0.129554621561773,0.523814993548353,0.188739802612606,0.347140473720303,0.652939620292574,0.00684113928925306,0.471684350623367,0.266434733629345,0.344386211313404,0.612327490760635,0.770346284135801,23.9226521700587,38.455933656826,3.89177780425328,3.85335508856692,0.373651062374878,0.46663908329252,0.414978515834627,0.0852375388253504,27.7284244909092,2.60443671759844,4.59622045457638,1.64392906887689,0.245785819160846,0.0637581406033145,0.021944431803401,0.0485000039069751,0.279498676896525,0.0894131493447113,0.360181036590387,0.453683970265972,0.00462099787869874,0.605901860559905,0.292906295875627,0.197432171676588,14.1622726533276,6.35206088159502,12.4698687557466,0.619628759259029,1.05761427638475,0.00126737265606797,0.0117941702132435,0.0589010957964381,9.5786989325089,24.7885605085923,7.47804838334447,0.84134556135548,0.100083472864008,0.347086861430064,0.18219636646496,0.0104802777992513,0.755388730511317,0.289826143491812,0.289572926784755,0.370659027014481,0.17863111428277,0.387577921950076,0.122666907772701,0.0154480694437661,0.976541368004291,0.869455180500157,1.40968549335838,0.184875025985757,1.57960039636329,0.11565672060822,0.164645444376766,0.159129397175254,19.7884242968304,27.732355535751,4.40167683539364,2.84054114740113,0.243006140791952,0.0548938220124217,0.02905790403533,0.0512018770135913
17.6172169355717,19.2490471244129,4.08131179198339,1.88669226921153,0.938289369266985,0.587935121426197,0.340858454155835,0.0144371716097867,0.400643102773867,0.201651338088321,0.00214185953621176,0.426944247725558,0.301889803792152,0.552460397600183,0.713872274819471,0.576924644778727,25.0780903942413,41.5974344612043,4.09500496715605,1.35918273039744,0.503091091421316,0.44627560152937,0.544183091120381,0.0737666131915449,34.5632824764971,2.24889680825189,6.40972369082214,0.496077853175226,0.244739650771681,0.484337163452392,0.0145395598055048,0.0473912947665358,0.695201050480096,0.183552834351481,0.163286625857874,0.545450281457467,0.561799169701404,0.534388983600584,0.306728885620624,0.49793469250708,12.4974775226806,7.94243208545825,13.20105654545,1.5490469286293,0.914145324952174,0.00127119703224701,0.021662068821583,0.117736504815409,5.70231879145211,50.325438331595,8.31508160307084,1.48279206355526,0.0763624893977585,0.385915517233662,0.0521489610928941,0.00685832044854788,0.343463981959223,0.564693787651936,0.440733260241463,0.244396769708656,0.150059989085169,0.115232168576417,0.115990424455565,0.00898253167932438,0.5335238296144,0.926188204610716,1.26875523145476,0.128691202274718,0.423454466841528,0.204313986279421,0.0924741742058478,0.0796287310370481,16.7490347242614,15.0390941984317,2.12505111307644,1.54333793285391,0.163785871699513,0.172958057347136,0.0557486962264206,0.140588113808705
23.9729138415969,18.6993195185233,2.86633693922004,3.01658445205198,1.86246888021579,0.220113924713442,0.13326331495446,0.0992145330862887,0.330514075528307,0.49568884657869,0.00365619484719692,0.509045494520321,0.25065207745645,0.336393818283611,0.576568041062479,0.623779773116713,18.0217049749784,42.5848307777573,1.3395840743898,2.85255189369296,0.5117824973075,0.462885712368466,0.573814451375759,0.0502063076878769,40.8033944627545,2.85821245902129,10.9968789643879,2.4952934405822,0.142071592237242,0.202621847560537,0.00427398007899214,0.0515751139571719,0.453628864434028,0.103999461677449,0.368175127423344,0.682782999045288,0.452120004193023,0.558097024732774,0.34979929412181,0.398327351150129,10.0016522689896,4.85935031685075,17.5634773093482,0.143743521487705,0.958981973959781,0.00187865192900385,0.0194302719259609,0.114324688958902,12.8157384796368,20.6865583349111,8.11164213010903,1.68543536931869,0.0451154359017917,0.0841621059854029,0.238645564720449,0.017345567987699,0.345037261304328,0.21748054854515,0.216932244389895,0.448714151608389,0.191565502122125,0.153333098902287,0.0973029449100178,0.0396067058646696,0.547098025439293,2.87401279813976,0.300440948612132,0.122174366748235,1.05939923572578,0.129147849238748,0.102747180586536,0.202238703250741,21.3692885834276,20.1410592660584,2.5975010203157,1.56265010482216,0.201557240886915,0.198515569262059,0.0444998436380478,0.0971729928628442
13.0769125972645,20.3096516952147,3.06777538777115,4.05190499191808,1.53856800600576,0.275576750255097,0.387146597119276,0.194899349714745,0.156096309877698,0.539621283777449,0.00494746202564984,0.485700490743653,0.351801763526772,0.224167824355441,0.457811927486405,0.844747133771868,30.1577544483033,41.0529936000438,5.67670844374997,2.39754341376367,0.401091163175153,0.32442831087585,0.224996373236038,0.00927024664377605,10.8903987131636,1.92204724214359,5.07403655935824,1.16514933223552,0.0807258291850233,0.467979228026153,0.0112854995170302,0.0852141032920138,0.850021009207186,0.0783849746977174,0.190603387199484,0.50919465585291,0.290427779800331,0.774558800587689,0.411530599364177,0.137627625327476,13.9741918798884,5.62986958855564,9.68889736826216,1.12270971669355,1.34516446725377,0.00178441265663296,0.0280576049338925,0.156101285891579,22.0695641653642,47.4533179061979,7.54523429760409,1.81303935039694,0.0387566621125637,0.581966244408726,0.148173655472786,0.0211200247380161,0.817537803460365,0.161862668545969,0.528394263184239,0.258144958449855,0.307599574688332,0.295225529320866,0.06559012471041,0.0251206979895783,0.561995040096281,1.66712214080419,1.69012128869498,0.142770350464777,0.733829025150487,0.0465312845877516,0.110053300498157,0.261662658118061,18.0702816582106,23.2442583185427,3.13853349367394,1.36466559392424,0.32531211406015,0.163559787453586,0.0419981470437535,0.151559061428686
11.4126426042006,12.2200548759656,1.25282987227304,5.23477423603194,2.01052539475525,0.203203489600978,0.0266670705920329,0.120743537566931,0.260785988324446,0.675128412720781,0.00327773903829604,0.149640953761211,0.415516125079958,0.392802504457167,0.706893130404704,0.625680249285234,35.958202393937,50.322690269007,3.52838271959429,2.10486822332249,0.299599434591498,0.155935957851747,0.514908003622898,0.0803272058233783,40.6637202268822,4.65034146382638,6.3839491663675,1.1780749337464,0.0951755317096581,0.880390453045256,0.0126436022664741,0.0431624696210638,0.310073226273635,0.1374863471727,0.202711237123545,0.493996085735772,0.714297930871488,0.605301606707719,0.333033883601236,0.285329444196814,14.3635673515283,5.20279282870117,9.92690434748539,0.0239281010217919,0.539345661488696,0.00189357703565075,0.00891833363464835,0.0839966292273288,5.21054095727696,30.5874201988123,11.8211086787844,2.15811120316054,0.0475211554485124,0.569241752281382,0.561575238286729,0.0149148793262908,0.936659783029069,0.0220678079279914,0.265100672454702,0.506212154954848,0.241336413321207,0.493780428441499,0.0447451147289714,0.0346015469212404,0.265621670492199,1.98267492888736,1.54695514669962,0.10401194431561,0.190737555900876,0.0641704288112081,0.14794816181226,0.119628595638881,11.2360883200683,4.85857859550999,2.72853969694607,2.86542599845853,0.309472031764966,0.12729681472885,0.024745176670989,0.125292189926139
14.0676173871979,15.7916237623066,0.911305555621967,2.33105426884078,1.36809827512589,0.0998841829488939,0.284193152776485,0.123735441588846,0.219594953299244,0.685530969295764,0.00603160876915736,0.362752702277196,0.320080245041807,0.305714676685194,0.692423840995298,0.589884987646866,24.5683088645214,27.8535626301996,2.42177591991451,3.3272853808307,0.260825084421331,0.576582195650063,0.642382213829316,0.106426241977323,38.9092278014503,2.93657202261514,4.02550140460593,0.980253984067181,0.0973651789891272,0.602996294357777,0.015970519549719,0.0855741307412588,0.278892545021072,0.165570310414533,0.222044236635856,0.647403884325394,0.549915714265723,0.651262985442371,0.352995497509236,0.311351732628919,14.6315195520492,5.62744519554734,12.0985577408403,1.47915616426358,0.825653852343691,0.00196363576166479,0.0151624398172765,0.10986396382177,15.1521144210027,26.4396794689507,9.52988645794088,1.48126813996475,0.0525312390809672,0.455828139892633,0.281250231269057,0.0233748334749916,0.903503266905423,0.250859227981545,0.717450889042744,0.326233386092665,0.13936162100665,0.4647812582304,0.0929525140033578,0.0368916019824584,0.739610009359796,0.889123322432096,1.80652369360548,0.0990717533283247,0.694613798107718,0.169069218891949,0.111064447031769,0.224560144126004,9.55026617776969,30.895549085405,3.04236017647299,0.928186231306862,0.157923590878039,0.187860445745353,0.0376693310601572,0.12770382965312
14.2348607487147,22.815883547976,3.26318010224208,3.91371601144414,0.418378473430852,0.247941123267442,0.178707497451998,0.140287643803748,0.355511212649716,0.270121982624396,0.00172158360500183,0.292449193873074,0.278599778420845,0.508477001434538,0.492735490137145,0.816528880413653,27.239358924176,42.2063617951956,2.66984386244099,2.33689742472408,0.254519892129795,0.630354321622435,0.410715742907246,0.0916951953917265,40.3638325351317,2.6462875318786,4.36201961999692,0.745045081395872,0.13045312770463,0.094631261084788,0.0183890335016768,0.00487888710746513,0.671202613572084,0.167085828960314,0.313107647991108,0.513880166199337,0.447284231457232,0.401075204735028,0.51324899363427,0.17435851816373,20.5974628225571,9.64967253437109,10.0403560156106,0.51062175008987,0.98195195830811,0.0021640629650352,0.00657697436380749,0.0529382567987835,4.68126605372088,21.3250261637447,10.8649047016738,2.52947506921525,0.108223889270728,0.385691852911689,0.350609433822286,0.0195798126053966,0.0380855336200638,0.32595980609815,0.434033903839389,0.439864135259768,0.24298653330279,0.159692069043133,0.104755852387109,0.0529300642521565,0.667568265783636,1.00344763609813,1.43488086193873,0.105226535336738,0.828799879027766,0.0878271418583532,0.148114007038861,0.133836308599214,5.8019951112357,21.1664582433087,2.4953345803578,3.21841864673754,0.274454288059967,0.136911564249678,0.0156778708247007,0.212333259860962
13.3561512768247,24.3972569639377,1.38904821209251,4.10846370978369,2.05714644773069,0.296583461304881,0.446439687446828,0.0577621595625169,0.0146502613580736,0.721894303171189,0.00319433006474361,0.582174210012109,0.124132782184742,0.0462345919465244,0.811151236971571,0.775331882656993,25.9470687882655,27.2560779365923,1.80969538607955,2.94604022865202,0.312868600996939,0.341936186257737,0.862677541080126,0.0822859903737266,64.8131446976776,4.05358663122432,7.00604994193455,1.42298790737967,0.028379918707104,0.693259580324453,0.0128266189000386,0.0610200864902669,0.212877183587744,0.169792190796883,0.114014135071658,0.657310483980264,0.12646207075244,1.00261026631825,0.214462461530954,0.203481024150396,13.8323251609148,11.6566433488886,13.3560508462752,1.36491405229193,0.955640246327828,0.00159331904686314,0.0126115279071032,0.0764730435067865,10.1445801036364,9.92230256508299,6.35709519025634,1.16038666980222,0.0445382769069213,0.336453589805914,0.437764302888748,0.0201029907774688,0.931849305780041,0.471088656780526,0.393885887390022,0.350797859927305,0.223215771809444,0.412794951997167,0.0179216342329678,0.0410438744752078,0.799041123041999,0.711943716222373,1.43496760961424,0.0518528730604975,1.69598243125777,0.0499700952490356,0.0219095588257957,0.142973383958878,9.70502146771837,19.1233048117714,4.57862681285386,2.50119359746551,0.0249214324243925,0.199761985219982,0.0260620044114964,0.0888680621893862
17.3533749236351,19.1210605968239,5.74044123814218,2.43506137242894,1.11471719409751,0.449829279163753,0.141982293146647,0.124409192954506,0.267887902838627,0.233406638144334,0.00256347261671771,0.398919185006781,0.186378797829033,0.405800861398124,0.815323076342191,0.711197854547862,16.1943118894148,39.844273434858,1.79876607743713,3.24887122089291,0.0195339616385304,0.678965986610659,0.518901498020843,0.0920364881310156,19.7686721345228,1.63928314610782,6.24701646871261,0.551503614139334,0.214559190495396,0.678450601514379,0.00132292052017223,0.0909803244035056,0.680211498602064,0.0876030666677602,0.0789232247930985,0.565069970697328,0.277083828650233,0.509746839435934,0.153510031847699,0.358750735744594,11.1717972467596,4.83875577744911,11.1163062175812,0.880217384291471,0.819937472408368,0.00182903446751846,0.0359206810560139,0.0546739558994874,13.6198949451341,34.7067987984407,7.50680167832178,2.97297288709791,0.0721185956536303,0.442158748945507,0.356586585343196,0.0121528297490423,0.420925265639727,0.288170646509601,0.468264980162311,0.428561999476253,0.275239963874853,0.264712893008505,0.073973885005691,0.0184091301145105,0.158580884421141,1.66342243152759,1.60736773241926,0.0831854077887514,0.751256366680751,0.104094586731325,0.025123304909725,0.040700554795519,14.0483338959774,23.1546919994391,5.1442977130248,0.610435148124826,0.0971166134558126,0.115921144879895,0.0239905225427127,0.047700967900866
17.0887273230779,20.293769158611,2.73467780336956,4.96560855786594,1.60716884340423,0.261641710346605,0.197674592492926,0.163371720611578,0.071329793107863,0.475408327288074,0.0074530424036529,0.392571176336983,0.175505907649629,0.322036328100959,0.58386763583385,0.689244271611382,20.9133642146796,41.6185283439074,4.76169197851842,2.3146787464481,0.452109239377427,0.283347755217331,0.555820478851697,0.0679969209615063,22.1951224321147,1.90825431154567,5.22117515560772,0.807477259138248,0.0754154235931046,0.191497975107875,0.0121967504872076,0.0100364244355487,0.309880136779463,0.0644193664705801,0.077947225531716,0.513550804653925,0.492407274917468,0.648627371762251,0.527321041832542,0.201022320745521,15.484919382871,6.03438309695739,10.4558540394012,1.33935941575243,0.649323741818898,0.00107235797115376,0.0118588489955869,0.144931335061534,12.852525333435,36.9089394816898,11.0658120754997,2.0731376350975,0.0729704265310342,0.413283927339589,0.281073704551319,0.017307077396554,0.803858796020192,0.118039445640695,0.492051918741248,0.466287044517291,0.177198647795571,0.390194822626039,0.112388211993611,0.0485375293449845,0.573187585183938,0.847920013979697,2.60547446640111,0.150118225930881,1.23446516821172,0.163789707455966,0.0708138239076657,0.107745100769434,18.0341035929789,22.5188691838714,4.2282888503154,1.87644333601764,0.398750456416929,0.228873975727188,0.0677410090995333,0.121799995973995
15.555044877248,12.3796938143964,1.31364985865407,4.32714474738662,1.36160271037547,0.299036791796456,0.220679582868951,0.0356955933633777,0.197419762985538,0.347510976975887,0.00220646449940798,0.318005682677709,0.0912666177596191,0.357071058064757,0.438016255126153,0.809443473144623,26.5182919749051,41.0207660251516,7.37158095866831,0.638880296467229,0.322072764600621,0.457996939373951,0.442675448182785,0.0650333870027131,56.0374015388997,3.62312378773116,4.15603351585754,1.17632441050053,0.175680640784347,0.463901348874229,0.015955056732166,0.13466577984749,0.549344933206963,0.0755741437486265,0.259010449484566,0.730608108697414,0.492602792908221,0.686098901075713,0.475763365364447,0.0600284397909563,6.16787834583647,12.738078747264,11.0611833326357,0.790689158439181,0.918255450453806,0.00229186157902945,0.00892184446177714,0.101124798529601,3.53548153661917,29.4995873943098,10.7014697830666,2.36395769838084,0.0321453179358227,0.116822059296419,0.25666483135892,0.0193676306479264,1.09987364028212,0.305043890781005,0.474565552712924,0.370036140228836,0.305232482188545,0.23180411632957,0.136471902633842,0.0647832901134016,0.40660395884566,1.23798271841623,1.54825528993495,0.148290170014352,0.818666934860413,0.244500955603308,0.146167666818757,0.171956630387748,18.9458325467431,13.9554669632077,0.708574139215191,3.76298375116896,0.123127543022745,0.11003572017806,0.00349763576446482,0.127583295965551
14.2348607487147,22.815883547976,3.26318010224208,3.91371601144414,0.418378473430852,0.247941123267442,0.178707497451998,0.140287643803748,0.355511212649716,0.270121982624396,0.00172158360500183,0.292449193873074,0.278599778420845,0.508477001434538,0.492735490137145,0.816528880413653,27.239358924176,42.2063617951956,2.66984386244099,2.33689742472408,0.254519892129795,0.630354321622435,0.410715742907246,0.0916951953917265,40.3638325351317,2.6462875318786,4.36201961999692,0.745045081395872,0.13045312770463,0.094631261084788,0.0183890335016768,0.00487888710746513,0.671202613572084,0.167085828960314,0.313107647991108,0.513880166199337,0.447284231457232,0.401075204735028,0.51324899363427,0.17435851816373,20.5974628225571,9.64967253437109,10.0403560156106,0.51062175008987,0.98195195830811,0.0021640629650352,0.00657697436380749,0.0529382567987835,4.68126605372088,21.3250261637447,10.8649047016738,2.52947506921525,0.108223889270728,0.385691852911689,0.350609433822286,0.0195798126053966,0.0380855336200638,0.32595980609815,0.434033903839389,0.439864135259768,0.24298653330279,0.159692069043133,0.104755852387109,0.0529300642521565,0.667568265783636,1.00344763609813,1.43488086193873,0.105226535336738,0.828799879027766,0.0878271418583532,0.148114007038861,0.133836308599214,5.8019951112357,21.1664582433087,2.4953345803578,3.21841864673754,0.274454288059967,0.136911564249678,0.0156778708247007,0.212333259860962
12.839235185603,12.7656104904732,2.80476582370801,4.20402224698047,1.81495386331473,0.126907230265985,0.361252474675841,0.227432445054008,0.201272657911527,0.330980269870881,0.00449470710540883,0.266253518906928,0.179657982862605,0.149488813575505,0.718962571276956,0.753859718193693,19.6389233018429,50.100428529134,5.11170144298656,3.47133350983715,0.168934678083188,0.211416576742777,0.341259543334822,0.0560506032600612,31.5016652071484,2.04046696384035,6.53394021044507,1.36979619156979,0.229197313545406,0.376461490447598,0.0180940913691086,0.0662035016592174,0.384162610460025,0.11061494426737,0.275838775391352,0.861254321211935,0.307260672024825,0.478877373414279,0.240359818796399,0.254454626482359,21.984860508609,12.0288952470195,11.7895942324429,0.787360496214373,1.43913166114765,0.00147097646443019,0.00784662512767822,0.116541149698531,9.6643057085021,19.8413809072414,10.5587296593018,2.17982076987029,0.140321466004698,0.379827113166547,0.645947776541378,0.00701059254577856,0.7141886978364,0.253191090386409,0.464741784871053,0.511254000669134,0.289094630454374,0.469012543286929,0.0758416666977645,0.0270499397662093,0.656624581978421,0.987457484348124,1.68051404653642,0.086778553949636,1.13994870823149,0.210422081814513,0.0885450549859376,0.208660166333697,4.17797491265527,11.1105547894246,2.25390384375428,0.645426101603332,0.0775644369160337,0.113837541173567,0.0120014649654321,0.163815015356762
17.5377339729803,16.7290424157964,3.56837183989991,3.28344964844966,1.489808981591,0.313814645009119,0.27262380784857,0.157809165602558,0.112815543740058,0.595218502072516,0.000581109381689942,0.425788761583506,0.260482611605998,0.0524402008350577,0.448467445782992,0.740225518424564,22.9161927870824,34.2793259094408,6.42164582738282,4.12543331576488,0.342105917220347,0.556200299072954,0.681266231699159,0.0568620482103251,31.6199270046174,1.23416601891583,5.32281143204581,1.37052191153737,0.322217076289812,0.494018275711475,0.0142998139841301,0.0503923688737539,0.490041108190281,0.189659266966205,0.229475582686934,0.446047598630245,0.178209719749011,1.36051434364129,0.467798473773719,0.286868225997138,3.08477679553507,5.6153897583078,12.5850489987574,0.669703026855294,1.27672623476233,0.00106274210214836,0.0208174940556773,0.114563244513827,8.89280098720524,33.8381754058685,11.795935114984,0.818536873363022,0.00414286934644767,0.348365876252024,0.249408601689037,0.0312142079046019,1.0041791328384,0.208915040462201,0.17957062942767,0.442056462384298,0.259670563718218,0.238388810158281,0.178767318251773,0.0200605301400104,0.580242793813834,0.938709865490532,2.20967577127351,0.0452578624241082,0.916130024442668,0.0601331857760042,0.04639779567651,0.217482738930388,17.3225026140799,14.3172683736272,1.1750388928694,0.780367624883771,0.427569047314634,0.107601678799817,0.00194252666520166,0.100809137187116
11.0028777538288,17.6975321976522,3.91576062016944,3.57859686982926,2.47272254568741,0.419102658149407,0.297646077726221,0.0977193288485553,0.355053457080905,0.231278925125543,0.00433195802975735,0.70170488672451,0.297032006565302,0.431882558832603,0.479547150715681,0.727967480910659,14.8362968734579,19.1652377730625,4.73338559365513,2.63940566205423,0.145478573410677,0.568219095000445,0.699105846123198,0.0591043598977083,16.8295412622817,1.39654553398046,5.79752766483713,0.892981490988986,0.174588282887586,0.284279434775993,0.0100480031197796,0.0774417456525186,0.227989073717864,0.0707519147404693,0.291760511841613,0.467082428321287,0.327511968669045,0.281598702411359,0.490907122947912,0.225580559105629,12.2108501074991,9.8594351955768,7.74218960306132,2.17946333750297,1.09684105600361,0.00142671181231578,0.0118352564161174,0.0900607178713252,14.7408533432865,31.1385927975863,9.86511406555779,1.4667597807498,0.099684353513795,0.61542229631374,0.349778249677723,0.0220242314371175,0.837733493873025,0.664563253133069,0.252175332716015,0.19089645015788,0.253028056607871,0.380374879149298,0.0851140064336185,0.0181445987955499,0.144308395824582,0.36013434074836,1.42537571839146,0.0343911146017452,0.928210127036671,0.239603536629553,0.120860800138923,0.157039547869647,18.2457103335474,21.5744470623121,1.11608011855802,2.8727139822892,0.0985464856224583,0.163205875095961,0.0604382044846003,0.167852814374027
18.626613321242,15.6905712554217,4.36059297408479,3.04141281510903,1.62053682669203,0.327445453373576,0.030964779392354,0.11915471307905,0.160376227397454,0.475815238445619,0.00454051958203119,0.679260003270126,0.276732242993634,0.332678764129355,0.535792152060408,0.717703387345913,16.3517973856648,44.3707444710026,5.27269269074906,2.18383265439466,0.246533414757533,0.284022243973413,0.378730410468571,0.0651290324960952,33.4832507342812,1.67035063067933,3.11049971505959,1.70270514569764,0.0998890940536949,0.21180997351779,0.0101067667215983,0.0478919972794633,0.697418663151202,0.0889163220619897,0.354339022936113,0.456255966905226,0.360125162729913,0.527422730512704,0.577127717062409,0.255027178855408,16.6401806423299,11.7434678541268,13.1349234157393,0.4139535725303,0.685022617923792,0.00126146953176371,0.0219056405491871,0.0354271504863088,0.798216361114745,28.3268137554398,12.6198280385545,2.09762401716423,0.0274204797895749,0.103596531346694,0.580028158318117,0.035331516349117,0.629323808894534,0.41193931117454,0.33668057484782,0.187978134768686,0.264875948257141,0.405044451765414,0.133801045021855,0.0298039054343219,0.691026434577181,1.71514736936891,1.01983723972297,0.143209977789543,0.923240992476075,0.105198353063754,0.0645957305801941,0.0712124926072225,13.2733673653356,21.5871341252325,3.83226741296929,1.02363955827737,0.385538277271268,0.171488980283299,0.0677953039381216,0.110971785270194
9.37353341095967,14.1315910597791,1.89105618799934,3.92233375517473,1.30167994116996,0.366210189044929,0.160961905751302,0.118366739849969,0.187924848182779,0.157801066585158,0.00896100650120878,0.45341513955029,0.126052116599277,0.310475623186356,0.54290073117815,0.755411080810543,27.2528664663997,35.7374669456177,5.71937288431906,1.94749810010907,0.214315880817782,0.337095590615408,0.604666825740935,0.0512615665120482,38.8825082649464,3.407565204165,5.87642675990635,1.03756102512558,0.176131225414835,0.509054478890713,0.0148943338185509,0.0671679947331096,0.919465615781615,0.102718585021733,0.26747224860806,0.364417615793815,0.290123735957086,0.542188318176488,0.330442597798586,0.318176302414437,14.401719939776,6.37803348617051,10.4559559705395,1.79485243403528,1.40695227611836,0.00138353904425541,0.0153559538418676,0.0352463412648093,7.58515443862694,41.3019894231986,7.36511801508624,1.53425008416218,0.037745230431127,0.501357781708233,0.0627683608419835,0.0155627188297121,1.01364406860177,0.527437926142902,0.830479097457016,0.178838260261479,0.297112595895646,0.269787126636753,0.0688517665348648,0.0387805712048632,0.562329153939406,1.95499645741686,1.16828382418456,0.16476379358097,1.59956858596439,0.208656266412025,0.155932414719444,0.0564010202752265,17.3496006428196,30.3360927243066,2.26529739173575,2.45940532933614,0.109375567031409,0.0486803226823396,0.0452774454730403,0.144173479528188
13.7455961310955,19.2561085530918,1.11494407282203,3.29267721952334,1.01566314394244,0.167321694478926,0.293265454895957,0.153566206052514,0.18854923026595,0.527745260732873,0.002505598764254,0.455300628372188,0.305957892553764,0.302740932898063,0.694078442576197,0.956419174436024,11.7963953589453,34.9236490095356,3.50692940426046,1.24573478739277,0.134339359968955,0.289920892507829,0.701687219023572,0.111433266857501,39.8985163156861,1.72235239155629,6.86462092441744,0.126875097450517,0.0736668992066712,0.332313147190235,0.0126714733907252,0.0400384536945741,0.648013387999821,0.131355465361812,0.246900403442327,0.324870162735513,0.598845413418977,0.611462674630645,0.144230816623779,0.126378857726447,20.0187190860254,11.5902127701874,11.5046201323212,1.42599432932962,0.641031411447978,0.00135499155346619,0.014874248435826,0.116153517532395,9.20959533224412,32.3404958513597,13.6755326985421,1.34917356401333,0.146499459118242,0.527319772074996,0.327990419086942,0.0231172065297944,1.01990534039609,0.182264905327698,0.509219703359495,0.411125373388273,0.239412813237876,0.0952507604356602,0.0762428495958504,0.035722658419232,0.899235685841092,1.02796485846085,1.4644796144032,0.135591067205008,0.487743804571775,0.259117437041588,0.12631047010147,0.121135725234063,10.4290843968593,20.8037423464514,3.93872514162969,3.04675612573528,0.336177028386673,0.20116560375472,0.0610246896956781,0.0791695577183632
15.5964137210823,9.23908041886471,2.22714347468022,3.76260760178297,1.85255668682667,0.331267665720218,0.300592866384407,0.11438003252604,0.345439639057127,0.27012200505786,0.00466996565817326,0.295787393087317,0.400841773135301,0.31279553772626,0.494029489866998,0.858035444901412,19.6806649883125,48.1758939713754,1.85696320944404,1.44500591894569,0.178876733284042,0.280942799062222,0.452996115022253,0.0288335103705847,30.2572451227412,1.2001675821414,2.96485218318724,0.762330781058173,0.221920386353322,0.165600460245472,0.00728459896077295,0.0612735280062475,0.592892441845379,0.152714019886997,0.164392263133715,0.717054200235527,0.377750902915683,0.612500804089888,0.519409896912437,0.18780218783747,17.5367165063151,4.93320468654364,14.1618797744581,1.79770498129304,1.05023044294925,0.00139274140385458,0.021747806153061,0.130177454535691,11.142751479928,34.858180902479,13.5688608541712,1.09198974740024,0.0320002332074701,0.550204455925031,0.296559934120442,0.035278937215671,0.680919837966082,0.501118865515959,0.192083513541695,0.252667466499018,0.237382467853919,0.329195272864619,0.0812799052862061,0.0541560728968401,0.336848079468317,1.20230584066407,2.24640317261397,0.0973987629987202,0.670097529779404,0.160739418328057,0.0837340377004844,0.0315739218521045,19.9465780868165,12.4153828256038,5.51292596107658,1.65780303366488,0.21279564369955,0.153031683465092,0.0403985214018432,0.154625109755714
12.7458687583466,21.9975034934753,1.45095961334618,2.70702906152008,1.63448021948302,0.286126698128357,0.321785683687407,0.0403722836010784,0.206474431686217,0.530687742511419,0.00286454973531277,0.215325665634655,0.315214950497357,0.295479491673522,0.641179222867726,0.729019522597678,33.2480967458847,54.5942926204908,1.0852415825608,1.92447938884401,0.138257942714322,0.383532481198962,0.604493496916398,0.0663770083469235,38.5658806442966,3.31745698784661,0.979829862736271,1.99055993530839,0.14080442741195,0.498960692234464,0.0122510635173402,0.056845639715277,0.454533209740714,0.181364592739258,0.175310400507739,0.942035926228707,0.370275877652377,0.742835320732937,0.308213048507527,0.278082534903053,10.1837054735674,8.28061803457061,11.4156491372595,1.97622696655034,0.983120528658541,0.00130697215724977,0.0159460117163087,0.0955232325531451,19.8726074245262,31.1882486289911,11.0496346025693,1.93146268046155,0.0678568748920059,0.275161899843046,0.178593906551564,0.0212917837567754,0.758908932654701,0.16454207343474,0.509574273021422,0.344193905857529,0.204919890926421,0.276142986741657,0.0719500830011296,0.0359927930580914,0.674805793964476,1.20093642718735,2.02066899112274,0.0749129864262885,0.873953347653247,0.0223143626555032,0.0346386102470263,0.159906567582359,5.94945260164619,4.49734885388854,3.87979035218163,3.44199242999896,0.160517681388073,0.129996255709701,0.056010540984134,0.046662730519976
9.47277586975649,14.662225076509,2.83957205353162,3.34496892557082,1.30120814379318,0.415078885158321,0.179397431188967,0.106494148007095,0.199185167827241,0.0866905654552195,0.00544742451977145,0.349439948470751,0.36545802043887,0.313526855394897,0.781888113288354,0.678696265940257,16.3605877922172,21.3992424206818,3.41122742288626,2.68709822717454,0.197752680134588,0.383684202708985,0.781482441525494,0.04228868353527,40.8520191718477,1.90065406155774,8.72743329241089,1.49683289579153,0.228048371905355,0.421045330285444,0.0176604319116912,0.0708350660603575,0.375251464776993,0.123197417856416,0.3228113933594,0.711820204831125,0.437887335935775,0.510235619896259,0.183976094691701,0.355555982382478,20.8612763200768,7.00784809661048,10.9669037324516,1.85027082976251,1.13002894657912,0.00204341800650031,0.0136442957307943,0.0538869439292946,6.73552047415139,29.4968513398266,6.08445982188041,2.4861472727352,0.0627876036013682,0.0480231708885246,0.352710423791466,0.0192155582404578,0.796537365979186,0.187064832394485,0.464019652028588,0.441860636616458,0.123901377475218,0.375975302673532,0.145700933965755,0.045709658035925,0.401020953426802,2.38957420522829,0.958968437296884,0.0801088597627934,0.7407090007934,0.181365300773678,0.116767071287423,0.191243558022681,12.9836356003714,20.0662271013747,5.10691375450126,1.42719345598823,0.224588012741125,0.155579390501415,0.0249412795345882,0.11785526790405
16.6609881816797,23.2679969742284,3.4976025390014,3.24174063647449,1.25682746709824,0.452062834079507,0.474354473057106,0.098580640541847,0.369924259771134,0.159243723740195,0.00434753564388261,0.484102042876585,0.168065862703234,0.2816164438572,0.837422836123936,0.719950862772884,4.85991446194076,31.4713583797588,3.03105531414797,1.94261580448745,0.259374567488088,0.467866884013589,0.0475745083341601,0.0701390946654831,26.1043502964101,2.96392616459475,4.34688408583221,0.42603799999628,0.163469227311362,0.389713261169721,0.0130034146526448,0.064129609387016,0.369561246920573,0.122298341532676,0.100875568690499,0.254623027138126,0.55143956617075,0.623732666544434,0.0930568610111642,0.326811954104802,22.4171732904762,11.2993059016342,11.1937885341752,0.709495853634428,0.290699196502846,4.45702353743251e-05,0.0284095318511212,0.0690879835717562,16.8282926846004,35.2743883346242,6.21145082029933,1.71228475238422,0.0788230181185528,0.394641048730539,0.346542445086089,0.0292289442278156,0.945087632067175,0.248164321863376,0.109574418677093,0.544831388894727,0.244373682012706,0.421573493688458,0.136646041559862,0.016656365381039,0.466589245589181,1.88174240443669,2.47130415953303,0.135828108502117,0.83113223858738,0.0491284518689184,0.102966967535038,0.0980388526564808,18.3910773479464,21.5111409358749,5.96525249415486,4.01798246828269,0.32502190636497,0.111473632053907,0.0291088624995568,0.129350811745358
7.59680942076334,22.7105643611862,2.58629361946307,6.06344188480495,1.5628974464508,0.555292828280703,0.296101261789176,0.151985246423756,0.121957681471409,0.708846452141574,0.0062968277209304,0.166412426112519,0.196232765303956,0.139827991855125,1.04830367202718,0.662772941075778,31.2725293159337,54.3742038623612,5.41962264548745,4.37694674188401,0.0904783866746043,0.416327693292536,0.301778781853754,0.0766968035188677,44.3888171747951,1.88166403155811,3.52587546524267,0.496757087829124,0.0917831571488574,0.278650818004683,0.0185783317797885,0.085913791564046,0.601330089790678,0.0793490037868355,0.208424439231403,0.676341114738431,0.270707642546409,0.728285582895714,0.131175988482834,0.253108296083745,2.69113064707795,1.44475391553949,3.96533792694263,1.30207134450993,0.996612742457235,0.00135547027916089,0.024097272013491,0.117455171304364,14.892803971233,50.4151903343986,3.2260281402133,0.950568567786159,0.0701844311463288,0.514270187567379,0.189479540804314,0.00705132796947628,1.01129990966547,0.375688592935143,0.654436398608182,0.47840307024482,0.270915531838758,0.48720193844167,0.0663577343585207,0.0754731372268817,0.462915501683051,1.60836219778279,2.08888398511304,0.161165541013868,1.24426405313554,0.201808313762069,0.125095385764727,0.131086558631629,13.9192558573543,19.1379523525815,4.94263396736785,3.67466702883719,0.3952898256924,0.0533320013518919,0.0202836830487358,0.0990207779103064
9.47277586975649,14.662225076509,2.83957205353162,3.34496892557082,1.30120814379318,0.415078885158321,0.179397431188967,0.106494148007095,0.199185167827241,0.0866905654552195,0.00544742451977145,0.349439948470751,0.36545802043887,0.313526855394897,0.781888113288354,0.678696265940257,16.3605877922172,21.3992424206818,3.41122742288626,2.68709822717454,0.197752680134588,0.383684202708985,0.781482441525494,0.04228868353527,40.8520191718477,1.90065406155774,8.72743329241089,1.49683289579153,0.228048371905355,0.421045330285444,0.0176604319116912,0.0708350660603575,0.375251464776993,0.123197417856416,0.3228113933594,0.711820204831125,0.437887335935775,0.510235619896259,0.183976094691701,0.355555982382478,20.8612763200768,7.00784809661048,10.9669037324516,1.85027082976251,1.13002894657912,0.00204341800650031,0.0136442957307943,0.0538869439292946,6.73552047415139,29.4968513398266,6.08445982188041,2.4861472727352,0.0627876036013682,0.0480231708885246,0.352710423791466,0.0192155582404578,0.796537365979186,0.187064832394485,0.464019652028588,0.441860636616458,0.123901377475218,0.375975302673532,0.145700933965755,0.045709658035925,0.401020953426802,2.38957420522829,0.958968437296884,0.0801088597627934,0.7407090007934,0.181365300773678,0.116767071287423,0.191243558022681,12.9836356003714,20.0662271013747,5.10691375450126,1.42719345598823,0.224588012741125,0.155579390501415,0.0249412795345882,0.11785526790405
17.5741190711944,3.82088171993196,0.957725229935868,3.20690253755858,2.00807956636365,0.389666959304105,0.0192193532913666,0.0988875599120516,0.232121167916445,0.296705297280813,0.00280807153611023,0.657156092644622,0.347823383720334,0.346930327259568,0.629943108090614,0.779886952824217,17.8752427634265,45.6482862542264,0.627274657258001,2.95827711601747,0.407878438051403,0.468416525850394,0.46298296333058,0.0507826169264844,38.0688269740813,1.42748042717713,5.82973854989503,2.4719773237525,0.134335342245482,0.458464406405398,0.00909889124596434,0.0819210093167678,0.364342923964,0.120476917243879,0.331777480262923,0.230914371385772,0.639395267623394,0.49636771682254,0.391877619278305,0.184298458646839,15.6594179284633,13.1660233282975,17.1120417727072,0.321643914698157,0.946852931958568,0.00127324987379289,0.00325405255700329,0.092824080264942,13.0492996714707,46.7552496685014,7.41692782692114,0.646936416684877,0.116721918212619,0.301848181341726,0.203076546193684,0.0180802388637174,0.482420640268458,0.291575785696058,0.579202790325566,0.311112232055414,0.237498786445844,0.37881458095661,0.0357851438859291,0.0126316166846966,0.414638632353807,1.46181685915323,1.21947733981685,0.136530616048229,0.15201951792279,0.212061307463374,0.14892721710229,0.0853308234780937,18.2938204859869,13.3927398255021,3.15844564963653,2.18868829710975,0.449737078674361,0.138498741427659,0.0219070076994436,0.162988478635872
13.1653310010854,15.2790475012713,4.19152767195878,4.86206221936162,1.44442174504493,0.421872435157903,0.18429138096744,0.238337587677757,0.189557582727074,0.360398311671004,0.00607515379430269,0.151366094905715,0.0892436146701015,0.191220580188006,0.680179806046035,0.780977020587676,30.3753532510766,39.9750535293448,6.37192109092907,2.86241146683463,0.28740101181399,0.207163814882784,0.178320444967921,0.0425471086166573,21.6787600644947,3.72620005795935,8.07802936392811,1.63020945329349,0.182256502886018,0.968014741360491,0.00674546471104273,0.0474571635164003,0.455459230567844,0.0986014228110411,0.317737117172416,0.891893157973615,0.372086173797293,0.691084533143878,0.334853924092968,0.103146725294121,13.6622206774566,7.50966389784048,9.02693877187647,1.49619808886433,0.163636666922137,0.00190518020873254,0.0273618139883039,0.0721024855636981,13.006314607656,28.8084034146323,5.89438355930952,2.05483701406721,0.0613802216607047,0.376062126160588,0.325163835747921,0.0297395869132497,0.787135770667419,0.555943821586691,0.625421210637442,0.407604346329952,0.25256928282776,0.411689572388652,0.0348096249413082,0.0213017552942338,0.536639086907412,2.14041633491872,1.44533609110252,0.128137770235394,1.27477987607223,0.2162415435019,0.184739827167147,0.172317743218853,15.8999876608552,13.6924174436211,1.14544950434452,1.71076508963524,0.307926929199335,0.212804670067703,0.0546287474856788,0.150405425719903
9.47277586975649,14.662225076509,2.83957205353162,3.34496892557082,1.30120814379318,0.415078885158321,0.179397431188967,0.106494148007095,0.199185167827241,0.0866905654552195,0.00544742451977145,0.349439948470751,0.36545802043887,0.313526855394897,0.781888113288354,0.678696265940257,16.3605877922172,21.3992424206818,3.41122742288626,2.68709822717454,0.197752680134588,0.383684202708985,0.781482441525494,0.04228868353527,40.8520191718477,1.90065406155774,8.72743329241089,1.49683289579153,0.228048371905355,0.421045330285444,0.0176604319116912,0.0708350660603575,0.375251464776993,0.123197417856416,0.3228113933594,0.711820204831125,0.437887335935775,0.510235619896259,0.183976094691701,0.355555982382478,20.8612763200768,7.00784809661048,10.9669037324516,1.85027082976251,1.13002894657912,0.00204341800650031,0.0136442957307943,0.0538869439292946,6.73552047415139,29.4968513398266,6.08445982188041,2.4861472727352,0.0627876036013682,0.0480231708885246,0.352710423791466,0.0192155582404578,0.796537365979186,0.187064832394485,0.464019652028588,0.441860636616458,0.123901377475218,0.375975302673532,0.145700933965755,0.045709658035925,0.401020953426802,2.38957420522829,0.958968437296884,0.0801088597627934,0.7407090007934,0.181365300773678,0.116767071287423,0.191243558022681,12.9836356003714,20.0662271013747,5.10691375450126,1.42719345598823,0.224588012741125,0.155579390501415,0.0249412795345882,0.11785526790405
14.4254813747441,16.0395755594226,4.18581094439186,2.97405860802647,0.95396844601582,0.273199680196237,0.299499674871771,0.209433655633489,0.331484185207772,0.609221994819634,0.00557186266551624,0.193637555230427,0.39967057132132,0.25051456009338,0.592987471600356,0.725637445605973,17.8732809536568,32.9162308287794,4.13207453112623,1.30002049248464,0.236782101411827,0.139369090866964,0.620790400333498,0.0868854589524057,12.3606539656492,3.57178441465378,9.99927321224612,0.851199119429483,0.0636098244626927,0.0645195310154871,0.00775701757475064,0.0868154368680263,0.839033744732398,0.148032979655308,0.26991269419127,0.620090677728398,0.305043059241169,0.600548521908064,0.423729436291944,0.266404200609796,7.667266345023,5.15652780950716,10.4934680873689,1.6625641812392,1.325750714518,0.00253492346434423,0.0164810535985577,0.154399310576978,24.9743713607939,52.9429169601727,9.06300888864571,2.21359518578678,0.0566850664511462,0.121033477465361,0.267446649492554,0.00706640301779857,0.609312553904592,0.109314552014423,0.44423816206882,0.44728320938653,0.2599567693811,0.444179494394742,0.0443615342573624,0.0225802802573671,0.29525422964278,1.48175933070615,1.39710113944331,0.237046071026474,0.682628740427815,0.233320997019477,0.134112012155258,0.217374308008253,13.4876174722835,17.8490392926247,4.51535494550496,1.11787718388733,0.127233045742456,0.283266477536547,0.00842992189506409,0.114677606989268
1.37828026502859,31.9542250812144,2.73580211515005,3.17907864383041,3.08061569423875,0.409203131746857,0.290298044937946,0.129702957944045,0.0826021438024621,0.296608631424025,0.00618068593126096,0.376528593933593,0.217667252250821,0.422342501256614,0.853066315147655,0.45358542898666,14.2646574806575,15.6778805005751,4.36431328981481,4.91325957097546,0.0511745878289128,0.278450680997504,0.824040214717568,0.015927574196429,23.8527969455558,2.13827692945801,3.89664892688643,0.523689802600683,0.237960217137145,0.649718200474484,0.0136943861720701,0.0514704992004952,0.277127905998955,0.120741654501928,0.177254154297073,0.751054969613884,0.322590532370653,0.465299468095885,0.13923356196789,0.521690431267218,15.1522091447448,7.39564341746608,14.0575431411069,1.34551739128756,0.660258972762543,0.00105211177830065,0.0133922485513803,0.0457702861127985,26.60562383504,21.4064733417964,11.5591873489325,1.37190068278748,0.0279987000010721,0.457561929116442,0.406317911742887,0.0154866206290816,0.826195704258143,0.314094409418949,0.803406997475556,0.213400618067869,0.295682998896031,0.394333986035578,0.065649642260979,0.0288478373985967,0.837829600563868,2.20580451936676,0.519365585332998,0.118722299262093,1.1444809089695,0.210104242400766,0.0929654311584727,0.17574476909894,19.3318245484921,12.4671824017142,2.74917761695812,1.59434414074391,0.156485723744511,0.143108091056177,0.0386146262813575,0.103232709271369
19.5133324855174,15.4734986641278,2.07172021013568,3.56459741056963,2.41347310252933,0.262840553250918,0.365385762178426,0.0497862934769076,0.268800674048876,0.355064993872146,0.00291518678716307,0.135717589135442,0.104345719243024,0.427017531566047,0.489532195753108,0.75724782069512,24.6732109732347,24.0072915814501,5.46010424202817,1.31212427309924,0.141286956177238,0.350620437159818,0.603628570992164,0.0780157849278418,42.2993147076325,3.21893344342903,3.51293936173759,3.14582451021331,0.102833437534396,0.439655002128627,0.0147298428555265,0.0884008649542515,0.314032607360872,0.107438076731227,0.387063643003657,0.823604748396167,0.19516543856434,0.566741929319915,0.498719962540276,0.239099809161505,11.697319943223,6.49772208108826,15.7455657914635,1.05619941107435,0.424139017140811,0.000995270545933405,0.0169824973854153,0.0510655694429035,8.3766706416578,38.1424565351417,8.81084456794814,2.16168141148236,0.0516079528467775,0.289141004682704,0.412905664551148,0.025867130639333,1.01214007750271,0.540892552550876,0.344427195452127,0.262732092507976,0.192308746262924,0.284450342977874,0.0861183433035313,0.0418752411299992,0.529355147218585,1.46263095980641,1.64905573436414,0.10809273437473,1.44369142216009,0.0609438928749512,0.109264515036309,0.048948418685167,21.4221623360603,13.3304721499592,3.60879372707779,2.3744478976984,0.234098980474226,0.134985084374269,0.0309166995721694,0.0860983226281464
13.2733612011067,16.8137663622101,3.85239576892436,2.71162630465487,1.9889760399205,0.463950160281504,0.112201182551661,0.168070609106718,0.209710684876072,0.222392024183214,0.00350050077957785,0.260474624885718,0.12934660836861,0.171301090449026,0.621102789649725,0.525460583161982,17.2044341844433,32.6404892414527,5.33421581347287,4.09577571164562,0.0998066140620492,0.338460124888373,0.459134794465741,0.0495713869484541,23.8525718473734,0.165342459599163,8.81823210296925,1.36573005665397,0.089210068780058,0.467880240938712,0.00894613286227581,0.0686789338282023,0.584288648931504,0.0115293147521614,0.288446049855384,0.977681828281037,0.612142602757783,0.526687262762575,0.38182840821543,0.487009340016908,17.7665873394515,7.57980603486262,6.37137337388829,1.95702592113094,1.1283462658236,0.00180667972617275,0.0182286384580645,0.127802833363237,11.7846416166822,37.7787630994532,13.5797044820303,2.63487656387544,0.0231170071452108,0.421605513116137,0.296000056074481,0.0236435183776894,0.214121943427134,0.352004649099448,0.398939988694566,0.340734240194635,0.230122415158804,0.767875915024891,0.0324018034453877,0.0443348588191863,0.570280800452658,0.428306798499325,1.83713383319732,0.145542262748362,0.91332219332576,0.139557003500834,0.130265564098726,0.172304657378522,8.29272838589106,24.7984182967443,4.68717763071743,1.45979345191775,0.18895345557934,0.103788382134941,0.0215065652576271,0.128968550685403
9.57650132008894,15.9450087857761,2.22303252280829,3.56158947731368,1.27470559952623,0.213461323748212,0.454016038226549,0.0954098729316464,0.195712978429451,0.450091261055668,0.00159871005637986,0.273283790035585,0.27766327437119,0.376609271837766,0.681184930516542,0.709959270482258,14.0785014878102,49.3033891635875,2.9922345238456,2.6778263967437,0.108736279317854,0.168405643332502,0.33503785110862,0.0472707408532895,32.4826199156741,1.09292416616229,3.01519054794313,1.21585576451059,0.0275103127573957,0.156391550316258,0.0075349122373659,0.0467094461507138,0.0903576875712161,0.13783770084196,0.34818964327266,0.775126471961594,0.51659194254829,0.463505465662373,0.171937932084058,0.326249541675709,16.7534968696334,4.96192308437544,7.38715329216625,1.69712518437147,1.59299860114877,0.00111224535302089,0.0262229999339586,0.0810703604170056,11.6269692245264,35.9966281007685,10.3699189621935,2.90801705065614,0.0844935082817682,0.383418450764892,0.308054845670024,0.000996453822943097,0.719911379375164,0.316124587898274,0.28946681758733,0.460439163221811,0.120842448683767,0.358742378276186,0.113936853953416,0.0398500241922204,0.820881745525658,2.28019403318098,1.63682476305196,0.174156266568446,0.717472959381555,0.157531879553005,0.196321208817112,0.0299946323262317,12.2824003480216,10.2732233426641,2.56526010635507,3.10279745268926,0.18017729762743,0.129931642160803,0.0923169846124494,0.147669079893406
19.5192107482843,11.6388620479334,4.07140832699825,2.77435381477081,2.29323736074652,0.318199443287,0.30075251112855,0.123777273130519,0.30224725134222,0.750854969243704,0.00264291143696375,0.0438756824088443,0.310859817246685,0.372203787857009,0.688862442729139,0.651084799695838,24.8489870260002,33.987675412673,1.61449917036658,2.00325998143843,0.384162437220572,0.609459584539003,0.548252338545217,0.0581717849396057,39.4519122428714,2.07109623757464,6.47952696881688,0.839111654408069,0.0819833039164393,0.479152509283367,0.00892288651786701,0.0370176504838641,0.468188536054226,0.13565008102554,0.106176961614909,0.907907582265077,0.382518916252912,0.612422610691868,0.326254778473645,0.259352691056854,16.3901478154837,6.21416639851929,10.0321384227608,1.15399829149973,1.95024116344505,0.000592821642822781,0.0158374869062599,0.106873076502262,9.76843525090353,27.7777555554694,9.71055340773038,1.26941822109768,0.0776652134593113,0.663653413725996,0.284303073701996,0.0138642521740253,0.68481026477176,0.132230690347391,0.289126396942238,0.559212018005297,0.0950369696830533,0.163298016328337,0.106233615672939,0.0453315726817996,0.606449525440524,1.15690392461376,2.20350183070092,0.118568521454908,1.18049062425728,0.14878895311347,0.0967090963609781,0.21010617290479,16.213577892056,19.7481398774841,2.63439991107426,3.74154863982618,0.376862560857421,0.103604800966347,0.0492237464432885,0.123196283494301
12.0208295050227,21.5007520649276,3.59882550738953,2.98096406107428,0.477703775070539,0.644172225451006,0.231147525273247,0.104060000567067,0.134557338510552,0.568707831915047,0.00143947324655792,0.441432542952952,0.248039850416616,0.295628501181874,0.421409595624808,0.591070065210757,24.5449157905959,50.6817728196519,6.82829079123256,1.046678651424,0.0683402282166728,0.257583437712197,0.517212757575249,0.0894609276256181,18.1773094636175,1.44586580832148,4.96690410068438,2.25999968346869,0.0849837703465498,0.502965742294726,0.00506009620603788,0.0407980428488861,0.932011766355786,0.146186678519801,0.236059804174656,0.399103725247749,0.530212679721006,0.542563154530566,0.841668665972322,0.325472739225511,23.7043733680782,4.1829952662146,13.0231087905221,2.35812966144051,0.953713498141725,0.000643167317004813,0.0230480221542501,0.136585123661117,12.7112472369465,16.3466724124778,9.20397389457469,1.71209573936467,0.0642183352495903,0.448360431556779,0.439431535780873,0.0226141791564324,0.608536337181336,0.32367234381142,0.456041659049562,0.377689884438061,0.124495991062759,0.487249894653546,0.0989886676002051,0.0480075746947652,0.833517713905814,1.54251525170342,1.98394006439324,0.113142065126499,1.28155550327489,0.219554802746851,0.0358623481362224,0.149937965679971,18.5099497395218,20.711475146293,7.84009317073701,1.23765829880532,0.137237698045062,0.114219000589174,0.0478451366545626,0.0615648872628381
14.7870052928464,9.00090578011286,0.910248112998312,2.82046569349333,1.51948704397948,0.229370713765777,0.298435839813484,0.135486093199908,0.186773501926281,0.379911101657589,0.00503758654587433,0.532030710785716,0.239011813210344,0.248879531600529,0.613659645113201,0.633687088271995,10.9860725422782,26.7912078687795,3.440700689047,2.65423138872179,0.175032057579494,0.433353693386628,0.419678070739936,0.0966638403908099,40.9249243589194,2.45389375730369,4.86811114934918,1.36218961559476,0.0710117208219089,0.459572229020688,0.0203370152502629,0.022227196676902,0.518988296216583,0.117332146014622,0.31841106020731,0.555180116509032,0.664193987850658,0.74779694222836,0.397909093627996,0.327859440923481,21.0413070085428,7.17050464358253,12.7756372690338,1.67684413785928,0.78342325843994,0.00197433726829133,0.0165339802135069,0.0524547438473738,8.90443449751411,28.0558366543892,13.2861032428765,1.70248650506627,0.0850196337695224,0.437677661219779,0.283291498944056,0.0286328711114211,0.843228480450532,0.345503755254996,0.434454738446611,0.466364879747592,0.113037288148362,0.320342187460312,0.0822233669986747,0.0383489154633083,0.345031821952347,0.633096836243614,1.28519523048178,0.120827821933203,0.69669433109183,0.140303293985411,0.139755136528272,0.145742225433584,14.5177436828809,19.1328380683457,2.77611252794076,1.91894501522584,0.327572036586726,0.177875282104174,0.0395124378209751,0.121576260107412
5.81225488268103,32.5152487735569,2.71979636875934,2.8446126978458,1.87190183994937,0.4378540396918,0.391168598512627,0.0643746752462644,0.290164129664735,0.568496548979476,0.00515224341045969,0.115585498111262,0.198229275789533,0.291120071662486,0.775087655770478,0.615907715341228,17.6927855869027,37.0371190700417,4.36785985491778,1.96785539469878,0.287682105656643,0.430692964325391,0.681951035916998,0.0818228889750671,31.7612787736741,2.54128616912931,6.27914675547528,1.09253117837356,0.0902837176402064,0.47647937698261,0.0124135461772416,0.0628983351953269,0.489329800783581,0.0481192538441384,0.202237079841216,0.986852868210565,0.664603353328921,0.798824000449596,0.11805096877666,0.410912060161408,10.7510614927669,9.16785123265189,9.44333962073777,2.12324605129299,1.26989686598979,0.00183268292912412,0.0183102538747783,0.133843330125405,16.4248723965766,30.80456721191,9.22911613404215,1.3693325047721,0.106708237579561,0.459953955740098,0.147233341875266,0.0249267122805983,0.713204209280974,0.210893860595884,0.244672057180429,0.332275489975068,0.166419057520846,0.224125599106904,0.0582588650825465,0.031095579364799,0.909129576281226,0.939418532288389,1.68743736314515,0.225683456654633,0.93196144442724,0.140756720552318,0.0282980327378876,0.0976166360338656,9.95716825661927,21.2839254494356,5.55740707198976,1.67453848788611,0.254233107405126,0.126099140586735,0.0445223765296816,0.0200942882791674
19.809002848407,13.5041647909121,2.05627260733398,3.91890936208111,1.65915321078961,0.220104126436837,0.194793678114793,0.161138518754334,0.29275985601409,0.397754094609978,0.00167554499440025,0.462607809665792,0.533084152674819,0.35508945370986,0.71296276609659,0.687174803176275,21.9634055028147,35.0147771079602,5.02014288293092,1.87930821929293,0.256624146185733,0.477028433508228,0.483058766729014,0.0623843667862418,27.1271417004719,0.849754493140514,5.86364303072395,2.52696582597962,0.105412369235148,0.774057863231562,0.0107612766193923,0.0575639249920614,0.33405561871761,0.098039446725129,0.278616772877254,0.576243897980908,0.0972409885900808,0.692096491542378,0.243261313635838,0.252994071912343,11.1990604652907,3.57851213324579,12.3651468709985,1.18217711535126,1.16861018761606,0.00258279933003801,0.0147023907275724,0.0589829257056793,7.12327045068193,36.0821226900489,12.334697952403,0.789741662799335,0.102442512511772,0.551667112227464,0.401538149743566,0.0109331863331418,0.648211499093675,0.508435776986695,0.415543518121182,0.309282675541979,0.213081328684889,0.2618248480108,0.0929769260347764,0.00933795153925063,0.50612356242024,1.11061316185356,1.0767598348042,0.136941463400401,1.01572852398799,0.0331718300372792,0.146090939803475,0.142746674124521,15.203762738746,15.540098632579,4.55115054827835,2.29423930363773,0.298743237817557,0.166315398788726,0.0244486669536885,0.0454437117219339
17.5741190711944,3.82088171993196,0.957725229935868,3.20690253755858,2.00807956636365,0.389666959304105,0.0192193532913666,0.0988875599120516,0.232121167916445,0.296705297280813,0.00280807153611023,0.657156092644622,0.347823383720334,0.346930327259568,0.629943108090614,0.779886952824217,17.8752427634265,45.6482862542264,0.627274657258001,2.95827711601747,0.407878438051403,0.468416525850394,0.46298296333058,0.0507826169264844,38.0688269740813,1.42748042717713,5.82973854989503,2.4719773237525,0.134335342245482,0.458464406405398,0.00909889124596434,0.0819210093167678,0.364342923964,0.120476917243879,0.331777480262923,0.230914371385772,0.639395267623394,0.49636771682254,0.391877619278305,0.184298458646839,15.6594179284633,13.1660233282975,17.1120417727072,0.321643914698157,0.946852931958568,0.00127324987379289,0.00325405255700329,0.092824080264942,13.0492996714707,46.7552496685014,7.41692782692114,0.646936416684877,0.116721918212619,0.301848181341726,0.203076546193684,0.0180802388637174,0.482420640268458,0.291575785696058,0.579202790325566,0.311112232055414,0.237498786445844,0.37881458095661,0.0357851438859291,0.0126316166846966,0.414638632353807,1.46181685915323,1.21947733981685,0.136530616048229,0.15201951792279,0.212061307463374,0.14892721710229,0.0853308234780937,18.2938204859869,13.3927398255021,3.15844564963653,2.18868829710975,0.449737078674361,0.138498741427659,0.0219070076994436,0.162988478635872
16.6609881816797,23.2679969742284,3.4976025390014,3.24174063647449,1.25682746709824,0.452062834079507,0.474354473057106,0.098580640541847,0.369924259771134,0.159243723740195,0.00434753564388261,0.484102042876585,0.168065862703234,0.2816164438572,0.837422836123936,0.719950862772884,4.85991446194076,31.4713583797588,3.03105531414797,1.94261580448745,0.259374567488088,0.467866884013589,0.0475745083341601,0.0701390946654831,26.1043502964101,2.96392616459475,4.34688408583221,0.42603799999628,0.163469227311362,0.389713261169721,0.0130034146526448,0.064129609387016,0.369561246920573,0.122298341532676,0.100875568690499,0.254623027138126,0.55143956617075,0.623732666544434,0.0930568610111642,0.326811954104802,22.4171732904762,11.2993059016342,11.1937885341752,0.709495853634428,0.290699196502846,4.45702353743251e-05,0.0284095318511212,0.0690879835717562,16.8282926846004,35.2743883346242,6.21145082029933,1.71228475238422,0.0788230181185528,0.394641048730539,0.346542445086089,0.0292289442278156,0.945087632067175,0.248164321863376,0.109574418677093,0.544831388894727,0.244373682012706,0.421573493688458,0.136646041559862,0.016656365381039,0.466589245589181,1.88174240443669,2.47130415953303,0.135828108502117,0.83113223858738,0.0491284518689184,0.102966967535038,0.0980388526564808,18.3910773479464,21.5111409358749,5.96525249415486,4.01798246828269,0.32502190636497,0.111473632053907,0.0291088624995568,0.129350811745358
15.3441407381623,25.4817969820199,2.82385600850286,3.61860908881203,1.47694254196428,0.427406443291608,0.375734519477084,0.0358587493642364,0.16287485770422,0.969700210780287,0.00413283557277081,0.288890716393685,0.221126099765266,0.399814792996141,0.615875988826966,0.751230051463025,17.3561339939525,31.1106147145534,2.91971223089004,3.6453639778365,0.182694178847834,0.596011460769845,0.624624853832968,0.0768857421535849,11.1613858736091,2.84130603329979,8.92799766997525,1.90691213615559,0.10654118155079,0.456974335443032,0.00992780604341522,0.0899223256959169,0.585380648452792,0.141064960112721,0.288873205696905,0.872773420983244,0.367782149507897,0.526384746552767,0.289369044448693,0.249492641567898,17.7655665773444,6.71259036513785,10.8746007195437,1.27750167611326,0.74089399248154,0.00201872309020304,0.0152658952479443,0.121224426561975,11.9236940551761,25.028200936773,0.544698461943455,2.08728311145882,0.0380553665587536,0.569041168206086,0.344917861880088,0.0257564641661806,0.209395441107919,0.483961632974041,0.49303064002902,0.232737583080022,0.390312009592401,0.326515272132262,0.125027650895402,0.0677743732798758,0.735029592736104,0.919792933408656,1.42642071641274,0.0457306273693999,0.850880939116962,0.201390643237685,0.062268640890013,0.0478277914129451,18.2672842283576,36.6761305454467,4.80905162478219,2.23409152544794,0.318562515490008,0.117366717733051,0.0666305314226282,0.122340793673021
12.7525425549568,13.1964745545256,1.44599736454709,3.64044775788841,2.1781009608397,0.12328517901485,0.393358618555465,0.0367692525908503,0.125796490883585,0.46509633603281,0.00995613121766268,0.405511815010471,0.279211490989219,0.180173148980736,0.840613695834767,0.678762081819942,24.92032468887,47.0161585996742,2.33020086965826,2.19330122878805,0.423954293552901,0.373913030308792,0.0681829131488655,0.0702938177805225,16.6549085497488,3.86988681768282,9.64914886867329,0.946123421706717,0.143434797107469,0.239692964027297,0.00955002203472606,0.0669917222012435,0.664293579888806,0.0250923068392257,0.317737571562286,0.519156150089881,0.272586637263037,0.905125029789559,0.158803782420384,0.265240715550172,11.1603975196952,5.80820933021565,13.163936630009,1.87945115977791,1.8067896062468,0.00142976182132738,0.0121607463004928,0.132176597610091,17.7153427193203,29.6461887576307,3.58612303356898,1.86610853744299,0.10124966420758,0.388956485056396,0.14349864334348,0.0117464969127411,0.728496852543074,0.414606608318178,0.371755443954779,0.350963296027732,0.0948684489031933,0.17784671193663,0.0765238841837765,0.0506911283712356,0.611878937515223,1.55801810547066,1.4369491066356,0.128328421100263,1.14948540320978,0.198540481686707,0.0881520081106197,0.159948878974107,12.0979683229489,10.7038005374868,4.39313035103355,1.08934976981026,0.00489256812507438,0.0750863889865442,0.0652052815409797,0.102309922643044
7.808516579128,7.75679899094767,1.87713925391021,4.29055078312924,1.59038089950131,0.55958674238534,0.130454632091949,0.0137230108790934,0.332618573754324,0.738979316107313,0.00414369536619556,0.576050625615045,0.460535238806149,0.176492979113143,0.797284818771689,0.697738787421808,7.52811562671366,57.297343843362,0.16236574075014,2.63128970773774,0.238402645491747,0.327208040409516,0.532671462225997,0.107351606010438,22.7055903690189,1.89931214618367,6.67847480207701,0.549338428725172,0.114171831338447,0.563891542418157,0.0157449290555777,0.0758531721999804,0.573536340313342,0.0944621174663773,0.114097129020333,0.450973809787453,0.357913918073741,0.631399986482274,0.472419603002769,0.284723089946672,32.1366978086848,10.4136498650524,10.3113773520916,1.01362820821882,1.34926493212449,0.00209035128319469,0.0221165289532915,0.0202172252137605,15.4076933199933,21.5578669676031,12.1769813797877,1.53560151422987,0.114439532187275,0.368116124943085,0.578712920932652,0.014089868370285,1.06511254298068,0.518125969637055,0.864707587918474,0.121969047864096,0.187730939778862,0.471187980717789,0.069825942930085,0.0602545216837708,0.222703351428952,0.957518178936687,0.914309186388705,0.108815297245802,0.696946782698126,0.201484473718559,0.104375771160088,0.203313909677658,26.8398351422922,22.6253006352442,2.7235905098262,1.32241344928509,0.13967524699876,0.0951644693395256,0.0488111410593361,0.0663879249831603
14.2348607487147,22.815883547976,3.26318010224208,3.91371601144414,0.418378473430852,0.247941123267442,0.178707497451998,0.140287643803748,0.355511212649716,0.270121982624396,0.00172158360500183,0.292449193873074,0.278599778420845,0.508477001434538,0.492735490137145,0.816528880413653,27.239358924176,42.2063617951956,2.66984386244099,2.33689742472408,0.254519892129795,0.630354321622435,0.410715742907246,0.0916951953917265,40.3638325351317,2.6462875318786,4.36201961999692,0.745045081395872,0.13045312770463,0.094631261084788,0.0183890335016768,0.00487888710746513,0.671202613572084,0.167085828960314,0.313107647991108,0.513880166199337,0.447284231457232,0.401075204735028,0.51324899363427,0.17435851816373,20.5974628225571,9.64967253437109,10.0403560156106,0.51062175008987,0.98195195830811,0.0021640629650352,0.00657697436380749,0.0529382567987835,4.68126605372088,21.3250261637447,10.8649047016738,2.52947506921525,0.108223889270728,0.385691852911689,0.350609433822286,0.0195798126053966,0.0380855336200638,0.32595980609815,0.434033903839389,0.439864135259768,0.24298653330279,0.159692069043133,0.104755852387109,0.0529300642521565,0.667568265783636,1.00344763609813,1.43488086193873,0.105226535336738,0.828799879027766,0.0878271418583532,0.148114007038861,0.133836308599214,5.8019951112357,21.1664582433087,2.4953345803578,3.21841864673754,0.274454288059967,0.136911564249678,0.0156778708247007,0.212333259860962
11.4126426042006,12.2200548759656,1.25282987227304,5.23477423603194,2.01052539475525,0.203203489600978,0.0266670705920329,0.120743537566931,0.260785988324446,0.675128412720781,0.00327773903829604,0.149640953761211,0.415516125079958,0.392802504457167,0.706893130404704,0.625680249285234,35.958202393937,50.322690269007,3.52838271959429,2.10486822332249,0.299599434591498,0.155935957851747,0.514908003622898,0.0803272058233783,40.6637202268822,4.65034146382638,6.3839491663675,1.1780749337464,0.0951755317096581,0.880390453045256,0.0126436022664741,0.0431624696210638,0.310073226273635,0.1374863471727,0.202711237123545,0.493996085735772,0.714297930871488,0.605301606707719,0.333033883601236,0.285329444196814,14.3635673515283,5.20279282870117,9.92690434748539,0.0239281010217919,0.539345661488696,0.00189357703565075,0.00891833363464835,0.0839966292273288,5.21054095727696,30.5874201988123,11.8211086787844,2.15811120316054,0.0475211554485124,0.569241752281382,0.561575238286729,0.0149148793262908,0.936659783029069,0.0220678079279914,0.265100672454702,0.506212154954848,0.241336413321207,0.493780428441499,0.0447451147289714,0.0346015469212404,0.265621670492199,1.98267492888736,1.54695514669962,0.10401194431561,0.190737555900876,0.0641704288112081,0.14794816181226,0.119628595638881,11.2360883200683,4.85857859550999,2.72853969694607,2.86542599845853,0.309472031764966,0.12729681472885,0.024745176670989,0.125292189926139
7.59680942076334,22.7105643611862,2.58629361946307,6.06344188480495,1.5628974464508,0.555292828280703,0.296101261789176,0.151985246423756,0.121957681471409,0.708846452141574,0.0062968277209304,0.166412426112519,0.196232765303956,0.139827991855125,1.04830367202718,0.662772941075778,31.2725293159337,54.3742038623612,5.41962264548745,4.37694674188401,0.0904783866746043,0.416327693292536,0.301778781853754,0.0766968035188677,44.3888171747951,1.88166403155811,3.52587546524267,0.496757087829124,0.0917831571488574,0.278650818004683,0.0185783317797885,0.085913791564046,0.601330089790678,0.0793490037868355,0.208424439231403,0.676341114738431,0.270707642546409,0.728285582895714,0.131175988482834,0.253108296083745,2.69113064707795,1.44475391553949,3.96533792694263,1.30207134450993,0.996612742457235,0.00135547027916089,0.024097272013491,0.117455171304364,14.892803971233,50.4151903343986,3.2260281402133,0.950568567786159,0.0701844311463288,0.514270187567379,0.189479540804314,0.00705132796947628,1.01129990966547,0.375688592935143,0.654436398608182,0.47840307024482,0.270915531838758,0.48720193844167,0.0663577343585207,0.0754731372268817,0.462915501683051,1.60836219778279,2.08888398511304,0.161165541013868,1.24426405313554,0.201808313762069,0.125095385764727,0.131086558631629,13.9192558573543,19.1379523525815,4.94263396736785,3.67466702883719,0.3952898256924,0.0533320013518919,0.0202836830487358,0.0990207779103064
8.82659875076702,26.2442951604407,1.82994042078533,4.76972427932722,1.51184840169133,0.219408687709855,0.374913804838707,0.11116143122973,0.14489133045236,0.195429444443188,0.00524837871615585,0.119082525967296,0.449500237770788,0.322106027529346,0.769373754762636,0.75557480817625,18.8734598587926,34.4256056151855,5.69940973772417,1.80729420944207,0.349657932832252,0.14058461294903,0.504419869570539,0.0437937530979855,11.4223820411913,3.03628189643329,9.96651071413325,0.787536731556546,0.0976281228748376,0.466389633151428,0.0135895344038477,0.0660580469880118,0.770750808765628,0.106107937171958,0.235983744756376,0.763797719432233,0.196244261571241,0.564929987664232,0.166376465110658,0.259944592672883,10.5346397184313,6.10344038204565,10.7049489020256,1.51740425778777,0.514211589153857,0.00139106216134952,0.0116416309952038,0.0573960442836885,8.68759779996965,33.0210179978579,6.39216314471467,1.92709646111476,0.0964485710632494,0.27589122648993,0.269125187772815,0.000947983013977771,1.26502597585559,0.276852362278217,0.514491875338996,0.50074398643503,0.2212544242616,0.300668482498741,0.111105544669509,0.0628057967665412,0.408375564245253,1.73477341400435,1.889762755314,0.13166403115404,0.917490559798251,0.275874609835064,0.136365773642081,0.0702602448800397,17.793908366423,17.2562766690981,2.43318838195112,2.21535013674037,0.45533843763635,0.0785114342776363,0.0308926775183613,0.0574612200414467
14.0685458833609,16.3241771186469,1.91308891729733,4.20355698756876,0.682643164169323,0.440375145068951,0.105428270546093,0.0993457086236799,0.23817982074144,0.276888853631727,0.00625141045636231,0.471313336855929,0.356799033347031,0.158022926019718,0.766313495415959,0.689039936164875,17.1921801856454,39.998273596895,4.53348647441601,1.66317311355623,0.414246582779399,0.574889703625827,0.542397985498055,0.0568550318259937,30.1110004871264,1.19279446728865,3.81499888782579,1.86170528123143,0.188045829113118,0.281913605972917,0.0162199963548631,0.0236718058619138,0.638493488690055,0.12406605647577,0.109036883364498,0.673509359751275,0.618311756306492,0.615532545551291,0.173543052268231,0.315324158597645,13.8404996416589,7.93562932691346,11.0302907315249,0.856398197901537,0.676268413567124,0.00233598591590948,0.00639440570138668,0.07062515876918,18.9838208962888,29.0362611524644,14.3252748313581,2.190160405501,0.0495749621796023,0.337933387776416,0.281214458190227,0.0134190072289265,1.13095267125643,0.0126419498234152,0.788230185141092,0.170728571830561,0.278640678184232,0.49440685528471,0.0237044940448467,0.0773272137936827,0.610350264937069,1.5108475264274,0.925420838314949,0.168978009370561,0.139580683118824,0.236775621355892,0.0124996033578628,0.0886437715112423,2.87653076602124,21.3453809540385,3.74033938205989,1.95400854510059,0.329187435460873,0.0464229947908719,0.0161337751213179,0.0656058923557355
14.4216403272444,14.1880200061057,3.76699801082738,3.4566574120347,0.978584003304006,0.400648435434211,0.178633972354077,0.127060814036677,0.457268663376281,0.550556457840233,0.00289935249078125,0.509795991972091,0.197232810879539,0.0654276640118732,0.72944006501496,0.667408168249223,12.0138655591414,27.3955252216351,3.60212055910481,0.790647793621761,0.227177709640575,0.386839823033386,0.601692874248074,0.0779670595206736,21.8112362953295,1.61911817747744,2.83943683699501,1.88659792997588,0.119188354539477,0.47645922994167,0.0138978241024255,0.0449723457483781,0.573868548771547,0.0706623535608933,0.311607952523429,0.450546441618103,0.516858409944303,0.824293524551822,0.478083740239196,0.35970591148272,17.7982239358123,9.18808533123168,13.1919890739452,0.763397297032512,1.03061359382684,0.00043439758051832,0.0221352104523271,0.0621995117893456,12.3951299188093,28.8054974211465,5.05526818163736,2.94143699335938,0.0689293101444075,0.400397957377431,0.298100604179471,0.0303768113532273,1.20317507556205,0.413553069644495,0.377755741196241,0.301361439415242,0.268956723457595,0.467387468008095,0.0772730051572995,0.0539741381778288,0.453324267538448,0.422497213531201,1.40538720632877,0.145734083760736,1.05423937338351,0.120266372028039,0.136944833151553,0.0800118229662171,14.4279496963612,7.67879016007164,4.94448540361364,2.65934045912228,0.501946256257767,0.144710612694893,0.0680350422541469,0.144829379391795
17.1848104511939,9.89465420881062,2.6561376972311,2.25389523975196,1.7447282471177,0.322175285313002,0.439031236874984,0.112251268511272,0.171936268499643,0.438539105049704,0.00561238196135959,0.276013075249015,0.426263244729656,0.182984805109684,0.456935881944306,0.641687075791428,21.8022874259675,31.5811429675264,2.92201474953202,3.78020779712259,0.168845566456778,0.258824290392041,0.454531055575732,0.0857981778816906,24.9256637406124,3.80384074581501,6.90345968749126,2.28902537404547,0.183957894421884,0.54955548847853,0.00782580187534219,0.0377038501636567,0.198653344861647,0.123082854153962,0.25490207775887,1.01252725720446,0.337295086055607,0.835013150366533,0.810838273555838,0.343330551351785,9.19145670031486,4.86992433308007,14.6653645677148,0.497890729654384,1.14214552933954,0.000966061908871883,0.0211012242502494,0.050721995555961,13.3650603871401,37.5987052429751,9.17220533857305,2.72106725994664,0.0624775656026747,0.350317033000253,0.288321049785288,0.0102267588334769,0.951807429953996,0.215909210691442,0.67636960548647,0.182510042370982,0.267303641351074,0.200540632880914,0.0994855673346079,0.0574625457846685,0.591766389212563,1.28552232408224,1.09678575402124,0.00940656154605755,0.591833838712142,0.163783374839593,0.123119972591746,0.136972103773471,13.8394893725582,17.8334003459242,2.04663469091237,3.09345770611176,0.401635915443755,0.022096798978258,0.042824892644633,0.114052927264375
23.1791038563782,17.9612244447061,2.93057865105233,4.98346553235035,0.827605788248934,0.167801214377631,0.36879161022377,0.121742762079604,0.126883915349337,0.809268590852268,0.0066995601574926,0.289306072838917,0.519628762073454,0.0840775366112486,0.974661951831348,0.743908440965175,40.4463510706665,21.9079944229909,2.74928183625415,3.06130372115912,0.234803566024235,0.413825667843347,0.43747290724371,0.062982912096352,48.6582592227125,2.80168619848434,5.85409654802589,1.28912393628124,0.203828911858688,0.678161085306898,0.01245854835718,0.0504084870210248,0.58413405906389,0.212126405200862,0.147555734710665,0.306472861631038,0.552435621962955,0.878886269151973,0.108340217703786,0.254964036972148,10.1234608905935,9.75608957525225,11.9194606373459,1.05803039432623,0.224006173465094,0.00153840760787456,0.00610500214988165,0.0238228458608084,17.3216308687907,27.0194978293433,14.526727109243,1.01288332415433,0.0799500848641687,0.184334098856629,0.302489046292538,0.012873289759776,1.09734488876026,0.233227895927159,0.893413959359695,0.634090582819363,0.283516621899992,0.457008571143203,0.0749531377924391,0.0663899290960047,0.416841438593792,2.53888377225285,1.19616990348038,0.0689196105257682,0.435322484961741,0.159809662903667,0.018713257158584,0.0923039023440466,4.3724242820051,17.9663986926669,5.66108063276454,2.86680774577401,0.283068702717085,0.0190420089738516,0.00790721724803793,0.0198776815701558
0.150966793610617,12.8289751435424,1.40671614305598,5.50052034846829,2.63262151058471,0.304361383848575,0.253772588627783,0.148123067949999,0.250179281681327,0.184996244221196,0.00559298286914961,0.407054934098337,0.23836697175542,0.537132147886185,0.583766987484642,0.634231560266284,17.9668079055965,45.7381999979928,8.18785581080709,3.07053912298659,0.149530180835868,0.343219558864707,0.390230501520335,0.0720654594207171,17.1934774056013,6.93630451867231,5.84778014307785,1.28399177931218,0.133145891069664,0.64665921180114,0.0150452329246586,0.0712379285631996,0.460467171553652,0.0812245956817394,0.400217298060248,0.577753949720104,0.335522007920243,0.347283991203771,0.374932061782603,0.400515677349754,28.0469352710981,11.5979486713224,6.15932094527901,1.91831240405726,1.07697585886741,0.00110467653896578,0.00822400820165792,0.0341345338029418,4.24639817642981,14.4983604353277,16.3507262786845,1.53588319261857,0.0951068321702028,0.280724696130996,0.420167490196851,0.0138157504603392,0.441753291653679,0.343693158133138,0.506959875027983,0.5081492784904,0.201812854457513,0.301005888539124,0.0636812738101996,0.0345166822460305,0.670438478858847,1.73622093616525,1.24891748848067,0.0907402244977243,1.38528604076905,0.169829761491982,0.117924293738246,0.0451661775765486,13.940536198131,1.89661698635389,3.06057572913139,1.4448418903723,0.157838258205848,0.179549996341206,0.0251460438803638,0.115899267837709
11.0028777538288,17.6975321976522,3.91576062016944,3.57859686982926,2.47272254568741,0.419102658149407,0.297646077726221,0.0977193288485553,0.355053457080905,0.231278925125543,0.00433195802975735,0.70170488672451,0.297032006565302,0.431882558832603,0.479547150715681,0.727967480910659,14.8362968734579,19.1652377730625,4.73338559365513,2.63940566205423,0.145478573410677,0.568219095000445,0.699105846123198,0.0591043598977083,16.8295412622817,1.39654553398046,5.79752766483713,0.892981490988986,0.174588282887586,0.284279434775993,0.0100480031197796,0.0774417456525186,0.227989073717864,0.0707519147404693,0.291760511841613,0.467082428321287,0.327511968669045,0.281598702411359,0.490907122947912,0.225580559105629,12.2108501074991,9.8594351955768,7.74218960306132,2.17946333750297,1.09684105600361,0.00142671181231578,0.0118352564161174,0.0900607178713252,14.7408533432865,31.1385927975863,9.86511406555779,1.4667597807498,0.099684353513795,0.61542229631374,0.349778249677723,0.0220242314371175,0.837733493873025,0.664563253133069,0.252175332716015,0.19089645015788,0.253028056607871,0.380374879149298,0.0851140064336185,0.0181445987955499,0.144308395824582,0.36013434074836,1.42537571839146,0.0343911146017452,0.928210127036671,0.239603536629553,0.120860800138923,0.157039547869647,18.2457103335474,21.5744470623121,1.11608011855802,2.8727139822892,0.0985464856224583,0.163205875095961,0.0604382044846003,0.167852814374027
13.5234822855895,19.3464440838441,1.59944664858067,3.73519308372466,0.187104171040402,0.478006936422484,0.338139116818244,0.151477495296473,0.288953806343824,0.296095683949317,0.0048924728840618,0.661838960366255,0.22974405402013,0.278785387863086,0.654266415880071,0.685930764047094,22.2816365985749,26.185837727495,6.36351073482101,2.08849904978281,0.196699602670486,0.377788970341415,0.232745010143095,0.0894068854720549,29.5568632915004,2.71950852540345,6.61424024925185,1.76182094977302,0.119937891691423,0.191260998973978,0.019418537753098,0.0504928341134575,0.480036457262155,0.117817506210617,0.141009160877062,0.418027226629533,0.389721968316689,0.585172434134463,0.308458566037285,0.298870341947003,12.1807824200198,10.2350059921329,11.2658824750381,1.64688982272284,1.01967750199319,0.00219765744605408,0.0215856525306999,0.0292071186757304,14.8369274377173,26.6118192974541,7.96207794980041,1.27837222375494,0.0411736230208697,0.168150218877057,0.330502182054313,0.013437362313934,0.686111036979293,0.297079692633337,0.191962142341148,0.288904999697945,0.399296875379582,0.362917217990739,0.0796019519641583,0.0489007494062285,0.597922747939725,1.85968257310181,1.63025434545684,0.0783897850870926,0.761268201128463,0.159171105029107,0.0908679178459109,0.147140758546644,16.22129391428,18.2922243897259,5.81524807196886,2.17905029864647,0.260787470412533,0.0930325068707038,0.0415177621144767,0.0477672712706605
13.1653310010854,15.2790475012713,4.19152767195878,4.86206221936162,1.44442174504493,0.421872435157903,0.18429138096744,0.238337587677757,0.189557582727074,0.360398311671004,0.00607515379430269,0.151366094905715,0.0892436146701015,0.191220580188006,0.680179806046035,0.780977020587676,30.3753532510766,39.9750535293448,6.37192109092907,2.86241146683463,0.28740101181399,0.207163814882784,0.178320444967921,0.0425471086166573,21.6787600644947,3.72620005795935,8.07802936392811,1.63020945329349,0.182256502886018,0.968014741360491,0.00674546471104273,0.0474571635164003,0.455459230567844,0.0986014228110411,0.317737117172416,0.891893157973615,0.372086173797293,0.691084533143878,0.334853924092968,0.103146725294121,13.6622206774566,7.50966389784048,9.02693877187647,1.49619808886433,0.163636666922137,0.00190518020873254,0.0273618139883039,0.0721024855636981,13.006314607656,28.8084034146323,5.89438355930952,2.05483701406721,0.0613802216607047,0.376062126160588,0.325163835747921,0.0297395869132497,0.787135770667419,0.555943821586691,0.625421210637442,0.407604346329952,0.25256928282776,0.411689572388652,0.0348096249413082,0.0213017552942338,0.536639086907412,2.14041633491872,1.44533609110252,0.128137770235394,1.27477987607223,0.2162415435019,0.184739827167147,0.172317743218853,15.8999876608552,13.6924174436211,1.14544950434452,1.71076508963524,0.307926929199335,0.212804670067703,0.0546287474856788,0.150405425719903
7.40318593252555,26.8471638800151,1.61691486970162,3.87130092233757,0.336072305002426,0.117365532272541,0.406164312012097,0.101191166677439,0.294433382965165,0.194546605324684,0.00282383994171434,0.549463720759857,0.326476818516295,0.22460211615846,0.627712682152551,0.734352811784954,23.9877504533978,45.6586953410976,2.16863470747691,3.4621317196327,0.292167189227514,0.378583155985745,0.298808454157488,0.06412225502963,12.3088541169657,2.5597586163299,2.60540733798315,0.451945331767657,0.135593306180213,0.360181050658822,0.00772043503314323,0.0454745665533608,0.235560961294842,0.122164448956589,0.255181704047749,0.769491538070662,0.346691748432788,0.747998977276051,0.333101187759171,0.177809740416862,14.0237871070921,9.61502971617485,13.6144302756529,1.62977871758596,0.566618274353928,0.0018709967398761,0.01205456581736,0.0792775103761333,15.1506416856756,22.4729411993613,10.9235036760645,2.08616200504682,0.0113816572616546,0.491734925889432,0.212508761579416,0.0235046830033381,0.887616301626726,0.464393831999572,0.41122404495263,0.303480953197924,0.166060583426402,0.145761647487474,0.0953229265463516,0.0343219349795714,0.574055501040603,1.48349938878848,1.70022410741525,0.134258511217284,0.801145134319549,0.188369875462099,0.162344378460725,0.0860796138818033,22.8687682361096,32.2142973609807,3.62426586983289,1.17876356512383,0.521100685347817,0.0505150866196564,0.0225870006900815,0.0684247792170788
14.8886264656294,13.0241372504488,2.77983636104885,2.57858611230796,1.19491414113012,0.541187241700273,0.501170580782444,0.0550567111987565,0.242638128959822,0.401858359864778,0.00462233359986778,0.592908447447321,0.390304001141477,0.323061391131472,0.654822977193876,0.725035224166621,25.1671307708256,48.2020415869727,3.31734327878188,2.26970686235146,0.139780176626781,0.635719909110505,0.427187700900908,0.0723328011743396,22.8009861095775,0.956462733288533,6.32097605462666,1.858966052767,0.0627107613335335,0.256621552576008,0.0193410242974274,0.0580673005199124,0.448776936750843,0.0997735640560341,0.247862954334499,0.402269428208844,0.350571619938007,0.750180726138436,0.471002600009095,0.189150559484671,16.0853335382275,8.86154004918066,12.5752072678874,1.49675934868563,1.09636413177464,0.001982874039638,0.0203088957978753,0.116600444932004,15.4474940004677,24.5082697334932,7.68594042209475,3.44369730524085,0.106713259476521,0.275164721464129,0.339297926056578,0.0129382451923584,0.636639377997462,0.365728798749633,0.367687323826017,0.378780759958727,0.164944673249598,0.361081873309796,0.0654946485009419,0.0443767165290431,0.463523296876957,0.386244799165421,1.18935981465713,0.0832607093257555,0.686568284379885,0.0719802281951745,0.0231306187165303,0.185591303505945,14.9690692939023,8.18388852082662,0.941841359454785,3.46366408578059,0.43471513847188,0.149750616513129,0.0768141768265747,0.0526814233804288
22.0817022101011,21.8853723750675,0.506155696442188,3.66556705615086,1.63016735310044,0.288287209592775,0.414344235059599,0.0542287378027259,0.165475366096225,0.119354130850743,0.00301109574552524,0.582694669190598,0.214162146217258,0.228298900462518,0.457667204167274,0.693446792577386,20.6051980590722,23.1533036288114,6.6551112561448,2.19200991192697,0.283510935181987,0.556431174382215,0.436370599676866,0.110719980144068,20.9463236141756,4.50316242776044,7.3287586673399,1.26861031180801,0.0583462452805746,0.361041319854865,0.0115138321759419,0.0440313686337302,0.351074216479915,0.202603916499475,0.44364883316458,0.662129457698673,0.331874739616053,0.736577147357326,0.581743053167927,0.475425434458563,18.037245368522,8.01151496679215,5.16238903898228,1.98156438831629,0.63847617239406,0.00196581885665527,0.00757043661057042,0.0709018497354414,8.40677648579079,28.7184953661988,17.2718210937111,0.935226613389272,0.0468739725396887,0.684107644472336,0.273855998637533,0.0294056957100029,0.820376956071349,0.237799624416111,0.23295206855362,0.322547078634377,0.266741803235217,0.370546824202092,0.0301095698499198,0.00648321685742421,0.511590680285604,2.07183755780874,1.31358207321806,0.0851931738043461,0.814260740693025,0.131724116322059,0.0879619837466404,0.0614950534087239,21.297345651902,17.6138353882588,2.21009291883066,3.03602270869243,0.182801422142169,0.188367852611658,0.0498423476177062,0.106523577325661
11.2576167047135,19.4502690925111,2.30268172312084,3.6651123729782,1.45612424551969,0.370556278819774,0.206911699191187,0.125476216782499,0.312919501058691,0.57634310947303,0.00273510530882055,0.263852343833269,0.287136624537453,0.426008590872205,0.585196698076918,0.698995600094217,8.57449749883351,50.1872996306982,1.05549022150154,3.72388271213365,0.296619372959833,0.757099463166879,0.388353521713254,0.0632361637422048,49.1477141848843,1.90757253719557,10.7271230205817,0.375484656851907,0.140367815835832,0.444206104068573,0.0113611061427046,0.0499649981371733,0.642418644221702,0.0877359768626009,0.216900548853048,0.86304086937271,0.366611278644926,0.676168374833168,0.386442234189479,0.232909297708139,14.8688491377683,7.02552815974787,12.4292325845708,1.86761396993211,0.320171680509375,0.000885757388865609,0.0321550070604685,0.128672414893226,16.0312885496872,26.3849660341188,6.60271650974363,1.16620673995546,0.0612396039059686,0.41720447049689,0.418611874788105,0.0148913982865527,0.685106003586971,0.128954495779489,0.424272503107083,0.329426320461395,0.259774387683722,0.177302339095321,0.112251566413143,0.0340209378518216,0.584861288612608,2.64159366084951,2.01278829188854,0.196533031299335,0.664925109754671,0.215441925823286,0.0433544593933673,0.0758133681690073,7.39718086273834,10.9619983956825,3.59072452672756,2.14472296559266,0.176995275789878,0.152205652656748,0.00563353185723835,0.121976768775439
21.0514923328874,18.9785929878426,3.23755768131265,4.1180438087739,1.3061970904215,0.111779194179878,0.00972299938427021,0.00761305264284705,0.132096114140171,0.443324626252845,0.000114152672952732,0.059491061500763,0.322902328160203,0.2673934835608,0.475367074417012,0.751300636479622,28.0700885128899,34.4306328745688,6.23218561267451,2.1344909726189,0.366003084707914,0.521292101539067,0.201290012595415,0.0764084570726686,57.5425054299311,3.68429240296011,7.6999281899412,1.3598386912713,0.148229234680274,0.434211274140666,0.0105695724241929,0.0477020754982034,0.673595748531196,0.111140177202631,0.0300474507025928,0.957171481486365,0.378665660578198,0.692833595176353,0.597543776119026,0.188640743289644,12.6436718737098,6.88724051011266,8.06248755179429,0.436074495698429,0.969651856549777,0.00222035370326124,0.0176223650334979,0.0963035433403132,7.69849938546991,21.4301052705934,16.4711775505541,0.300105768216425,0.107093324081608,0.277216895004248,0.137289639788468,0.0168868098996174,0.75485809322211,0.450662800003535,0.151804149799579,0.700344470647651,0.168432697095504,0.472008490864283,0.0855946619502318,0.0416253077890005,0.412516026403564,2.08361427611987,1.32126267229008,0.064880205407434,0.563103002411718,0.201827702928395,0.067487293281178,0.090359446291555,0.855833587185268,15.7193282798247,3.61448839048381,3.0350460809948,0.26966526731379,0.183343894468465,0.051753795424431,0.111814464343365
13.3561512768247,24.3972569639377,1.38904821209251,4.10846370978369,2.05714644773069,0.296583461304881,0.446439687446828,0.0577621595625169,0.0146502613580736,0.721894303171189,0.00319433006474361,0.582174210012109,0.124132782184742,0.0462345919465244,0.811151236971571,0.775331882656993,25.9470687882655,27.2560779365923,1.80969538607955,2.94604022865202,0.312868600996939,0.341936186257737,0.862677541080126,0.0822859903737266,64.8131446976776,4.05358663122432,7.00604994193455,1.42298790737967,0.028379918707104,0.693259580324453,0.0128266189000386,0.0610200864902669,0.212877183587744,0.169792190796883,0.114014135071658,0.657310483980264,0.12646207075244,1.00261026631825,0.214462461530954,0.203481024150396,13.8323251609148,11.6566433488886,13.3560508462752,1.36491405229193,0.955640246327828,0.00159331904686314,0.0126115279071032,0.0764730435067865,10.1445801036364,9.92230256508299,6.35709519025634,1.16038666980222,0.0445382769069213,0.336453589805914,0.437764302888748,0.0201029907774688,0.931849305780041,0.471088656780526,0.393885887390022,0.350797859927305,0.223215771809444,0.412794951997167,0.0179216342329678,0.0410438744752078,0.799041123041999,0.711943716222373,1.43496760961424,0.0518528730604975,1.69598243125777,0.0499700952490356,0.0219095588257957,0.142973383958878,9.70502146771837,19.1233048117714,4.57862681285386,2.50119359746551,0.0249214324243925,0.199761985219982,0.0260620044114964,0.0888680621893862
14.7065204254915,23.1943920627743,2.76978142136384,5.24340490035986,1.98614190907179,0.265386300510475,0.243495108078762,0.105772158786831,0.292755456072664,0.59356613020687,0.00124651178035697,0.427016891163075,0.188732280423531,0.579526724921118,0.508783693497066,0.736962223191176,44.2671780762515,40.4757000137828,3.42374856928632,1.4097750962173,0.467625881818941,0.342835170439747,0.670660205347652,0.0711276077362474,46.8585904102355,1.29021948522894,1.28483616974653,1.30614582281748,0.0775501297960834,0.626375125948783,0.0234505254470012,0.0633321551184867,0.417226622875232,0.0393523062812577,0.243486990469306,0.551122192359219,0.177557650612213,0.333899352619533,0.370401037714563,0.188484738295194,16.1198341944408,13.2953546978582,12.8497171684812,1.35155501483724,0.395092953007727,0.000441593734514306,0.0176312838859204,0.210038412297705,8.84999701451386,36.5348011309531,4.39023501880678,2.09431552424389,0.0774810661405019,0.377565428006615,0.19290754139692,0.0285020817515316,0.871277655474446,0.330265363319225,0.226105485248069,0.461146942320718,0.139668905589079,0.504614722402983,0.00656674229852293,0.0349692613024812,0.346686142770175,1.1182028559736,2.02961116038065,0.196210577112483,1.50207954280194,0.0219144534248953,0.157288695899349,0.230835184020678,8.10272887460737,0.212295077013334,2.20937699675486,2.52066912225785,0.173527471866741,0.054739367290199,0.032817214149485,0.114870342088615
13.1750527812345,23.0316273961717,2.53556447264927,5.02277481526569,1.64393442286877,0.240453940935825,0.106820354958388,0.16326475643151,0.338039699227219,0.428087719878478,0.00382009550275429,0.471211356416462,0.383025809607319,0.558230547786654,0.801517251226345,0.646583060298962,24.1523078351384,38.5374308121737,4.67970138895623,3.13410834161633,0.290002955958745,0.208832620471671,0.737643889787523,0.065460035049151,36.5651514085494,3.03602701578433,4.63468978244498,1.79048642698941,0.202492956338457,0.612473769512086,0.0171437333007169,0.0373938242665053,0.480241197562383,0.188749880628463,0.157715153839096,0.572120857988324,0.100436034736491,0.253717410515436,0.20617706721051,0.342929067615341,7.83231320376199,2.47205576728609,10.8795780229996,0.462955228974009,1.37997462783702,0.000898614435753675,0.010748759218428,0.0401596809529813,17.7142534025336,10.2881901062647,14.0524070090577,2.30314253921199,0.0662677862336787,0.464671260280809,0.217285755658229,0.0166016570435654,0.247360934034149,0.4289564184159,0.203650387655912,0.361289556559976,0.22862306575088,0.24796607363574,0.0972137322765893,0.0304192276028449,0.665250464695559,2.08413307858704,1.36743675691749,0.0815127359022138,1.55309234616824,0.214723404786988,0.116540302164443,0.113545405296405,13.4983740616274,22.1645465153459,1.70147352904489,2.0887528235403,0.0802171970783677,0.075468142458329,0.048114053517004,0.0642247745010695
10.354556966598,9.91493103698858,2.36360986791629,3.18076648068526,1.69470248775898,0.373489209209564,0.382796771390115,0.0792586412524793,0.180123562621369,0.356008747025366,0.00302649275942332,0.373274664787006,0.312988065761406,0.249340916184454,0.547301322582568,0.818371095253825,16.125800125524,47.6987779831908,1.90405647561629,2.09407042357147,0.137986813327096,0.484362221307499,0.381148058001558,0.0723089464693307,32.2582879512955,4.24169275301342,4.74327927897101,2.05449934528523,0.136383316667107,0.458359359579737,0.0173290858841517,0.0186738842522943,0.379631641266056,0.0326010440971797,0.179911058369586,0.703620958180676,0.305880850187242,0.681204590370804,0.325094829197752,0.189794547225139,16.2018857582538,10.1335147265395,13.091264271811,1.53979367034376,1.45570483255761,0.00104375942328852,0.0158174582712513,0.0733495763095593,13.2600427422499,39.7165926032828,9.44802298347526,2.17343444163387,0.0966931407596442,0.420043118573208,0.356325291494157,0.0263328390321407,0.649640398344273,0.615782448041666,0.357116856569639,0.434232195436415,0.0502315259727888,0.258817354048138,0.128042406121503,0.0379859611421509,0.558826725772311,1.95569098375651,0.935267015555604,0.134214477276947,0.911681485900335,0.322067803246965,0.223257734000014,0.0505046279019239,11.4001773759625,4.10128482664144,2.17818615237362,1.30710648471554,0.149679192083317,0.196234560371552,0.0665405536180074,0.155912780213083
4.27179419005254,17.1011396961086,3.91677412101643,1.28261831603794,2.34362148421699,0.0121868920416565,0.0956708189828909,0.122669822952809,0.136834630569039,0.0748479056165873,0.00104175554800418,0.251648970121819,0.388292238312727,0.331477952857308,0.49798561570353,0.855739612412941,17.7050328910044,42.8624664590305,4.0156563518627,2.28220419238761,0.171488066729302,0.255777755529445,0.653522467454908,0.0501849506662103,46.1302278384569,1.3827602041488,2.43831835461827,0.707242071340061,0.138431180583565,0.2733050930684,0.0276084040923333,0.0203255261501983,0.210041760919384,0.168461119574806,0.240662042658259,0.600283519824839,0.435439888433553,0.603176060840813,0.370471944854837,0.210151280878262,28.6827713945506,9.59580117605738,14.7768017744175,0.720505376884908,1.43793755694767,0.00072122035676028,0.0212742812382094,0.0135659140110128,10.9980653669425,14.8387128400861,12.3524675352184,2.6970268717095,0.105394801467714,0.284524787213315,0.259174535004003,0.0202252635994171,1.07130174398259,0.521128962502452,0.454297150386906,0.493573252705427,0.246281959840474,0.0513314393486666,0.147560449532825,0.0393976640016944,0.611522103540746,2.2346129506397,2.36367747841572,0.0705995323568224,0.447059714540008,0.0623785474353044,0.103617837764789,0.181263476707525,15.4333545754063,15.9291219582038,5.42945337879908,1.34520273746843,0.263355001583013,0.219985960377091,0.0368299256127261,0.139828211327592
15.5132697991138,19.5875687215577,3.08374370245333,1.68061071597094,0.852273873870872,0.684876148631395,0.198120894291864,0.0693148213765827,0.164043455142376,0.450276402793832,0.00718535070867255,0.20355045010408,0.374244710642818,0.338700333409014,0.518615798901442,0.677492478201921,19.1727813710989,39.0750440677484,3.79156790809474,2.7740717583399,0.296219579415994,0.599226364495124,0.680570732087751,0.101858156166316,20.6234999024362,1.56373469211489,0.421966961891869,0.954760338533682,0.186012836178574,0.379341950529539,0.00731536126087155,0.0424879049676775,0.456433213707491,0.128805276983618,0.221938739266022,0.809173670798767,0.215370304883367,0.854741669535144,0.668231429940406,0.241689537082863,11.8679258405582,3.27976325004553,12.5241109161768,1.41200104980833,1.00388767444685,0.0026370993692721,0.0333329719089769,0.0841492731410266,14.8533758623976,40.7252357969435,8.32268711296627,2.285172764227,0.042475593665874,0.275579272451849,0.322929607422928,0.0200388354508907,0.826780627228196,0.138386872482205,0.0754121559046606,0.343779746958119,0.0582200361225695,0.087536839238117,0.0711489541604599,0.0459441613966103,0.651198633082972,1.5996065073261,2.62093521644062,0.0711850935753041,1.10985075783594,0.20077526931177,0.0214714668850605,0.163391689337718,34.7179704472781,13.7508641488944,0.637548203607155,0.736525492836687,0.0790053643767039,0.024621084538503,0.0251987932895222,0.156945927219396
11.4126426042006,12.2200548759656,1.25282987227304,5.23477423603194,2.01052539475525,0.203203489600978,0.0266670705920329,0.120743537566931,0.260785988324446,0.675128412720781,0.00327773903829604,0.149640953761211,0.415516125079958,0.392802504457167,0.706893130404704,0.625680249285234,35.958202393937,50.322690269007,3.52838271959429,2.10486822332249,0.299599434591498,0.155935957851747,0.514908003622898,0.0803272058233783,40.6637202268822,4.65034146382638,6.3839491663675,1.1780749337464,0.0951755317096581,0.880390453045256,0.0126436022664741,0.0431624696210638,0.310073226273635,0.1374863471727,0.202711237123545,0.493996085735772,0.714297930871488,0.605301606707719,0.333033883601236,0.285329444196814,14.3635673515283,5.20279282870117,9.92690434748539,0.0239281010217919,0.539345661488696,0.00189357703565075,0.00891833363464835,0.0839966292273288,5.21054095727696,30.5874201988123,11.8211086787844,2.15811120316054,0.0475211554485124,0.569241752281382,0.561575238286729,0.0149148793262908,0.936659783029069,0.0220678079279914,0.265100672454702,0.506212154954848,0.241336413321207,0.493780428441499,0.0447451147289714,0.0346015469212404,0.265621670492199,1.98267492888736,1.54695514669962,0.10401194431561,0.190737555900876,0.0641704288112081,0.14794816181226,0.119628595638881,11.2360883200683,4.85857859550999,2.72853969694607,2.86542599845853,0.309472031764966,0.12729681472885,0.024745176670989,0.125292189926139
3.5319738176889,14.5948034772536,3.12947647407332,4.39765125699338,1.68412278162606,0.0340554096541952,0.151505804162918,0.10103505913379,0.154244583376848,0.342379762990058,0.00165033823403423,0.177608750354409,0.470088927959053,0.420234763349583,0.625707532420606,0.792513757115775,23.146478204085,51.4842576497135,6.46675950423321,2.10050587352824,0.349935157477481,0.341360302813985,0.849246979090857,0.0270891279963179,20.7765481309254,3.22037410024053,6.94021138336712,0.950166717378767,0.123982294176554,0.415724222086048,0.0115223591417853,0.0935489600538235,0.57973258137525,0.0408727973734558,0.194083041685954,0.651641020281692,0.36212849389529,0.517180301799204,0.453891532452028,0.10131258980371,20.3417659028169,10.7603645373775,6.53231359028387,1.52528225452809,1.15172691171319,0.00167679429503469,0.00537605212322367,0.11558310993284,18.1386597694677,26.8391339330217,13.0062094676377,0.821843334715674,0.061757937897559,0.546270171980487,0.435042019687147,0.0259159684893453,1.28051413241934,0.109915029957833,0.463023028489378,0.482701244091423,0.3310870728282,0.204081213220261,0.0903782373917133,0.0551279255616657,0.178894025646876,0.332403640044626,1.95660742703173,0.0964196552642052,0.315637308624419,0.154405653160547,0.105746386191325,0.187631492241887,8.61795377509523,17.3910918073133,3.63820718076393,2.9209624903561,0.356682159116313,0.0514151909205358,0.0470945065460908,0.0414097574102205
6.44067535566828,3.4215340529126,3.79056325184158,3.22709604892977,1.15990515709425,0.255851421851415,0.164889667105561,0.079364943342446,0.193340586869886,0.398618633451934,0.00321755014281436,0.257252926339552,0.296745951728676,0.401077090176136,0.622952952002279,0.692117347101304,22.7185108983993,36.4143391158415,3.88167568666222,3.29862626696047,0.405281799975386,0.372685272783097,0.450269433979218,0.0606712909214537,44.0309335149437,1.26310210818074,5.17577446117235,1.47858867210741,0.126800801817845,0.357061132182119,0.00907274793353869,0.0241211176731589,0.544557256363488,0.139318093623048,0.322397705280177,0.606918663506534,0.521773139359123,0.654633189405629,0.269525048865689,0.270102241976116,15.067272150581,6.3415285500766,10.0197217576879,0.949574355743026,1.42916900153536,0.00225235352590765,0.00682785227995501,0.0803756308570662,16.5667888784354,35.4625641520926,10.5197404858122,3.00393441308297,0.0727863082140407,0.26296751689839,0.29782456641963,0.0304942933923774,0.924886479108525,0.359589707850601,0.503734562141315,0.479412727373261,0.196890460660184,0.344249279871318,0.0973206009002277,0.0715073295653361,0.286404499739499,0.308242159772743,1.3540949055585,0.272156060797125,0.5636291399377,0.0288982930133892,0.21126346592627,0.116115989591886,16.2806338153032,1.93416015811484,4.47978842732051,1.71270837814272,0.167300394138474,0.220631224742687,0.0275404194936067,0.111053861611016
5.81225488268103,32.5152487735569,2.71979636875934,2.8446126978458,1.87190183994937,0.4378540396918,0.391168598512627,0.0643746752462644,0.290164129664735,0.568496548979476,0.00515224341045969,0.115585498111262,0.198229275789533,0.291120071662486,0.775087655770478,0.615907715341228,17.6927855869027,37.0371190700417,4.36785985491778,1.96785539469878,0.287682105656643,0.430692964325391,0.681951035916998,0.0818228889750671,31.7612787736741,2.54128616912931,6.27914675547528,1.09253117837356,0.0902837176402064,0.47647937698261,0.0124135461772416,0.0628983351953269,0.489329800783581,0.0481192538441384,0.202237079841216,0.986852868210565,0.664603353328921,0.798824000449596,0.11805096877666,0.410912060161408,10.7510614927669,9.16785123265189,9.44333962073777,2.12324605129299,1.26989686598979,0.00183268292912412,0.0183102538747783,0.133843330125405,16.4248723965766,30.80456721191,9.22911613404215,1.3693325047721,0.106708237579561,0.459953955740098,0.147233341875266,0.0249267122805983,0.713204209280974,0.210893860595884,0.244672057180429,0.332275489975068,0.166419057520846,0.224125599106904,0.0582588650825465,0.031095579364799,0.909129576281226,0.939418532288389,1.68743736314515,0.225683456654633,0.93196144442724,0.140756720552318,0.0282980327378876,0.0976166360338656,9.95716825661927,21.2839254494356,5.55740707198976,1.67453848788611,0.254233107405126,0.126099140586735,0.0445223765296816,0.0200942882791674
9.73999363385608,15.2714983080127,1.71397143256326,4.60249947256022,0.721915088172899,0.51961937768556,0.353330410811488,0.0886380112794231,0.105496788861591,0.466120144083329,0.000639435564994294,0.274917006168358,0.367306764832834,0.323897527895792,0.566580266792531,0.752549998098139,29.7100020984918,37.7394348197546,8.38112190320198,3.40953905905654,0.257632078084856,0.294256535916185,0.526930710481266,0.101400809508559,26.5475711057478,3.62907732708316,4.48255835407084,1.39142614730284,0.21091547009284,0.149158638658322,0.0108442002579944,0.0915094721196539,0.337747988688303,0.0614027560785089,0.397799074443338,0.92160041177243,0.673152765410806,0.325053009462144,0.41298489325252,0.275735420913358,10.968245087628,3.64702223832106,8.52529729505148,1.80487942332464,0.806809388136114,0.000726855905058824,0.0326882662259516,0.154836861475491,13.3692427597506,42.9986909165187,12.0138074770461,1.99424354053738,0.0368894963782474,0.224909079804251,0.646416168617182,0.0135740761539371,1.11579370303812,0.445809251588718,0.349436085076645,0.148719540540315,0.139863912067865,0.59056345323604,0.100287132291366,0.0213867041616116,0.564061336888022,1.01935654505434,1.26672171433466,0.15524676965113,0.204462143729803,0.140589256432939,0.121705838694065,0.115354401220153,14.6208251800265,22.9623284603578,2.26534324910724,2.79089858786338,0.014184231264663,0.149960076871094,0.0359762383137389,0.118247134748242
10.9952529445633,21.7728386554703,1.97086969876233,4.00803855085269,1.70184386667377,0.594008001915813,0.312389795686083,0.0863529357484934,0.225379653910369,0.298139085032234,0.00151807177787643,0.511044582877081,0.421699845390356,0.443393351717759,0.542734091592261,0.761379013791985,24.9701577533921,39.9196719125571,4.99733569521479,4.07768399752514,0.39690060134941,0.332495857436542,0.449103802745129,0.0957184806008645,16.3299795360084,2.75386309936483,8.51417811935042,1.75945530071986,0.0867250226096342,0.584761250897882,0.00780317414948496,0.0473712096180129,0.607139891249959,0.183468082308325,0.180287018145029,0.649013948400209,0.286584130317264,0.554704343714426,0.460248550423949,0.14130097739165,17.1587045461527,5.15927075058797,13.269551764457,1.56069551091614,1.39109802586681,0.00179560118734159,0.017008419327207,0.0676172154830948,21.4863264203864,21.5459088174326,7.28803227438637,1.89648475897358,0.11451884937105,0.304466480736111,0.475898641558367,0.0231055386633159,0.454142793904826,0.234079183237774,0.366679298821276,0.149775994863009,0.158488230130387,0.404224457772902,0.125827779115918,0.0585066398817287,0.602207817294186,2.47555834290418,1.11397683236812,0.128179749771906,0.747905423257142,0.0570409211724092,0.161299268342827,0.116414741078201,10.4785487295555,14.2949851575051,1.04426904058875,3.45784501307335,0.261182440125178,0.146194307730189,0.0618714632683815,0.134480838267356
21.4180101236027,11.0908344372413,3.05159733991498,3.77845879595629,1.63574526835776,0.65500326484396,0.380558078566818,0.121245354470235,0.165537386423077,0.217216515424826,0.003698109609926,0.387543244163483,0.425314476627604,0.485434605685975,0.654265966546908,0.582713533270521,13.7848737211291,47.9861696770371,4.60193348433026,2.25024313312004,0.431042660774515,0.396930932837011,0.443063932811358,0.10300559820867,56.0019072727367,2.49829966434601,1.23670648241065,1.52248355127637,0.192256695684411,0.723905446766896,0.0138412993050833,0.0332610115961461,0.51138000698909,0.12903884034356,0.187963292631933,0.498327635011934,0.29844417496883,0.410145460039728,0.325981763298149,0.373892417187033,16.6037918169051,6.38095595691854,8.79734759271232,1.6373709958861,1.09437636744164,0.000675569262995618,0.00799251788102017,0.0256527825185097,3.90275144372341,37.2354043278624,10.4142291500003,1.79477356411886,0.0889131080351849,0.45731625888491,0.419997232356848,0.0310458033085198,0.962966432452467,0.524864318949212,0.708484203869731,0.503834486918481,0.113424985046,0.439315601152071,0.118056477882517,0.0155654614147955,0.47336725463594,1.38488479641175,1.89929735189779,0.101378670056707,0.838307211246877,0.180151992230386,0.161313138130222,0.195495296567064,19.7071907970883,7.75408704296171,2.83438947561424,3.49190496759876,0.363721110915979,0.104297088744514,0.0244105987699406,0.0816214690982378
18.6642844535344,19.0904940521965,2.30357325291448,3.17389708943005,1.00174659239296,0.400533423186016,0.221316352023593,0.0767825219350329,0.142968261735309,0.206986894233799,0.00572737696660493,0.549582223988077,0.31316304884349,0.339480052524085,0.438816419708431,0.698218411660269,16.8021364203197,47.8717006322491,2.95111969160754,1.36020527077949,0.296336596297535,0.289631328572356,0.445339400003694,0.0632631314353755,23.364926835333,4.07807169918348,5.92717449587689,1.5820177927677,0.12589671182798,0.703417808556704,0.0228510310372402,0.0896730715014448,0.278237357247585,0.120872539191605,0.258139406249833,0.549003893085232,0.364999364023459,0.511608525149146,0.621883008410275,0.25285716986081,14.4270553104253,0.200153128451438,11.8245392657218,1.52507929413615,1.41300856555345,0.0013333519269054,0.0135294591208851,0.079577731254149,14.643162760916,39.99123930998,5.41444188345684,2.53842704905416,0.127584165558482,0.287958367672645,0.251176100635637,0.0128127365883902,0.82717454771342,0.290841703064194,0.339858286948785,0.345986119394899,0.139600544205005,0.428954422114936,0.086459921820743,0.0499359073214338,0.526045630536998,1.40874747269477,1.84266056663968,0.04987003326915,0.959447290527731,0.228565242649463,0.168612782038415,0.104517294938796,9.39349960712895,24.9608776698257,4.14567148071106,1.34348294882277,0.214702797638892,0.131015823722968,0.0319906292720135,0.121269443352667
15.2560158071366,10.5183540322945,2.28663925583598,4.24054871194481,1.87211754226505,0.206190725859705,0.0464198367958011,0.233157971846794,0.122231201052498,0.550826924676707,0.00434627759967586,0.256765687568994,0.386966507477296,0.216920406132628,0.652306815295155,0.729845736645116,14.8018682960936,34.1048590539003,3.6324304463767,2.21173256010045,0.269569461451893,0.0779315845252492,0.340899585515925,0.0208154644346457,17.9464475778743,0.336221264697437,4.12614271972799,0.848568409299993,0.138127421539405,0.241780468183415,0.0103128797388693,0.101069369633635,0.417376462097789,0.100739643096056,0.329626329610897,0.853520582285275,0.301620738805709,0.83177549686277,0.45100090443751,0.242338685262571,22.3802222403931,9.12864360765096,12.2527190216199,1.25828239017921,0.980391197649297,0.00171202224761744,0.0244325915897615,0.0112069861413913,15.0751151772288,43.3002587590829,6.55782186983708,1.1281309189515,0.0419229764034911,0.530910609181872,0.278508058625664,0.0316188001945718,1.02093230480403,0.303607331032723,0.693932903564549,0.222320782840253,0.125670165264779,0.389909937838339,0.135870740272569,0.0209867495505223,0.407699492716265,1.62392340028628,0.913761603944087,0.132900474273388,0.809643147129763,0.0574379942472391,0.141245080854469,0.0825197982781577,20.2442758374232,18.3043446128508,2.07600305385951,1.5268089579959,0.204941023376446,0.21228789582053,0.076764465805678,0.120277507526555
20.4393447257275,17.0110086318654,1.69370269036006,3.67201759238856,1.20836592812211,0.363449366737212,0.211245400474728,0.108561447251152,0.278319756570401,0.393027055405181,0.00478889023083621,0.407216397562345,0.256133646809611,0.435139959942495,0.76442521407399,0.70121409587214,31.7015961706785,30.8998208828142,1.21960318295741,2.47797757784999,0.246766781946885,0.351429078460149,0.512012267469446,0.0561462341690998,40.8817128089761,0.796751197179761,8.39599105962741,0.888808261126681,0.146259200381364,0.448997925251388,0.0165513031567058,0.0432273711466918,0.502480199260168,0.123737168402827,0.168962488137319,0.515179567108609,0.375377436853495,0.292584433987303,0.174839385496951,0.247810545850052,7.42059223500351,8.97094732740299,13.6000525122693,2.10653954749175,1.17214148036352,0.00120009090410808,0.0182099028365582,0.114647382723394,7.24688256722954,41.0998315805475,11.8190076235258,1.94837351507373,0.0599122857307983,0.184909442391628,0.258234599758045,0.00772199219295737,0.912968663240378,0.168677183214711,0.602892131507471,0.290678317479105,0.276359163702785,0.444622227033329,0.0620485159797923,0.0372541596936325,0.330676760557573,2.629346247214,1.34779548859721,0.111153135457223,0.774935341086326,0.242538531867247,0.10055116145169,0.0943089035667916,13.1589816826851,12.1776108449777,3.05733105599456,2.52271315030077,0.351137626768242,0.130229814669323,0.0356264627744784,0.0935532282972368
11.0235895668991,7.31569741821404,2.32526349477601,3.08104147474756,0.953220326876897,0.19756850932181,0.214624350556688,0.127395041682098,0.268204075056437,0.387966272495505,0.00545804349474074,0.241706504528407,0.311783843137867,0.0853691180549668,0.634604223315157,0.745593952300949,32.713789507671,33.0527026335343,4.2187020077475,3.03348306084659,0.418363563637348,0.38078876644893,0.168005763964443,0.0807224818007118,26.3909670472554,3.78983172190806,5.96747415728494,1.48715247417319,0.146707996671427,0.158505446197951,0.00896256801799707,0.0658531587389989,0.371138405501992,0.107409075300253,0.208256183242064,0.82713143879735,0.405898448734601,0.74893444389412,0.424739270458296,0.281247415492076,7.42396741264282,9.68636118788323,11.315885220741,1.09407809843987,0.668943654053962,0.000838077565868153,0.0192813869979614,0.11817270508825,15.686731326164,36.8402428548605,12.9044767896849,2.18694137277364,0.0873541093970792,0.188842579075003,0.133998988846592,0.0242999282092197,0.778875735116953,0.317736002699773,0.569667363935626,0.235958071496481,0.144157360204133,0.608615709449802,0.0856626000012341,0.0411158297937235,0.618373279306019,1.1227592705678,0.888034788449671,0.111279116889502,0.629208366871887,0.264400485225433,0.166733784248964,0.168268166518698,13.5587102264077,21.9952582702236,2.21330372031513,1.31115281682121,0.198248434014119,0.181660045432702,0.0621095076171206,0.0846042135165848
8.82659875076702,26.2442951604407,1.82994042078533,4.76972427932722,1.51184840169133,0.219408687709855,0.374913804838707,0.11116143122973,0.14489133045236,0.195429444443188,0.00524837871615585,0.119082525967296,0.449500237770788,0.322106027529346,0.769373754762636,0.75557480817625,18.8734598587926,34.4256056151855,5.69940973772417,1.80729420944207,0.349657932832252,0.14058461294903,0.504419869570539,0.0437937530979855,11.4223820411913,3.03628189643329,9.96651071413325,0.787536731556546,0.0976281228748376,0.466389633151428,0.0135895344038477,0.0660580469880118,0.770750808765628,0.106107937171958,0.235983744756376,0.763797719432233,0.196244261571241,0.564929987664232,0.166376465110658,0.259944592672883,10.5346397184313,6.10344038204565,10.7049489020256,1.51740425778777,0.514211589153857,0.00139106216134952,0.0116416309952038,0.0573960442836885,8.68759779996965,33.0210179978579,6.39216314471467,1.92709646111476,0.0964485710632494,0.27589122648993,0.269125187772815,0.000947983013977771,1.26502597585559,0.276852362278217,0.514491875338996,0.50074398643503,0.2212544242616,0.300668482498741,0.111105544669509,0.0628057967665412,0.408375564245253,1.73477341400435,1.889762755314,0.13166403115404,0.917490559798251,0.275874609835064,0.136365773642081,0.0702602448800397,17.793908366423,17.2562766690981,2.43318838195112,2.21535013674037,0.45533843763635,0.0785114342776363,0.0308926775183613,0.0574612200414467
0.150966793610617,12.8289751435424,1.40671614305598,5.50052034846829,2.63262151058471,0.304361383848575,0.253772588627783,0.148123067949999,0.250179281681327,0.184996244221196,0.00559298286914961,0.407054934098337,0.23836697175542,0.537132147886185,0.583766987484642,0.634231560266284,17.9668079055965,45.7381999979928,8.18785581080709,3.07053912298659,0.149530180835868,0.343219558864707,0.390230501520335,0.0720654594207171,17.1934774056013,6.93630451867231,5.84778014307785,1.28399177931218,0.133145891069664,0.64665921180114,0.0150452329246586,0.0712379285631996,0.460467171553652,0.0812245956817394,0.400217298060248,0.577753949720104,0.335522007920243,0.347283991203771,0.374932061782603,0.400515677349754,28.0469352710981,11.5979486713224,6.15932094527901,1.91831240405726,1.07697585886741,0.00110467653896578,0.00822400820165792,0.0341345338029418,4.24639817642981,14.4983604353277,16.3507262786845,1.53588319261857,0.0951068321702028,0.280724696130996,0.420167490196851,0.0138157504603392,0.441753291653679,0.343693158133138,0.506959875027983,0.5081492784904,0.201812854457513,0.301005888539124,0.0636812738101996,0.0345166822460305,0.670438478858847,1.73622093616525,1.24891748848067,0.0907402244977243,1.38528604076905,0.169829761491982,0.117924293738246,0.0451661775765486,13.940536198131,1.89661698635389,3.06057572913139,1.4448418903723,0.157838258205848,0.179549996341206,0.0251460438803638,0.115899267837709
16.1950840679853,12.4901113905024,3.63054989572228,2.02182219401927,1.11849888020265,0.268896875077325,0.237567942778155,0.0560959950267499,0.13852189076099,0.316467826430665,0.00155799743317769,0.276412689501613,0.185719655048362,0.231838452943718,0.58890366678929,0.71636142375056,30.2387932832608,26.7913940357466,4.77367120076548,3.9696769356012,0.296928144334435,0.474796560834198,0.197737533588299,0.0850514355051362,54.5328217856659,2.666460707457,7.66072327356646,2.08505130915795,0.139531891906392,0.465775998907995,0.0119673324055041,0.0760151760336669,0.49303113434379,0.10176847478115,0.180023360300631,0.758308684844058,0.607006444763148,0.859800228204132,0.321116191885156,0.226448544784227,14.1037213437292,7.08800269471469,7.90183263836665,1.74799903856386,1.14083084642854,0.00172989989883878,0.0213455221647601,0.110719852719135,9.38208814680225,25.9655460822351,10.499462534479,3.07129620859956,0.0843452548556041,0.220348313502815,0.249634414765721,0.0337951576288979,0.850603970522196,0.364053210615877,0.778546787552925,0.201203765506865,0.275983219330481,0.22074658803204,0.0847605681359699,0.0393938627184289,0.707981870253546,1.15589511051147,1.41248979929679,0.11698673246392,0.772818312299162,0.210720139584922,0.102232479645446,0.200360862910168,7.89622017718196,27.1040683113057,2.61676488981999,1.69275378671248,0.255166626053678,0.2426795765021,0.0622122508402936,0.0549542545274437
18.1107083426607,12.2414234417747,3.24100236969262,2.83251121107498,2.69184201490317,0.442112247848176,0.293697648344585,0.0768671667599193,0.249907213175397,0.283005061380168,0.0047153322895548,0.219137314220323,0.300604631952539,0.491287902065008,0.445723158918235,0.812666195967261,36.9311812855637,32.1166313703528,4.41328172400752,2.50651653710528,0.241226178269813,0.18850667646856,0.48676965005325,0.107453006046634,36.5559013057816,3.769455323556,1.62746258698149,1.27763310659988,0.109622710986789,0.469269584453474,0.00644190525417157,0.0653066470303823,0.663431197542579,0.129123500926812,0.39120485236186,0.302398065094122,0.349273276078137,0.457984435337719,0.498936900501884,0.258686956712399,13.5963816582815,4.46330177284228,8.41694886209942,1.83346422796954,0.389767859091995,0.00082578765520767,0.0246477530814274,0.0187662989839453,9.35277109013736,8.48888470510474,16.7101371799396,1.84601972896482,0.110002058659347,0.28919547358082,0.450106858999095,0.0294760472792076,1.2731008437577,0.179944786124925,0.465981910487926,0.346238333043545,0.241864704033281,0.410116824913079,0.0679517876186144,0.0471839149811836,0.234087389168448,1.9249012200463,1.61886805815607,0.122451448761585,1.0723405766841,0.00161203506220155,0.15271281297722,0.0738668351848198,14.480340158417,38.9245830157641,3.78910798699261,2.39365432928748,0.307245058089414,0.162883271214966,0.0523539004512434,0.131568322942863
9.48076942633899,11.9620404623809,3.18314063897825,4.00010359551499,0.618245506541648,0.417810457850199,0.135258157612031,0.0362119688447438,0.196284183161878,0.315103708672841,0.00256765976991206,0.494528733869263,0.220967033457829,0.525743472222754,0.445268832107508,0.619149857676109,21.8902826024953,56.6626143956298,2.94923540880712,4.47785443074143,0.0267528524538051,0.259721899954243,0.30976929426749,0.0800917549740114,21.1395600652683,4.51318974107765,8.40509424301049,2.25698826422454,0.16780288716635,0.793078531362312,0.0129503845704622,0.0520022751969955,0.502324943303148,0.0815357796633751,0.150825042081214,0.527712485911553,0.538566851519196,0.60728608994596,0.527592069332339,0.497400857799019,20.7212277162319,4.09939359330397,8.62825237712659,0.456109417354995,1.52896669146089,0.000767785351462219,0.0151847919913958,0.097327425918857,13.7022078852307,26.0525873613239,8.85745367579487,2.47457554942278,0.0672603719505573,0.345314310631843,0.133858688729034,0.0063994849143924,0.428120772428704,0.43884434249018,0.396746736857704,0.383173178598101,0.262723612520298,0.110296164180997,0.183527282158273,0.0431991984964176,0.572780609621599,0.473197353402699,1.51526738273798,0.0760599059121581,0.3596622912702,0.104479017168589,0.181898408364718,0.0992285389262434,14.2396635558502,11.3814520350828,5.51922422106191,1.79578244707832,0.208281125910782,0.0695380143720839,0.0539264832395656,0.120865049094558
18.3457823400941,17.2886137690813,2.97489383136744,3.90803408457594,1.02124307621715,0.168441608043666,0.22787277620381,0.127056686199197,0.193733362251692,0.424989733183114,0.0015738102401535,0.547256090714163,0.318483234391916,0.154543337177283,0.656567467444243,0.751298031660121,21.2217199237458,39.6698569361807,5.16159419421918,4.33972357794404,0.330179638604447,0.324593852893842,0.42414736482412,0.0513913189043298,26.7702269552307,2.71680523372728,7.58654161492845,1.28812967922386,0.132997815449513,0.12042833031018,0.0112574680476967,0.0757446240335275,0.481393820676202,0.140154397022785,0.14498612967135,0.478034106276166,0.452336817049908,0.627173685103079,0.34572046462263,0.282076808943035,12.5574598152859,9.43271608925687,10.0380870446001,0.859226796342863,1.19756641880736,0.000875658946775207,0.0191119856166237,0.0443024501032387,3.29399815471715,26.6402700085474,10.6810322174635,2.75583469062378,0.0669726900895572,0.411465702611438,0.223228730251944,0.0113009479046619,1.40774484464204,0.414619971217389,0.524698307146284,0.180734321033774,0.261453980452279,0.352229576475932,0.09158859458806,0.0138693606466853,0.627728304395425,1.37258963067951,1.86975507046326,0.122638738273368,0.684595268479319,0.272882050650557,0.10328750821017,0.134540825669562,9.46060737535809,21.7179325235068,3.04677623025324,1.53059067540299,0.304917716050775,0.185817246660278,0.0634064666105634,0.102306689797979
19.4565157929786,23.6238538504949,2.0751223102721,2.56917406468612,1.80618552130917,0.399468185873361,0.277359165708827,0.16255656880183,0.339745688837386,0.36827175637756,0.0067996415291915,0.345277288695667,0.056780039309962,0.151374951291301,0.387068106168289,0.788296312001127,19.7096332339069,31.5968387730832,5.40606147469802,3.05336970597986,0.289304018416673,0.42458895719785,0.355548745738482,0.0617758281975403,48.3805479478629,3.46643309816649,6.58374044973233,2.30708794915106,0.113833441985967,0.96138622885169,0.00934558336570556,0.0767063235752727,0.266385674658047,0.0695138393067964,0.213896778665667,0.608568233456686,0.480711411884314,0.880970052123703,0.610093943153712,0.338694155123164,21.6049566592312,12.5197103032738,9.47321243337156,1.707119301332,0.902221748561352,0.00119997565497706,0.00507368332388708,0.0251215640533256,7.02917397132954,22.0534099731884,10.0902336166352,1.11940928818169,0.0596847671922105,0.30461373375044,0.303832469122364,0.0248456148657411,0.728292780392111,0.330212366077948,0.188717428928175,0.393690190194397,0.187353072885772,0.297960228824541,0.0913882756749282,0.00913574073561453,0.328067795805568,2.11863713148775,2.04561971312084,0.0721971999702085,1.34755742682127,0.141736211158455,0.106545093753498,0.183737200014838,9.05210726969925,36.4157944269972,3.15240079020524,0.963055018678919,0.377691592269031,0.0929505171968525,0.0663454003947064,0.0934262609292473
10.9952529445633,21.7728386554703,1.97086969876233,4.00803855085269,1.70184386667377,0.594008001915813,0.312389795686083,0.0863529357484934,0.225379653910369,0.298139085032234,0.00151807177787643,0.511044582877081,0.421699845390356,0.443393351717759,0.542734091592261,0.761379013791985,24.9701577533921,39.9196719125571,4.99733569521479,4.07768399752514,0.39690060134941,0.332495857436542,0.449103802745129,0.0957184806008645,16.3299795360084,2.75386309936483,8.51417811935042,1.75945530071986,0.0867250226096342,0.584761250897882,0.00780317414948496,0.0473712096180129,0.607139891249959,0.183468082308325,0.180287018145029,0.649013948400209,0.286584130317264,0.554704343714426,0.460248550423949,0.14130097739165,17.1587045461527,5.15927075058797,13.269551764457,1.56069551091614,1.39109802586681,0.00179560118734159,0.017008419327207,0.0676172154830948,21.4863264203864,21.5459088174326,7.28803227438637,1.89648475897358,0.11451884937105,0.304466480736111,0.475898641558367,0.0231055386633159,0.454142793904826,0.234079183237774,0.366679298821276,0.149775994863009,0.158488230130387,0.404224457772902,0.125827779115918,0.0585066398817287,0.602207817294186,2.47555834290418,1.11397683236812,0.128179749771906,0.747905423257142,0.0570409211724092,0.161299268342827,0.116414741078201,10.4785487295555,14.2949851575051,1.04426904058875,3.45784501307335,0.261182440125178,0.146194307730189,0.0618714632683815,0.134480838267356
19.8008674934202,13.4709219077277,2.75034784693843,4.55358971401667,1.99705337897311,0.54681792289457,0.378066507748413,0.175527617670933,0.0890156181728544,0.436791235921841,0.00604918985851094,0.404313314102223,0.422971074874131,0.439339535367426,0.489874727126476,0.774780414939033,25.6053677576134,34.6335896203863,4.02974005353391,1.14189110002918,0.298037850816877,0.303612400309929,0.384491069293087,0.108317151302841,35.5616819396938,3.57961152577582,5.89514008776293,1.28256505630909,0.120626731955723,0.636194411058842,0.00824901481404756,0.0329161836440355,0.350605629672077,0.146542384591112,0.232720644712964,0.603427328633582,0.336749217099408,0.265875177626814,0.425322961652566,0.14875082846139,18.2432944690469,5.80153425055687,13.6274768994115,1.11186422253718,0.819155247986714,0.00172516246255423,0.0102282946589761,0.0573166862917469,11.5876761361912,34.0483008558252,8.2356840979571,0.957250638954473,0.0652962887415098,0.447938509239232,0.534757360081456,0.0163021404122877,0.701676132459468,0.351598036428414,0.137806356377853,0.204265359044503,0.121312398808967,0.563302919793489,0.0872626083580629,0.034474400765613,0.721753502239722,1.3488054526419,1.4323980133523,0.0820281471943932,0.924419017660127,0.108130963350559,0.230141478301846,0.210351789102532,15.518178297652,24.3115417715555,2.15658691824727,2.84433856799837,0.347940382470833,0.135840126612839,0.0572014680227487,0.116856962856709
14.3529893677776,6.89267889818136,1.42268406846469,3.1015240813676,1.40680644707692,0.488724449387605,0.2947755690936,0.104885564029587,0.362378372627214,0.818865156441197,0.00893972775790696,0.638094530788892,0.33494165620414,0.186431262545268,0.513203789375505,0.500404371951514,25.9657704596125,36.4810508684398,5.25345247506508,0.267799184245345,0.252745575678594,0.567407060544611,0.421497293265897,0.10542743697095,41.4021122274199,4.72334427234397,7.4714218603757,2.52763245435179,0.155014477064303,0.3656302153898,0.00324251002196386,0.0418095332293343,0.350421295807951,0.0700680547387162,0.185638069120642,0.438086245725772,0.551227052300226,0.886649157679019,0.506833731629882,0.473107943047917,13.8338101690203,5.40379969542109,9.16292461941809,1.27696530748534,1.46534476152839,0.000733355830268594,0.0155258418307241,0.082019735769379,14.5463246668767,26.1357970954291,11.1029583799029,1.31593353830128,0.0484345352530409,0.359753458382882,0.324106743238952,0.0189791158681599,0.436317710362818,0.228821603476317,0.319375752341883,0.401824803303049,0.298643166485721,0.379078006779965,0.0971606369070296,0.0654676508739314,0.314322508998581,2.06496855879832,1.15038341428641,0.161266184799176,0.570005755323954,0.383355457826034,0.083426163594965,0.169799717517929,14.9343324687828,17.4311481093237,5.17418945438569,0.978409783430936,0.350346449597557,0.0719229877856793,0.0455888084328671,0.0556411921645692
26.5437651566561,14.5952471495079,3.63551860485306,3.1190078192164,2.22723432153808,0.444169933137025,0.183256764564476,0.0518296060892943,0.212379964124337,0.321823921665278,0.00325051880994409,0.206999844268949,0.433364806958751,0.322087234432369,0.680000549763031,0.597671818039529,2.1884886939922,56.7858835857772,5.50289587412199,1.01414992940745,0.0675199291033921,0.401046822599834,0.267670406521595,0.105567185844023,36.3422403516624,4.22993822151646,4.52146106990129,2.03584717513585,0.141650720440357,0.57740567865866,0.0166602193832794,0.0473958477415442,0.475968145320672,0.127394226500593,0.160463924195257,0.744747222656544,0.4099055449671,0.767438086912905,0.294042937547542,0.218326392923563,8.41925546942656,8.58621375243595,9.18804093762421,2.13135348469312,1.32066662768414,0.00233385955759348,0.0310890453358677,0.0235937365793295,27.1516321416665,7.67206612827748,5.9054207257289,1.44835541503589,0.0560747162594421,0.378810214991499,0.181775169275928,0.0261061308521674,0.899326654857613,0.698430183076572,0.273567947590957,0.406126889105233,0.121725853911876,0.235274620800387,0.0836701342754942,0.0535950092646278,0.558458156040333,1.63542975802925,1.69585545459827,0.190757283526814,0.98242802892304,0.199997011924344,0.153640107118138,0.199788653999992,26.0161848997212,24.3447333343984,5.60452173633024,1.78903597381369,0.209768980174513,0.113110772509624,0.0384105523227685,0.179230024396087
12.2757956533316,21.7324820765681,3.17992617559752,4.34400693126943,3.15177613657919,0.329870619257318,0.13492170258813,0.211407913323006,0.341081048454673,0.665522744489539,0.006564124148907,0.343611437494087,0.118668086132943,0.627172855982878,0.312335273141925,0.809310719917761,17.5470645398314,37.3668254514762,2.6048764865146,3.38670276195872,0.191896591864917,0.233058839191551,0.515811465470077,0.0707711717809463,35.6082133642938,1.80219241362933,8.97039682340502,1.90138935453327,0.306976014024493,0.71709889704892,0.0154435738831821,0.109423302024671,0.600195528124516,0.0704784012863617,0.11192493784581,0.593047075186458,0.542869386712213,0.445278156373298,0.736569885024653,0.199657644802332,14.375739875992,9.93022282782597,11.9025468984082,1.35157940226279,1.14136471357991,0.00183792683812,0.0137089890274165,0.145418160277402,16.3527993263277,20.0811039215723,3.88484967613894,3.50304580701876,0.0337163428260442,0.320762128065626,0.294966861198062,0.0131366926069246,0.705957348988188,0.177288874655079,0.306369702672593,0.556381457014659,0.123231301661077,0.428970495932765,0.052269104016581,0.0302785103095618,0.19841517144151,3.47511207205644,0.846815424670824,0.0592490799391782,0.688730560626598,0.175764074809539,0.0927037694350936,0.0636074203272172,19.0253509643617,13.6485013378766,3.40743945484413,2.3597812641327,0.314784966125066,0.184294639588112,0.0397010232267151,0.151856796343044
11.5599195512646,21.7708098411808,3.88785079947899,3.02730038863022,2.21728290242056,0.447861311296761,0.285852108433182,0.0625730587162427,0.261741568628443,0.336980128320476,0.00239880469075229,0.332003007852737,0.289248199837454,0.385440103941774,0.604121909036073,0.677987793161058,16.0129849144424,39.9737273121279,4.1914745198471,3.63100826943059,0.277806835052971,0.171508600741061,0.380974927610393,0.0464649451586999,5.28127814523261,1.40720498031909,4.68862771882224,1.51363048221705,0.121597028596745,0.563246470185628,0.0206932356792583,0.0592720144898751,0.734477629535574,0.103148567622428,0.31351314049496,0.684578717655567,0.258354665118418,0.694383639786372,0.534925359326699,0.353407940740736,12.9316613695844,4.65428271890141,9.50394575439275,1.71884779157517,0.615612697694548,0.00158732292953739,0.02532914263979,0.120943107113777,7.71965145879351,22.3112248094589,11.0480787320539,3.02800248114028,0.0650046127107322,0.194603959418267,0.211832460785874,0.0234437954448531,0.493503966102501,0.360014750107214,0.421069103702917,0.343711092085758,0.251053552724712,0.314759274880682,0.10461939713734,0.0253375683544052,0.542820648817424,1.2647939774116,1.819187292303,0.0750080720728248,0.994811550711338,0.234491140045332,0.179146815132078,0.0373533231677817,11.5869863923758,18.2320362721482,5.00066161356343,0.656419891716108,0.318163584197136,0.0782239963172387,0.0259921944986239,0.130787471395941
8.75321093539083,15.43660625641,2.29001321948383,3.92908135030808,0.702929651895625,0.191748408511725,0.332931662027476,0.0930588931226038,0.214587329962936,0.0300449623709451,0.00341481259933841,0.276792922386051,0.200709978080435,0.468380262256617,0.319002667231217,0.768255012341812,30.397930597016,38.6357840112976,4.58338235781359,2.56677611941912,0.275203958439291,0.455102553721693,0.529062245558923,0.0671373352175409,33.0376087147866,3.51016811125815,8.04808157467108,1.56720127849377,0.131646216877387,0.408212382923997,0.010544966753629,0.0593048605056738,0.561512344514527,0.0604710579594417,0.261462453881552,0.682250947641249,0.466998148743219,0.57286730731567,0.747828063388131,0.181016582026606,7.21678170741042,8.19842408882847,9.81651622700734,1.05940727444315,1.23991053496217,0.00163068910004641,0.0148259854079654,0.114199732563951,12.4985272171425,37.2760782903144,10.3412336293543,2.02592977881227,0.0952149214690173,0.154226306771128,0.223972454654062,0.0123335617462901,0.811542321373883,0.261651925999287,0.430518730566342,0.398091684696921,0.223599634883191,0.230175327703799,0.0439604189075841,0.0202916064684303,0.507107401511924,1.88955950390691,1.88334860748022,0.0826454647654894,0.945625925143205,0.112307878209189,0.116068698670076,0.0920562099855818,21.6135328303837,21.5929016193814,2.58994905969934,1.73326925154041,0.253652820704725,0.0726569537387796,0.0606590881631622,0.116457477574134
8.00873566118177,16.7056775794413,2.68097889435438,4.90659683893995,1.69157810640595,0.402932540442614,0.218498079905185,0.217747886516278,0.203638165304435,0.354302351095766,0.00205683030316833,0.447531969335242,0.327791683931705,0.496523146194384,0.711643414113157,0.798665909703507,22.8894874991621,25.2355389993613,4.73692620130446,1.83954418758863,0.241835169533847,0.444301536685273,0.299845596201997,0.0416229923313968,24.1280906947922,2.53782774678148,6.25951359567345,0.940313055179118,0.138392465040538,0.233144049359329,0.00840723991852751,0.11767315946076,0.510676060365982,0.0601199678923822,0.258167599150915,0.246118214857746,0.0743067328173939,0.438003608586034,0.350302902212019,0.264092321164527,9.81304067237689,13.5275425771172,12.5532075708638,1.4877692340912,1.02829019317393,0.0014957980159671,0.0332429295557927,0.113573864285532,23.3440379858715,20.2752864918235,8.1422564783818,2.22950329335179,0.10305204301562,0.548413808741518,0.540772615907445,0.00500234298505236,0.781459985834004,0.437632049904513,0.400199587273399,0.503886448081103,0.279038310260996,0.311696168888364,0.0609793328896158,0.0223584545489738,0.609075779749767,3.0531440597451,1.09237339386947,0.118784164753978,1.27879500250192,0.133829113670347,0.130545917911424,0.110387073149443,13.6122538347906,28.1759674922674,4.69332005384787,2.30888280689193,0.419346066091985,0.0924205245661222,0.0532559805561451,0.10155939858597
18.1107083426607,12.2414234417747,3.24100236969262,2.83251121107498,2.69184201490317,0.442112247848176,0.293697648344585,0.0768671667599193,0.249907213175397,0.283005061380168,0.0047153322895548,0.219137314220323,0.300604631952539,0.491287902065008,0.445723158918235,0.812666195967261,36.9311812855637,32.1166313703528,4.41328172400752,2.50651653710528,0.241226178269813,0.18850667646856,0.48676965005325,0.107453006046634,36.5559013057816,3.769455323556,1.62746258698149,1.27763310659988,0.109622710986789,0.469269584453474,0.00644190525417157,0.0653066470303823,0.663431197542579,0.129123500926812,0.39120485236186,0.302398065094122,0.349273276078137,0.457984435337719,0.498936900501884,0.258686956712399,13.5963816582815,4.46330177284228,8.41694886209942,1.83346422796954,0.389767859091995,0.00082578765520767,0.0246477530814274,0.0187662989839453,9.35277109013736,8.48888470510474,16.7101371799396,1.84601972896482,0.110002058659347,0.28919547358082,0.450106858999095,0.0294760472792076,1.2731008437577,0.179944786124925,0.465981910487926,0.346238333043545,0.241864704033281,0.410116824913079,0.0679517876186144,0.0471839149811836,0.234087389168448,1.9249012200463,1.61886805815607,0.122451448761585,1.0723405766841,0.00161203506220155,0.15271281297722,0.0738668351848198,14.480340158417,38.9245830157641,3.78910798699261,2.39365432928748,0.307245058089414,0.162883271214966,0.0523539004512434,0.131568322942863
14.5685586280789,20.7531940247106,1.77884227963139,3.50619566465583,1.76408844937079,0.364830989765661,0.230658164592535,0.102792208299225,0.173322438765393,0.0751497799657628,0.00495064544878379,0.611801137800667,0.468419483451205,0.263323199672463,0.687231589041371,0.699604343715801,21.5857104035999,32.5241976798301,2.26763674180009,0.656163300320007,0.206370929750952,0.360142447658448,0.444730222563534,0.0994313095616377,7.52520465342994,4.69990985119343,1.32549232089094,2.17474102125501,0.224867645113697,0.0457901349480116,0.00402693433220539,0.0198111782927752,0.356618831460445,0.150423303802413,0.106988595338247,0.493025508953557,0.511868050425801,0.820389061783877,0.577034993824888,0.221526519483409,15.3107482115695,8.69314189865908,10.8113814683774,2.41774515907658,0.949349381803115,0.00203065853171619,0.022581776587333,0.12746807371705,11.6216245910355,39.1469681570433,8.6663439442829,1.46966783233442,0.0369518236212536,0.347036502716451,0.220460117744328,0.0141584404220259,0.448607762479302,0.0758606640593698,0.317429636533587,0.320109564793728,0.101170046366452,0.149276091063089,0.0334931969594998,0.0485104995050249,0.64936582236249,1.93725623465745,1.61968014322445,0.121942115487066,0.351618085403203,0.0779306312569723,0.0976082296980362,0.2623673666059,22.3447704853083,22.3959108948014,5.06402732847059,1.77146337192601,0.431601828718857,0.0496610591055491,0.0427470174650738,0.00457414332260142
12.7875739141777,19.5466591242471,1.93830722005356,1.68416794927332,1.66712894684661,0.195996332342761,0.0907044995769125,0.13717621716663,0.223734757952948,0.0683967780736988,0.000978637161584608,0.2751205885893,0.139081495172085,0.428599598664899,0.822489243150161,0.49976842167434,17.1510566915766,49.6127511662947,6.87515358659796,1.30272626284385,0.147856227077859,0.291168067295659,0.534357864820847,0.0549937021271069,31.4207515629451,1.91330482741299,7.84606954993365,1.08515795303085,0.172258450309842,0.453667310876144,0.0113585150512997,0.0781288428260224,0.567916894555396,0.188134292225509,0.235220981963141,0.723853559396436,0.316158222685298,0.581024832259014,0.178634735739337,0.635396910377925,12.6445988133744,6.45663219844874,8.69588378744437,2.18182432853244,0.197219243524946,0.00128695573272479,0.0112406418971974,0.12948883632855,13.9631512226881,32.3152267134809,12.6912659725936,2.55834042928646,0.0379944988550774,0.422000044445934,0.349647761521042,0.0285666866578254,0.0311132385109789,0.294940448520339,0.194994431005438,0.472230798085208,0.424151581236146,0.209041755166111,0.0880323155522341,0.0306888467762141,1.01067514594771,1.09161667329751,2.19831862248619,0.0758445230452335,0.974611187161271,0.197265137369255,0.0814335649487417,0.0937697808772209,27.1365239127588,3.46326549726674,0.354959335081488,1.7974601743386,0.166955070846023,0.155956094423502,0.0386941364745588,0.0824085960229464
8.02189137740292,13.3200111529318,1.86187736867367,3.53375403919454,0.413771933588543,0.179748897504995,0.290116649025647,0.0717828012586272,0.318422359827929,0.729928005393641,0.00486226721424578,0.0814516215804791,0.422410886895239,0.191480304935863,0.591119105721174,0.576469509747315,19.2186500807441,28.257059113585,4.9675143537903,2.40048643261136,0.252637488814415,0.216666653484052,0.666676491803384,0.0354759487192416,29.6828988384431,2.03817226892493,6.89060461595754,2.33242563942401,0.115202302787994,0.595116636069201,0.0159914367081946,0.050117602030599,0.77040769195972,0.126020457512262,0.00363557910722004,0.715195720074847,0.20004828774811,0.892882664932553,0.38477537228269,0.453303633740467,23.5259870151818,6.73987705267912,10.0848063256144,1.52683607784808,0.770560755036879,0.00108223386491768,0.0201713631619816,0.132798268918257,14.9522827765062,42.89718039631,12.267927895427,0.596001962492769,0.0264305771999157,0.474737758590813,0.332844065644217,0.000546927378995119,0.611501043082793,0.495739849387992,0.624509303460944,0.637094626873102,0.286715412989997,0.242257865472768,0.129088470357567,0.051162342085828,0.247496887160294,1.5829452454193,2.44396172332446,0.0773698234892007,1.01240340336594,0.189570117021419,0.0865126533658361,0.096002410576815,24.3335145611836,19.8295366436905,3.89317395071722,1.10649453976836,0.126616109104625,0.185243416142548,0.0410375494287337,0.0369655091827337
12.8734124270943,18.9923150196897,0.46472035196693,2.9476094069845,0.754969004905545,0.265814063944923,0.0870019733367936,0.148223846207472,0.299336735236332,0.659808326021198,0.00420149724222334,0.269493085665833,0.38082704665351,0.198813410115953,0.726037385703148,0.657082424327661,18.3338592150623,50.1461123852427,5.17583446620028,3.41531011660862,0.179075447760295,0.213915406679911,0.630747042158001,0.0826568620978574,57.5047400876251,3.43030347586979,6.20344689015474,1.49943880850836,0.103814785421046,0.434611093768971,0.0180085843569115,0.0731508504326206,0.765457360965617,0.0840017653123772,0.260262565753567,0.601986981239678,0.387497361912212,0.682298629961948,0.420498350371397,0.322377094906189,20.4420242913347,5.34503570368022,10.8834294496575,1.42715458965683,1.83529875268856,0.00153869784078163,0.00432622695664536,0.107580695655096,19.2030465473985,11.9864412947022,10.1591770032072,1.50262784349716,0.0351883623395421,0.494340559430752,0.500041592830069,0.0451942280787579,0.696180083575114,0.303896495645013,0.437740034579949,0.32222223951178,0.255441263051957,0.356132845589618,0.0511073070388645,0.017850339539445,0.622317460226314,1.58169054785882,0.879348361704869,0.166299405211223,0.686925629894249,0.241098820320718,0.168140998143919,0.0617352129774318,18.5977909693453,26.4282621411717,4.26820502897989,2.19357893071478,0.0182304796274766,0.105748241429731,0.0488214557666036,0.0995539386405428
20.7273789190103,19.7592585674347,1.75494394520963,0.788324519252421,2.54909065182708,0.392493450581262,0.187747498841774,0.153998469226514,0.160702526877606,0.0649608168725203,0.0030673037728936,0.596957440989528,0.139077855220393,0.342703572347958,0.699070031872343,0.612439236978607,21.896681337642,41.0599277632734,0.111457923039966,4.06623642826338,0.353758477248445,0.337574543745157,0.59521578618209,0.109887481985095,27.7979624255215,4.4652906452059,4.17230663513691,1.23172233343771,0.0427029801569481,0.540816306256982,0.0203215687591576,0.0539913258978712,0.714255390877807,0.133723370288186,0.177975113112257,0.418077974281504,0.507767617881311,0.625153612573949,0.415769172715866,0.454741530819623,16.8575436636808,6.04030856079992,13.0304276268347,1.06735068707944,1.04416886427159,0.000522901524407684,0.0143687444486616,0.086376185634582,13.71422172352,37.1895031467946,7.91279048700162,2.06052982512817,0.0906278923188702,0.454149850267752,0.311132633647433,0.0203562592166337,0.530993683042425,0.506714608921008,0.277796811766623,0.330557830621836,0.0922883787813447,0.138983596992491,0.0982663882312852,0.0786467392698742,0.131193355946725,1.66106269243133,1.55433178263337,0.111311711058824,1.15880160526001,0.174468678639577,0.0564931119875992,0.101471525538403,21.1031646165685,22.8940084614567,1.96013313996884,1.73084532528529,0.26065722807404,0.130542287260043,0.0440538858331913,0.102092270670563
18.1258545192364,16.5118589427983,3.85782059426084,4.37550589238788,1.59566198656874,0.141731977223803,0.242311698333209,0.150733709855007,0.12225412311758,0.505991918633247,0.00390401273390903,0.479526631464575,0.307814992494737,0.397442323220393,0.597226089363141,0.735437827168331,25.179289924117,40.4512726235761,4.51069357280403,3.16275671415432,0.320425539873628,0.247021844950826,0.37843001564137,0.0535744935522194,38.761018381731,2.49067744925846,9.02415264816287,2.61378176222535,0.170311462159279,0.285496644506933,0.0169989133768994,0.0940093709868424,0.692001709237537,0.175637030745356,0.173255398479602,0.32589732360293,0.448996976103084,0.562481471865261,0.369734672563978,0.296383278065602,8.51061116992386,8.19974839208672,12.8882203071582,0.956924114358063,0.984573833867923,0.00171543154854719,0.0211093483933407,0.11917735356546,8.86629864694167,27.9763325178279,10.1342912519712,2.18395513905632,0.0488434909421306,0.276720874141,0.402050835969287,0.0178965068371375,0.35476781616297,0.345579587970406,0.369884624741812,0.531147244815346,0.135283033813432,0.159673266176638,0.0311927847304135,0.0457970162851965,0.544568276618069,1.0918344453076,1.25193300788379,0.135203109818407,0.773722054459992,0.0610166216380733,0.132030991315174,0.114106290389472,16.1885891124995,13.7442071827729,2.43210677398852,0.884544738550486,0.376792858993002,0.133846485337773,0.0322910133124621,0.125266280316737
7.808516579128,7.75679899094767,1.87713925391021,4.29055078312924,1.59038089950131,0.55958674238534,0.130454632091949,0.0137230108790934,0.332618573754324,0.738979316107313,0.00414369536619556,0.576050625615045,0.460535238806149,0.176492979113143,0.797284818771689,0.697738787421808,7.52811562671366,57.297343843362,0.16236574075014,2.63128970773774,0.238402645491747,0.327208040409516,0.532671462225997,0.107351606010438,22.7055903690189,1.89931214618367,6.67847480207701,0.549338428725172,0.114171831338447,0.563891542418157,0.0157449290555777,0.0758531721999804,0.573536340313342,0.0944621174663773,0.114097129020333,0.450973809787453,0.357913918073741,0.631399986482274,0.472419603002769,0.284723089946672,32.1366978086848,10.4136498650524,10.3113773520916,1.01362820821882,1.34926493212449,0.00209035128319469,0.0221165289532915,0.0202172252137605,15.4076933199933,21.5578669676031,12.1769813797877,1.53560151422987,0.114439532187275,0.368116124943085,0.578712920932652,0.014089868370285,1.06511254298068,0.518125969637055,0.864707587918474,0.121969047864096,0.187730939778862,0.471187980717789,0.069825942930085,0.0602545216837708,0.222703351428952,0.957518178936687,0.914309186388705,0.108815297245802,0.696946782698126,0.201484473718559,0.104375771160088,0.203313909677658,26.8398351422922,22.6253006352442,2.7235905098262,1.32241344928509,0.13967524699876,0.0951644693395256,0.0488111410593361,0.0663879249831603
14.3529893677776,6.89267889818136,1.42268406846469,3.1015240813676,1.40680644707692,0.488724449387605,0.2947755690936,0.104885564029587,0.362378372627214,0.818865156441197,0.00893972775790696,0.638094530788892,0.33494165620414,0.186431262545268,0.513203789375505,0.500404371951514,25.9657704596125,36.4810508684398,5.25345247506508,0.267799184245345,0.252745575678594,0.567407060544611,0.421497293265897,0.10542743697095,41.4021122274199,4.72334427234397,7.4714218603757,2.52763245435179,0.155014477064303,0.3656302153898,0.00324251002196386,0.0418095332293343,0.350421295807951,0.0700680547387162,0.185638069120642,0.438086245725772,0.551227052300226,0.886649157679019,0.506833731629882,0.473107943047917,13.8338101690203,5.40379969542109,9.16292461941809,1.27696530748534,1.46534476152839,0.000733355830268594,0.0155258418307241,0.082019735769379,14.5463246668767,26.1357970954291,11.1029583799029,1.31593353830128,0.0484345352530409,0.359753458382882,0.324106743238952,0.0189791158681599,0.436317710362818,0.228821603476317,0.319375752341883,0.401824803303049,0.298643166485721,0.379078006779965,0.0971606369070296,0.0654676508739314,0.314322508998581,2.06496855879832,1.15038341428641,0.161266184799176,0.570005755323954,0.383355457826034,0.083426163594965,0.169799717517929,14.9343324687828,17.4311481093237,5.17418945438569,0.978409783430936,0.350346449597557,0.0719229877856793,0.0455888084328671,0.0556411921645692
13.1750527812345,23.0316273961717,2.53556447264927,5.02277481526569,1.64393442286877,0.240453940935825,0.106820354958388,0.16326475643151,0.338039699227219,0.428087719878478,0.00382009550275429,0.471211356416462,0.383025809607319,0.558230547786654,0.801517251226345,0.646583060298962,24.1523078351384,38.5374308121737,4.67970138895623,3.13410834161633,0.290002955958745,0.208832620471671,0.737643889787523,0.065460035049151,36.5651514085494,3.03602701578433,4.63468978244498,1.79048642698941,0.202492956338457,0.612473769512086,0.0171437333007169,0.0373938242665053,0.480241197562383,0.188749880628463,0.157715153839096,0.572120857988324,0.100436034736491,0.253717410515436,0.20617706721051,0.342929067615341,7.83231320376199,2.47205576728609,10.8795780229996,0.462955228974009,1.37997462783702,0.000898614435753675,0.010748759218428,0.0401596809529813,17.7142534025336,10.2881901062647,14.0524070090577,2.30314253921199,0.0662677862336787,0.464671260280809,0.217285755658229,0.0166016570435654,0.247360934034149,0.4289564184159,0.203650387655912,0.361289556559976,0.22862306575088,0.24796607363574,0.0972137322765893,0.0304192276028449,0.665250464695559,2.08413307858704,1.36743675691749,0.0815127359022138,1.55309234616824,0.214723404786988,0.116540302164443,0.113545405296405,13.4983740616274,22.1645465153459,1.70147352904489,2.0887528235403,0.0802171970783677,0.075468142458329,0.048114053517004,0.0642247745010695
12.2356837737472,13.9577929240535,2.12433108265903,4.84911018854416,1.31505758019114,0.438573168678409,0.218779191894904,0.0683676772594214,0.254181498199918,0.415358171973117,0.00634648336440547,0.581530729832395,0.260539266318229,0.298376529976943,0.487551300385242,0.696821915341806,19.6464240517878,45.7916658586714,5.27695051453175,0.803552636544572,0.488275833533023,0.271097485722863,0.532926507008825,0.074901249208935,20.7789526729633,4.49034239447864,6.44091209588754,2.07480684151738,0.141641652824699,0.914976019393617,0.00787867672478352,0.0858299825614886,0.388946796211357,0.128616662367181,0.321710314253486,0.383685903041705,0.39290767468806,0.744764114158177,0.539353400593478,0.224853618341881,7.44640945449759,3.63180353643335,12.4455829871319,1.47312776534079,0.425477657435447,0.000748380789693618,0.00663701959945796,0.135102383813642,23.5311176515154,41.7875713741245,7.70892905373546,1.73750287183648,0.0389231798801547,0.342015180335437,0.308592241744927,0.0325483412658563,0.646438320052296,0.256132027308285,0.406872888267597,0.509560789601604,0.190380411804542,0.331554994884758,0.0956925708266801,0.058045555339329,0.481939899948052,1.40822792313209,1.55202819295009,0.0972254596574245,1.1354988208328,0.119366367305851,0.195101314025449,0.128845709158673,19.04620191616,13.7262319052443,3.95285329396748,2.13745848758647,0.110275833369445,0.0828154672484951,0.0268202596868375,0.0920695187489349
15.9778978883318,13.9888150025703,2.37743077115295,3.43300684852491,2.23990553460035,0.402072570011408,0.430532886229799,0.193707772180928,0.253843244589121,0.235107174320699,0.00437609722745679,0.679540548934689,0.229683309002053,0.195114375714921,0.61835513127317,0.824043222455481,29.5109369563403,42.1774678203356,2.30476745394063,2.76546680596032,0.538967414354664,0.620461399506289,0.27642679656877,0.0578445676540142,25.4058448700472,1.1218663083187,9.11084937040039,2.60282383777449,0.122385688630638,0.127549609075012,0.00827695861404795,0.0395137437650168,0.814249422902133,0.0917366615137578,0.0956414605883685,0.340902787652876,0.464920807166145,0.679241941421592,0.247604512457353,0.224722353754077,11.9853859632044,4.76993556815804,12.2244508103482,0.976110977438484,0.693063168374888,0.00120263125275766,0.0283784882610898,0.107167250113196,19.1878081474544,30.3166451539179,6.13283530969383,2.07842570412548,0.0631017950608691,0.411376787773312,0.328693256014169,0.0217564460879064,0.326214812284204,0.693705526589163,0.337295153967943,0.264149194186538,0.358929542499596,0.257979173732253,0.121529877274887,0.0112999065076142,0.349141407083364,0.353556812742989,1.67523916797645,0.075127096729493,0.76176984167121,0.274791123110024,0.0759462044167085,0.0276465145251097,8.86991909863598,18.982765245504,4.16246357555167,1.4295102376289,0.14447445056588,0.142243598776545,0.045745926198186,0.0927920675472248
11.2418996423132,19.1928535371645,3.02945363866745,1.75392787515379,1.37725876816033,0.4162080160519,0.271873278004055,0.0968084410360006,0.301377831404741,0.695595661835164,0.00460919618052621,0.394802267894372,0.49094092798015,0.256634341867814,0.6932019119793,0.690866899752812,20.3130423424299,39.9486983160384,1.93967273347406,2.88424567739498,0.408693808044143,0.243778477766203,0.592116200535621,0.10328261658994,33.8579963146105,1.95686550533378,5.89424871081475,1.25931608609161,0.0826066700995439,0.271664241127464,0.0144451146523316,0.0608120575550223,0.406651029719981,0.141669440583046,0.314313450015172,0.837341986225292,0.430165616352142,0.614225851275058,0.248381751319786,0.260031424379235,20.9590815300101,8.6468264034477,11.0728508876716,1.47116089286644,1.47643588215904,0.00249910746732769,0.022472617831918,0.0574213734776535,19.4961791302909,27.5396286515426,6.04534764843664,2.24416972443743,0.0797423174374312,0.422604761189992,0.144143926998738,0.0288274771155893,0.568427250202369,0.472253864133397,0.209337751071222,0.226193974418671,0.0625617406404273,0.331318225922346,0.0543114609691712,0.051908932552188,0.00115008879795064,1.90503959453074,1.32882937483014,0.138726002385488,0.444734211391728,0.258996361028902,0.0526673770375654,0.144373576645184,9.48898070297567,15.1786996300516,4.43140197595611,2.52132396058718,0.382499922167942,0.153569150185415,0.0441984239090556,0.118970635283885
19.4092478423701,23.4550360903189,1.16755701555876,4.41930968664605,0.983147873939338,0.583796184768128,0.131198642820504,0.118298841459452,0.221543076180504,0.369162932068314,0.006193351423982,0.536685897476287,0.165916895836273,0.25263454127632,0.628434847056325,0.593893231182229,19.8456185742023,50.5186976760925,3.09296505647905,2.95961416104078,0.296955149340878,0.481451154235482,0.541420923643983,0.0467745822379211,20.8282117291767,1.74310973394286,3.13034233529353,2.6978965189211,0.215220477687747,0.284849627185578,0.0163523767042446,0.0706882125353226,0.496799206546285,0.0998818838524543,0.20436379766887,0.228952378348221,0.407320242302214,0.645484364805842,0.3573528062691,0.428825463759318,9.1462285933982,2.37297898272463,11.161964896113,1.43558132991825,0.751590166176274,0.00202865576874728,0.0183416197883435,0.0261404212159731,21.664565405265,26.7281322602646,13.122308499869,1.40216856717548,0.0801203738628157,0.0815545303088786,0.0450356258047645,0.00834492839017844,0.755050662036648,0.374046548244596,0.469640894410011,0.635817220643491,0.352205424281291,0.495967561188247,0.111514087913526,0.0510710195691024,0.470422917677078,2.59566084851251,1.30998181919109,0.173987414748717,1.10796462866783,0.223337595703421,0.109127364667532,0.0866184198562529,25.2932535139849,9.53617436338341,5.52285633178499,0.296828305710066,0.194174103679555,0.0965785532679045,0.060114997048859,0.162804635655985
15.6685053160015,3.23795190687304,1.2502283693637,4.02559075472855,1.56945911447902,0.29722573085697,0.299151859240771,0.276642368404493,0.174393186109637,0.454016755650132,0.006799113253865,0.121682133203253,0.359058228201385,0.306141950813704,0.610839607745604,0.645863613173448,32.3385057889485,50.1570719789529,2.2131298393726,1.97292161823101,0.104251013304406,0.381272733927429,0.416889692302075,0.0272366213555137,22.5600329133776,1.38036886040258,8.19741386784304,2.11905302677249,0.134124102917998,0.677271262969644,0.0055712422982843,0.0683545892892412,0.367238441829957,0.117752431005377,0.114949841052507,0.811183920592502,0.334628241098644,0.648016692907748,0.263432389628059,0.409980621987357,1.68618431839801,5.66432338419305,14.9765909855726,0.165047378081082,1.35002205749477,0.00126461574162128,0.014254720590005,0.110949259177012,18.1825778143331,31.2789207223022,10.4907005132208,0.514344251843063,0.0709171792401571,0.570434555158906,0.238226304031101,0.029713205029664,0.929352611881789,0.274577969180897,0.23700862911641,0.338029932742417,0.0593824540610581,0.173453473802354,0.102594297753148,0.0640960425819497,0.606631148296243,1.78135117101923,1.91988989949923,0.20533778117457,1.29548685630111,0.225062766738039,0.169453531640777,0.180705600546264,18.956734753382,29.0486259274735,3.88915661817803,2.33311338228126,0.365331608570471,0.104729941199821,0.0388631689799353,0.10777527727558
28.5655254762586,17.3910401013421,2.05742547510772,5.32433171227908,1.28458939154095,0.211416236664596,0.283168686272452,0.0727804367043214,0.306891860446473,0.382549747776534,0.0054187103655921,0.390216878332678,0.191271761657748,0.233897908526371,0.735536126981018,0.791145878625075,36.2454762216354,41.3455709303943,7.91173518582753,1.8860226295825,0.362945130871222,0.427121573446183,0.340434538069464,0.0446527136989151,20.7458212352228,1.13520640392225,4.39396546072071,1.51812896517408,0.101338652975568,0.828212380729144,0.0136612124817663,0.109144794983874,0.166621358055509,0.110714773738121,0.331224079894674,0.242761838553199,0.250306314223566,0.831687064649634,0.178687677782239,0.279277752911049,17.2514236915839,10.6510464246509,10.1143925861057,1.56920421245353,1.54577792932337,0.0015712157793271,0.0140726892841709,0.132654269473058,8.9933352921016,21.7756255044512,8.88150262134303,1.74256696854377,0.120225475187939,0.21101715294031,0.25554251022786,0.0197043712994412,0.479550587678922,0.556247275777418,0.523641992982971,0.568320406218758,0.11087951805487,0.305701201902081,0.168525054129319,0.032871276302982,0.6282901108534,0.758455999268506,2.59529639665796,0.12377298619418,0.937718041110397,0.058451380499875,0.0848585224155431,0.199952535123652,4.11987389698615,16.710136706302,2.77485171049421,1.13937547302538,0.246367325134543,0.116505281316954,0.0261981184141569,0.0921033284217725
12.2086696332689,25.6543997941554,4.39682585629329,2.45277487187654,0.848842889709392,0.337322363524904,0.271277748416621,0.129546418413399,0.134032295877976,0.643660859359599,0.00175549722209765,0.593749326436577,0.424687900034133,0.399441316342108,0.584819186408583,0.563978314543756,28.6011836231472,53.7642399647358,3.13924135657864,2.20507040575404,0.182137589152812,0.219482811047684,0.271310451203961,0.0757977609734307,25.888439924317,2.89750260821717,5.16871700289432,1.80810412659275,0.144427958960423,0.428845013952393,0.00802950008027065,0.0668246473739399,0.492617579833581,0.104044801647507,0.250137144968419,0.394391486393949,0.337931501777196,0.44866499702028,0.474772521952212,0.514162557679183,19.7003395878529,5.68150182974138,14.9355173228152,0.821163289310534,0.483338126627836,0.00161765046967576,0.0258729331531447,0.0385247145198817,15.754349308194,25.963340261688,10.4717686116255,1.45450192546427,0.0842842434973242,0.37447195874409,0.201266001052266,0.0196726473951679,0.799955649098894,0.426117849153406,0.316499309447465,0.350764885962979,0.245658115403633,0.357752691697139,0.0675962619700444,0.0389117110882107,0.512048111759097,1.09845126691543,1.95748060580102,0.136134032922516,0.711418312470484,0.136087262191235,0.0907912415314682,0.163569858372626,12.1728044398092,20.3401266621169,1.06895265008392,1.69528891402972,0.251180480366342,0.151512864947231,0.0381142670459759,0.103115348140593
20.070809986367,17.3855480917175,0.17039804440557,1.8345009147753,1.41664956300048,0.522103997940709,0.192321785748154,0.0741285867944377,0.322188297825617,0.217293841562991,0.00239467718493178,0.638541827339626,0.331643268421833,0.197694843933137,0.471182329962395,0.752815202214454,29.1974287069911,49.5346851378611,4.08058196302165,0.431615008481151,0.321133665774356,0.396420541617159,0.38472686342792,0.0871360467788424,43.3500570792893,4.24494923934137,2.73721781688468,2.12623707828457,0.0886179509091602,0.411178544682672,0.000655255999939949,0.0427977898372532,0.199543429190747,0.133515320089463,0.145733633818046,0.199753710791315,0.146771659852816,0.791135477403988,0.521533943911214,0.157938543941329,5.55634520199,7.26651840178406,14.0462042880782,1.62616428234631,0.98656033366213,0.00186649938035861,0.0233922207461622,0.158671247459921,26.92744565172,29.8120559754179,14.9241576812178,2.25482650438799,0.053440553252025,0.379958488582597,0.123534142175347,0.0277383564888861,0.807468252949673,0.164502983056555,0.315727366690566,0.655895236211904,0.130095451946403,0.49022456806441,0.130725818663761,0.029325398069018,0.647756116975453,0.817104296081277,1.86094134618292,0.0561365135566403,1.12046354345357,0.199781604284536,0.168574272570462,0.143307874809681,8.55717090701124,31.7294803986047,3.37987556350393,1.30039651120478,0.530962599229424,0.072826789370159,0.0301971010926574,0.0211631172500669
6.7396596955889,23.9030832930677,2.41414454357864,1.979283313433,1.55108632338723,0.494036360059915,0.170233913699111,0.106438312182215,0.179003280158387,0.859570264738915,0.00359937229555386,0.0508267129506252,0.267770716985669,0.246217938875152,0.566740978532206,0.689338486142923,16.9721123151912,42.9104773685619,2.97414520931306,2.01935455454173,0.424097234615481,0.444491003630479,0.574775241207887,0.0626428160407094,42.0445777953257,3.07786185670018,8.02522266536256,2.08717880880384,0.17635688334932,0.460272290803683,0.00822958892510398,0.079537521603696,0.422765350504725,0.111256687999776,0.298861244698664,0.869417837910091,0.597249304040424,0.677354660805718,0.411297324014031,0.233429285673722,17.5806530705017,5.1655665999441,14.1710922358272,0.894732971074056,1.00387718506131,0.000887063701989565,0.00873168320929622,0.0710438229130403,18.0845948347991,13.8496850763597,11.7987705611547,0.561584796842404,0.0423677187073402,0.40899054830419,0.291704015055804,0.0236350579194542,0.742785272952568,0.367546618828296,0.171536086528779,0.311013530454166,0.321902580127032,0.212094093437331,0.0939373397114458,0.0412065177532344,0.784536178086425,1.95954552345228,1.58678874207044,0.211199481739527,0.677127071332402,0.204791232611408,0.149454128075856,0.272123965144922,13.4378819249695,30.7586376878764,5.08566348573674,2.58337526635871,0.328555499500176,0.0526254841000689,0.0404289608257579,0.0530916014276153
20.1157522103199,19.1824739515855,2.45293678240571,5.45396270771653,1.15403672093752,0.328399662295061,0.311776402919311,0.166814389131264,0.192287847558161,0.546663992748278,0.00318990725171833,0.0120412675456777,0.477874077925562,0.44081177605956,0.349825973793788,0.707951768789105,17.8974432786255,37.5924149815843,3.8368039322986,2.72171902591111,0.330892473602054,0.278218440877138,0.325076632525604,0.0814813398964457,24.0712250531908,3.20420242385616,2.99945473274381,2.20934897957769,0.179656966496127,0.258667163422649,0.0161002661383333,0.0737186994546167,0.667178696537716,0.130684504543418,0.230016938611557,0.875012684738207,0.235737908846322,0.376718044327649,0.675705684769187,0.251537500336649,11.3006911391189,10.5430249575434,3.86620738236776,1.75331793854758,0.656587312193969,0.00196158487434519,0.0119300971376375,0.127553544197082,13.1517418157942,44.0161228791141,9.12908666570147,1.8735503646706,0.105551094623403,0.369652743117139,0.438587591363591,0.0330724288964577,0.920511282162969,0.422082430249404,0.33183756957054,0.505379233149534,0.298514498952978,0.329239397799821,0.0702845536629122,0.0524397372963938,0.500941066972359,2.0427437597113,1.37268342032172,0.082940916865233,0.532947512044148,0.177843339845615,0.0808164425937312,0.148881187956611,21.0477904622177,10.701265842322,5.22131419241145,3.49584636338511,0.302423617392499,0.16540746337445,0.0585060774987515,0.0279941338883559
9.67256652246001,20.7578004177008,2.43914152611167,1.75088747465721,2.31656159991237,0.459791028598348,0.441906456106153,0.156365382200031,0.242530710274594,0.486229163419447,0.00340109804131792,0.134798090007444,0.327995721887524,0.340142811230063,0.638860059351138,0.709439779067101,14.9110597380307,30.5727086643445,2.4124347958957,3.66942755751691,0.282929270516747,0.119013680160656,0.709586771595657,0.0577829602895576,29.364686763915,1.82874986774127,1.38904840304037,2.26787019438371,0.131370083463812,0.730112125672793,0.00171870390165804,0.0457440619594554,0.810382773626266,0.0401050457200782,0.312444952410441,0.62321834923823,0.462990304047373,0.591918292187502,0.512448232290619,0.25647834890573,19.8609098371104,5.24398235580187,11.7442435221852,0.7785127366897,0.529743443304469,0.00145516572191277,0.0207566594016393,0.121956943341892,12.7933039129612,32.1407469296952,13.02485516769,1.88744708882202,0.0733125068385686,0.347932649147466,0.457602452479058,0.0232523030355791,0.32574024913503,0.265851522756407,0.522528597986925,0.330590902555779,0.24518907514296,0.299889714038897,0.079084816033983,0.0398837283789815,0.690277788724423,1.8662823653967,1.39446710432884,0.181465363876209,0.611719584749199,0.184244920276863,0.145084463940199,0.132913437746673,9.93834450091033,21.4238757513099,4.25458246935917,1.53356057502471,0.316481899869129,0.145203677018454,0.0246969034884572,0.113584594070464
2.78226434736155,25.3980058621675,2.52793783002066,4.03405173011899,1.90420471887094,0.228336975474434,0.416902449382794,0.0884932238495601,0.179848667209634,0.305369102690125,0.00486660924761575,0.163832456396261,0.276948564724007,0.497198659890364,0.799935136727647,0.55016857213317,22.9842441855119,51.7614131222103,2.8628635177731,1.78370786814146,0.264297615764589,0.567081404102471,0.388726619230204,0.0280895334491192,39.3781475560498,3.24066081787422,8.95888093629597,0.396665127490489,0.0336681531837989,0.603421458584821,0.00993541643682296,0.0446650876594388,0.591677586205387,0.0391778660277073,0.241679921664176,0.902756714964326,0.575921969598956,0.383226606459851,0.264820786422059,0.447768590899484,15.1621865903305,9.95417155070017,13.3154271738764,1.07264820511825,1.08998904554979,0.00170259646304106,0.0253540738198505,0.0468479500823383,12.2211319145171,22.5954139217372,7.92442471898816,1.90408814876433,0.0641315749047162,0.144257140490582,0.453238436848079,0.00782873421263129,0.608832793914861,0.403399427871587,0.57832447067431,0.3390118291314,0.103357384484511,0.434215657170167,0.128229191564568,0.0243629763700311,0.868950020719944,1.77391293435078,1.69006511868651,0.144960022835362,0.876637699119822,0.178595029083231,0.0155524374639305,0.101248000242766,18.2479598482505,21.3257314769341,2.66578559251818,1.83415512875871,0.456681885473868,0.126593536180378,0.0389649312742537,0.180271729033341
10.159199900025,16.6274195601168,2.34246577913698,2.73616181944005,1.54365266409367,0.366352736659606,0.299552263646844,0.201630464477068,0.380798979410906,0.599173022028918,0.00587772101382813,0.63690971324683,0.42864562593837,0.37189487235497,0.498105785512332,0.559158275657322,32.442999965561,25.4341958098446,3.3528970994634,2.37393889103007,0.362186072419497,0.193359598849344,0.593031990053352,0.0801583037021414,34.6887195302398,1.07526880138188,3.27768506387399,2.17649107431968,0.14718189264812,0.720768194838852,0.0164778935871217,0.0321010710661039,0.725104771822414,0.0725428745623624,0.217966138092996,0.789218984085494,0.436335090758129,0.459301096835088,0.655489208551894,0.33044289696322,26.9119227217565,13.7397574313715,7.65029341402895,2.58156221531523,0.535561632738469,0.00129800127311615,0.0146508441061634,0.175838224320313,7.20753832399491,45.6549630870901,16.1553452433999,1.53408175710142,0.11362484345846,0.260743736807947,0.290572999786265,0.0221575486049497,0.6362591966382,0.427121029670208,0.583898592699894,0.0599088922381343,0.255891751515488,0.311084151224868,0.139992418012691,0.0957202918624487,0.555633248619812,0.305634211061143,1.20725777469818,0.137532493979855,0.554099529919437,0.226654083054057,0.00773948955437556,0.205484366317683,6.08457437590034,19.8084649516235,5.27377892271879,1.9005073315375,0.0566205135281204,0.0700655919307679,0.0476270353084043,0.188352287633239
9.37353341095967,14.1315910597791,1.89105618799934,3.92233375517473,1.30167994116996,0.366210189044929,0.160961905751302,0.118366739849969,0.187924848182779,0.157801066585158,0.00896100650120878,0.45341513955029,0.126052116599277,0.310475623186356,0.54290073117815,0.755411080810543,27.2528664663997,35.7374669456177,5.71937288431906,1.94749810010907,0.214315880817782,0.337095590615408,0.604666825740935,0.0512615665120482,38.8825082649464,3.407565204165,5.87642675990635,1.03756102512558,0.176131225414835,0.509054478890713,0.0148943338185509,0.0671679947331096,0.919465615781615,0.102718585021733,0.26747224860806,0.364417615793815,0.290123735957086,0.542188318176488,0.330442597798586,0.318176302414437,14.401719939776,6.37803348617051,10.4559559705395,1.79485243403528,1.40695227611836,0.00138353904425541,0.0153559538418676,0.0352463412648093,7.58515443862694,41.3019894231986,7.36511801508624,1.53425008416218,0.037745230431127,0.501357781708233,0.0627683608419835,0.0155627188297121,1.01364406860177,0.527437926142902,0.830479097457016,0.178838260261479,0.297112595895646,0.269787126636753,0.0688517665348648,0.0387805712048632,0.562329153939406,1.95499645741686,1.16828382418456,0.16476379358097,1.59956858596439,0.208656266412025,0.155932414719444,0.0564010202752265,17.3496006428196,30.3360927243066,2.26529739173575,2.45940532933614,0.109375567031409,0.0486803226823396,0.0452774454730403,0.144173479528188
6.44067535566828,3.4215340529126,3.79056325184158,3.22709604892977,1.15990515709425,0.255851421851415,0.164889667105561,0.079364943342446,0.193340586869886,0.398618633451934,0.00321755014281436,0.257252926339552,0.296745951728676,0.401077090176136,0.622952952002279,0.692117347101304,22.7185108983993,36.4143391158415,3.88167568666222,3.29862626696047,0.405281799975386,0.372685272783097,0.450269433979218,0.0606712909214537,44.0309335149437,1.26310210818074,5.17577446117235,1.47858867210741,0.126800801817845,0.357061132182119,0.00907274793353869,0.0241211176731589,0.544557256363488,0.139318093623048,0.322397705280177,0.606918663506534,0.521773139359123,0.654633189405629,0.269525048865689,0.270102241976116,15.067272150581,6.3415285500766,10.0197217576879,0.949574355743026,1.42916900153536,0.00225235352590765,0.00682785227995501,0.0803756308570662,16.5667888784354,35.4625641520926,10.5197404858122,3.00393441308297,0.0727863082140407,0.26296751689839,0.29782456641963,0.0304942933923774,0.924886479108525,0.359589707850601,0.503734562141315,0.479412727373261,0.196890460660184,0.344249279871318,0.0973206009002277,0.0715073295653361,0.286404499739499,0.308242159772743,1.3540949055585,0.272156060797125,0.5636291399377,0.0288982930133892,0.21126346592627,0.116115989591886,16.2806338153032,1.93416015811484,4.47978842732051,1.71270837814272,0.167300394138474,0.220631224742687,0.0275404194936067,0.111053861611016
12.9923939041764,16.9836791588401,2.32889942038575,2.91034344876065,1.04669165642528,0.235580933091177,0.467974119838539,0.160054736193005,0.0963947585167803,0.203182639438318,0.0064494823795468,0.577112819541692,0.260993073902853,0.645176840179886,0.675319237452772,0.56290177794355,14.508693767463,43.2195706768467,6.35717960206251,1.32671464984075,0.327410424935628,0.616388707711024,0.371994670801116,0.0758837628077429,34.5608931592958,2.24721045078933,3.60493873926397,1.81699379846972,0.071426886670212,0.411985324299121,0.00606431322870637,0.0719855727828872,0.77516637497752,0.189396656069584,0.21198634489356,0.0380041632176136,0.462941311186573,0.388440624767908,0.418682432024943,0.383539849341934,13.1640075051416,7.52216586784009,9.52164041029729,1.36906822424417,1.1954163055331,0.000346225273832641,0.0202369566616813,0.0752915605177532,9.54900940625121,38.4995885817769,6.39338809662915,1.57831937511795,0.0646535348362277,0.693541050903563,0.268059114709712,0.0269262863069062,0.747863662600644,0.258048650022492,0.263479919682904,0.298828165657602,0.302474275755191,0.327021139705113,0.117943638953334,0.0669506417864518,0.754632170847155,2.22679953191219,2.28480882632956,0.114166583613621,1.06790875960697,0.165067708757204,0.114018100628342,0.10462292190072,16.5238260895322,24.3159531259136,6.23304694048842,2.86693275181154,0.390155842611676,0.16920887946479,0.0444453571130935,0.129140676084325
11.5599195512646,21.7708098411808,3.88785079947899,3.02730038863022,2.21728290242056,0.447861311296761,0.285852108433182,0.0625730587162427,0.261741568628443,0.336980128320476,0.00239880469075229,0.332003007852737,0.289248199837454,0.385440103941774,0.604121909036073,0.677987793161058,16.0129849144424,39.9737273121279,4.1914745198471,3.63100826943059,0.277806835052971,0.171508600741061,0.380974927610393,0.0464649451586999,5.28127814523261,1.40720498031909,4.68862771882224,1.51363048221705,0.121597028596745,0.563246470185628,0.0206932356792583,0.0592720144898751,0.734477629535574,0.103148567622428,0.31351314049496,0.684578717655567,0.258354665118418,0.694383639786372,0.534925359326699,0.353407940740736,12.9316613695844,4.65428271890141,9.50394575439275,1.71884779157517,0.615612697694548,0.00158732292953739,0.02532914263979,0.120943107113777,7.71965145879351,22.3112248094589,11.0480787320539,3.02800248114028,0.0650046127107322,0.194603959418267,0.211832460785874,0.0234437954448531,0.493503966102501,0.360014750107214,0.421069103702917,0.343711092085758,0.251053552724712,0.314759274880682,0.10461939713734,0.0253375683544052,0.542820648817424,1.2647939774116,1.819187292303,0.0750080720728248,0.994811550711338,0.234491140045332,0.179146815132078,0.0373533231677817,11.5869863923758,18.2320362721482,5.00066161356343,0.656419891716108,0.318163584197136,0.0782239963172387,0.0259921944986239,0.130787471395941
8.65706679740459,27.1280802925083,2.79314710381632,2.2437698535312,1.16907119068127,0.439418250475467,0.307877106016534,0.100548050279665,0.225887066287662,0.624018488080689,0.00311222289601174,0.517577705852019,0.31824078852911,0.240537021510407,0.715223129944347,0.671616261756808,27.7447245961739,35.0982289888861,2.86061310320536,2.2484564117542,0.281013563543455,0.347287457877788,0.625198720816954,0.124801608603696,13.5832657885125,2.28319606539671,5.60920156253475,1.82657143196925,0.172705066326506,0.213361902779128,0.0099925863035647,0.0649590421485492,0.381540948374169,0.245920063208829,0.236024377168588,0.564107606304238,0.507224709316681,0.611182687253506,0.347314326107421,0.333686274508366,17.7047372784671,3.54665651832027,11.0202455708225,1.18799269284283,0.71668899445517,0.00187660463594108,0.0194337258090009,0.112269200065561,22.9584385718999,26.130665390716,13.5820155742095,1.53658460122109,0.0825958388458704,0.303157104647145,0.29987515715992,0.0320859226317035,0.444354327471031,0.17808244124034,0.407857767802251,0.242108181887577,0.116086516550847,0.457694833435496,0.112526151431634,0.0345346944746291,0.4113735159472,0.568863006365003,2.06471292350804,0.0903927596265944,0.49091022968045,0.00841783944595739,0.0462165265647306,0.229480909063936,14.0134714727946,32.333795888917,4.92409791634842,1.59227721014034,0.236418159087902,0.0989632138220141,0.0469573431633062,0.0872909619157435
18.6642844535344,19.0904940521965,2.30357325291448,3.17389708943005,1.00174659239296,0.400533423186016,0.221316352023593,0.0767825219350329,0.142968261735309,0.206986894233799,0.00572737696660493,0.549582223988077,0.31316304884349,0.339480052524085,0.438816419708431,0.698218411660269,16.8021364203197,47.8717006322491,2.95111969160754,1.36020527077949,0.296336596297535,0.289631328572356,0.445339400003694,0.0632631314353755,23.364926835333,4.07807169918348,5.92717449587689,1.5820177927677,0.12589671182798,0.703417808556704,0.0228510310372402,0.0896730715014448,0.278237357247585,0.120872539191605,0.258139406249833,0.549003893085232,0.364999364023459,0.511608525149146,0.621883008410275,0.25285716986081,14.4270553104253,0.200153128451438,11.8245392657218,1.52507929413615,1.41300856555345,0.0013333519269054,0.0135294591208851,0.079577731254149,14.643162760916,39.99123930998,5.41444188345684,2.53842704905416,0.127584165558482,0.287958367672645,0.251176100635637,0.0128127365883902,0.82717454771342,0.290841703064194,0.339858286948785,0.345986119394899,0.139600544205005,0.428954422114936,0.086459921820743,0.0499359073214338,0.526045630536998,1.40874747269477,1.84266056663968,0.04987003326915,0.959447290527731,0.228565242649463,0.168612782038415,0.104517294938796,9.39349960712895,24.9608776698257,4.14567148071106,1.34348294882277,0.214702797638892,0.131015823722968,0.0319906292720135,0.121269443352667
17.3533749236351,19.1210605968239,5.74044123814218,2.43506137242894,1.11471719409751,0.449829279163753,0.141982293146647,0.124409192954506,0.267887902838627,0.233406638144334,0.00256347261671771,0.398919185006781,0.186378797829033,0.405800861398124,0.815323076342191,0.711197854547862,16.1943118894148,39.844273434858,1.79876607743713,3.24887122089291,0.0195339616385304,0.678965986610659,0.518901498020843,0.0920364881310156,19.7686721345228,1.63928314610782,6.24701646871261,0.551503614139334,0.214559190495396,0.678450601514379,0.00132292052017223,0.0909803244035056,0.680211498602064,0.0876030666677602,0.0789232247930985,0.565069970697328,0.277083828650233,0.509746839435934,0.153510031847699,0.358750735744594,11.1717972467596,4.83875577744911,11.1163062175812,0.880217384291471,0.819937472408368,0.00182903446751846,0.0359206810560139,0.0546739558994874,13.6198949451341,34.7067987984407,7.50680167832178,2.97297288709791,0.0721185956536303,0.442158748945507,0.356586585343196,0.0121528297490423,0.420925265639727,0.288170646509601,0.468264980162311,0.428561999476253,0.275239963874853,0.264712893008505,0.073973885005691,0.0184091301145105,0.158580884421141,1.66342243152759,1.60736773241926,0.0831854077887514,0.751256366680751,0.104094586731325,0.025123304909725,0.040700554795519,14.0483338959774,23.1546919994391,5.1442977130248,0.610435148124826,0.0971166134558126,0.115921144879895,0.0239905225427127,0.047700967900866
12.3541610022337,8.62176404437629,2.18829647046013,3.8926740794386,2.00334614884318,0.179910311913887,0.351237350296636,0.151905009749915,0.124326388817696,0.397667604816917,0.00564966002377429,0.419136771041522,0.174114796719029,0.431123073685363,0.716076332433177,0.738722734043583,14.3404002240096,29.6932956088999,4.5746500540263,4.33758476133542,0.277566840967111,0.459401333751536,0.190623082716822,0.0775837387367649,26.6229034995696,2.75143946325465,3.23391714323215,1.08684032184263,0.253614158316663,0.429689546653574,0.0132489631522237,0.063339489553198,0.701403497715872,0.118209292470818,0.174535917948043,0.613509412174858,0.416515547881818,0.63830764426713,0.404617442236423,0.21478401015142,15.4378582986984,8.17530603285875,8.83503791165411,0.595007547909271,0.826986863223216,0.000645802365977867,0.00785251460271613,0.0576073222157952,14.4048050643627,29.6394256031578,8.0866646072454,1.4035200531557,0.0809006962620224,0.54351499454338,0.369085972649227,0.0256744015836796,0.516166638026075,0.292745719989599,0.628228120997172,0.338961113094509,0.206610141813002,0.183540490948892,0.106903132087839,0.0579875675354216,0.58904555944659,1.6230426669272,1.2281627494143,0.044710389701506,1.0854793925978,0.165041020567498,0.0893411184322443,0.0276802054297732,17.1067464402193,29.7818983831727,3.80400308101476,0.686846683727878,0.313345297709399,0.100547697348757,0.0685589486306794,0.113405094801449
9.39705209055339,8.49325251016125,2.79834934405347,3.94376579560552,0.424705116616786,0.343329395107227,0.283167234666373,0.11316011758094,0.108223749534852,0.53390582115102,0.0024587753373238,0.375453921952262,0.322470380144901,0.169317054525805,0.594052130220649,0.73335913672313,27.5721519944458,32.0555109685427,1.41444343110179,2.19704458471952,0.21365982761417,0.257622629860603,0.323454695793403,0.0833712024542336,47.5069298884321,2.68416207265397,7.52880526882643,1.56846111673994,0.0811557857919184,0.471672558513621,0.0215597753358239,0.0595182654363124,0.395182315035029,0.147730434384722,0.288809849747619,0.637025515454999,0.417827002236162,0.74514985621062,0.372445498544756,0.384935952405678,16.6438435231633,4.33377266782601,16.1480631875126,1.46161191914096,1.01863117111528,0.00252558201146347,0.0138420479347238,0.0872094261473956,23.3898112446353,36.7692027501634,7.86600991471499,1.48824321627498,0.0597857177805671,0.475964683229734,0.381975612076927,0.028141654544736,0.863956945144525,0.345637265345617,0.538829928131517,0.233387736490448,0.363976417230884,0.322015973030254,0.118341144773864,0.0599828023394969,0.601662008589299,1.7272095450889,1.24716824279363,0.0353790612316442,0.793105082048497,0.144819096303167,0.089201929756646,0.152003534007814,18.2605428816545,30.1940065176728,2.43673544207521,2.17817507826873,0.0801487538837211,0.0853151872598743,0.0495736953526293,0.0805788214110604
24.5245588897993,21.3668613088531,2.62351118636787,3.8874244319035,2.34020201376716,0.129554621561773,0.523814993548353,0.188739802612606,0.347140473720303,0.652939620292574,0.00684113928925306,0.471684350623367,0.266434733629345,0.344386211313404,0.612327490760635,0.770346284135801,23.9226521700587,38.455933656826,3.89177780425328,3.85335508856692,0.373651062374878,0.46663908329252,0.414978515834627,0.0852375388253504,27.7284244909092,2.60443671759844,4.59622045457638,1.64392906887689,0.245785819160846,0.0637581406033145,0.021944431803401,0.0485000039069751,0.279498676896525,0.0894131493447113,0.360181036590387,0.453683970265972,0.00462099787869874,0.605901860559905,0.292906295875627,0.197432171676588,14.1622726533276,6.35206088159502,12.4698687557466,0.619628759259029,1.05761427638475,0.00126737265606797,0.0117941702132435,0.0589010957964381,9.5786989325089,24.7885605085923,7.47804838334447,0.84134556135548,0.100083472864008,0.347086861430064,0.18219636646496,0.0104802777992513,0.755388730511317,0.289826143491812,0.289572926784755,0.370659027014481,0.17863111428277,0.387577921950076,0.122666907772701,0.0154480694437661,0.976541368004291,0.869455180500157,1.40968549335838,0.184875025985757,1.57960039636329,0.11565672060822,0.164645444376766,0.159129397175254,19.7884242968304,27.732355535751,4.40167683539364,2.84054114740113,0.243006140791952,0.0548938220124217,0.02905790403533,0.0512018770135913
16.3991179181469,21.8334304799966,3.01084522412041,2.16059914095399,1.587438927537,0.498635531741829,0.328975724213051,0.121221979729148,0.225549718601577,0.442154709378077,0.00288392463276252,0.354146549296441,0.0483956017837361,0.358327130795181,0.692192892847899,0.617606015908465,26.1635290695491,37.1692065210399,5.06152011435927,2.10335966671736,0.191325967857131,0.209495828097104,0.319764878357906,0.0438135707676123,39.4096636776802,3.81976810445528,4.03387218561898,1.48707189680681,0.124931149144915,0.469998322412477,0.009745294961424,0.0477895060813796,0.547899358108115,0.111513272644928,0.300834258449725,0.68403846818302,0.68248267996482,0.691036365903635,0.406511090492096,0.395712767184879,16.5316541183891,6.43615269407752,13.9844257105755,0.88024383051524,1.07609720652984,0.00149700052582712,0.0230540548946475,0.0789724654780657,13.8638012774445,29.0403050036585,9.74243684305895,2.2155324156255,0.0910963531881602,0.156216277850902,0.321788382257413,0.0211990903021812,0.907626645953894,0.420098494872491,0.365863184896417,0.280446596008679,0.279646727350299,0.176517722777913,0.106482074271685,0.0398895618894582,0.493009454271774,1.94081040979567,2.13105712198653,0.114995777300261,0.693434617028559,0.212617192749933,0.105919523170687,0.143450571293362,12.3070726429033,16.1061081252524,3.21828770605707,2.89547501475455,0.292638683256301,0.108055917874281,0.0449431525871007,0.132710302328439
17.6752341842895,18.083564182082,2.28984678820007,2.84703340266453,1.64575550060024,0.0214293763873097,0.218419372295445,0.145819046289098,0.254220231210962,0.560788984828066,0.00368599487223301,0.6029184387694,0.366905869628304,0.265734389269425,0.518549040930573,0.710100414059374,13.8003215385548,39.458454973848,2.02141894445774,2.58809026238173,0.294165477761787,0.493094941506823,0.237248295403803,0.0908190079821088,45.6605180352745,1.64519218968429,4.27640530795589,1.9161630995047,0.156948334046185,0.222278908378911,0.0156682245700042,0.0650287261817831,0.350049524209136,0.137016576506645,0.20624505827893,0.545183182226214,0.246714765919006,0.634022926037398,0.399994913262183,0.29954827616445,14.0989796515556,6.38833286032159,13.5015978874405,0.482366611309925,0.954382525453509,0.00109049326697595,0.0301829578483477,0.0631885907424567,11.0589065192679,24.9295886927526,10.9170891838576,1.33627477808147,0.0714023508628622,0.461860713281398,0.267340068799204,0.00391575472954148,1.11035287529912,0.195499475464517,0.535714665806748,0.306342637753182,0.275937830655294,0.310835861680388,0.108417662059048,0.0290365100948018,0.225663255892162,1.55976420066902,1.75013911186873,0.122425423301372,0.651281917192445,0.088075057636792,0.0921044256468663,0.177212703562516,19.422033188016,33.3415228983875,4.82182678909169,1.05908406746331,0.283189471409147,0.134917292816233,0.0533258560159448,0.154196238820621
13.853739892031,18.9145648862413,2.22500624358987,4.1133168642697,0.928729373237421,0.258069569976803,0.37303428411745,0.155729469040292,0.275027488877152,0.547596525739629,0.00356188830652894,0.454016022269013,0.309723587840529,0.375718659170197,0.558685753079052,0.696340608419241,19.9985270785553,27.467223848302,4.3538103793703,3.32217241676882,0.188454481138501,0.526082002518412,0.366306266326045,0.0594068717096608,21.416517255834,2.28177073775324,5.63653392523265,1.46349094891638,0.172003386165697,0.188952153916213,0.00833306951368873,0.0427604251844953,0.605162570264795,0.0713418708254488,0.292611889285067,0.484679170737641,0.658736271775321,0.718382110474049,0.334612829288425,0.232179938311807,14.7718316241957,4.67388408389622,13.5322015278586,1.51528321445218,1.12186414153955,0.00144304168231603,0.0109898766012466,0.107786950442434,10.4594687903706,28.9249639377679,6.21756989725983,1.9477968740904,0.114211801241872,0.575458522301894,0.329684598220339,0.0268117277327945,0.807898683613703,0.326278521385956,0.759851203430789,0.30505306096789,0.068407136264479,0.252306242128736,0.131573250243614,0.0426206723884464,0.648921324630295,1.73570842764249,1.2583018735755,0.136514611061358,0.861032251865607,0.191772630780449,0.160636880561584,0.123761321123329,15.3901365867026,22.8605362589095,2.73980281221103,2.12103926421261,0.27824277412992,0.122418219807547,0.0327523361553838,0.128260677502597
7.808516579128,7.75679899094767,1.87713925391021,4.29055078312924,1.59038089950131,0.55958674238534,0.130454632091949,0.0137230108790934,0.332618573754324,0.738979316107313,0.00414369536619556,0.576050625615045,0.460535238806149,0.176492979113143,0.797284818771689,0.697738787421808,7.52811562671366,57.297343843362,0.16236574075014,2.63128970773774,0.238402645491747,0.327208040409516,0.532671462225997,0.107351606010438,22.7055903690189,1.89931214618367,6.67847480207701,0.549338428725172,0.114171831338447,0.563891542418157,0.0157449290555777,0.0758531721999804,0.573536340313342,0.0944621174663773,0.114097129020333,0.450973809787453,0.357913918073741,0.631399986482274,0.472419603002769,0.284723089946672,32.1366978086848,10.4136498650524,10.3113773520916,1.01362820821882,1.34926493212449,0.00209035128319469,0.0221165289532915,0.0202172252137605,15.4076933199933,21.5578669676031,12.1769813797877,1.53560151422987,0.114439532187275,0.368116124943085,0.578712920932652,0.014089868370285,1.06511254298068,0.518125969637055,0.864707587918474,0.121969047864096,0.187730939778862,0.471187980717789,0.069825942930085,0.0602545216837708,0.222703351428952,0.957518178936687,0.914309186388705,0.108815297245802,0.696946782698126,0.201484473718559,0.104375771160088,0.203313909677658,26.8398351422922,22.6253006352442,2.7235905098262,1.32241344928509,0.13967524699876,0.0951644693395256,0.0488111410593361,0.0663879249831603
17.6614507612359,26.7068134923949,2.08074511534817,4.5854305359444,1.16912304119279,0.191180191923008,0.393508677976494,0.0656201125531848,0.245859962350357,0.448705381402441,0.0054488003863361,0.223603009345395,0.154455074148921,0.287971442911862,0.573520405278734,0.886800106855703,32.9169251211026,48.3338343922004,6.00910610862224,3.05603394341594,0.470899481942522,0.333974740643853,0.436711735662126,0.0368718599785026,37.4077932901882,3.37268100778397,6.47581222822966,0.930734250077197,0.080640363478537,0.612857935968074,0.012335491168781,0.0718061357720255,0.319939684385948,0.0563692983553747,0.326490841721514,0.737568855166388,0.37660259277254,0.598642335002476,0.358830682445523,0.147934960968819,11.6562861600511,9.40231334662787,12.553468737338,0.00510979003497636,0.50074941568517,0.00225934253858835,0.00602281152114341,0.120398743998922,7.22295562231317,29.2986819885629,11.6707870699306,1.46490622528012,0.0567535276680843,0.311450558667892,0.10442246031834,0.0136646350227421,0.562363117904627,0.190636709212198,0.65181365278726,0.233282368227591,0.0496534461892889,0.3868644873946,0.111895407472743,0.0386410675198119,0.496980533859382,1.86644371643325,1.50537890566838,0.161276640904582,1.29221705862602,0.0887316992214918,0.196216842653425,0.241676560781711,14.4452539352288,15.5114275776491,4.82575728875392,1.3814554318097,0.295278492735169,0.180238270670349,0.00634436415005282,0.0754810840177316
8.02189137740292,13.3200111529318,1.86187736867367,3.53375403919454,0.413771933588543,0.179748897504995,0.290116649025647,0.0717828012586272,0.318422359827929,0.729928005393641,0.00486226721424578,0.0814516215804791,0.422410886895239,0.191480304935863,0.591119105721174,0.576469509747315,19.2186500807441,28.257059113585,4.9675143537903,2.40048643261136,0.252637488814415,0.216666653484052,0.666676491803384,0.0354759487192416,29.6828988384431,2.03817226892493,6.89060461595754,2.33242563942401,0.115202302787994,0.595116636069201,0.0159914367081946,0.050117602030599,0.77040769195972,0.126020457512262,0.00363557910722004,0.715195720074847,0.20004828774811,0.892882664932553,0.38477537228269,0.453303633740467,23.5259870151818,6.73987705267912,10.0848063256144,1.52683607784808,0.770560755036879,0.00108223386491768,0.0201713631619816,0.132798268918257,14.9522827765062,42.89718039631,12.267927895427,0.596001962492769,0.0264305771999157,0.474737758590813,0.332844065644217,0.000546927378995119,0.611501043082793,0.495739849387992,0.624509303460944,0.637094626873102,0.286715412989997,0.242257865472768,0.129088470357567,0.051162342085828,0.247496887160294,1.5829452454193,2.44396172332446,0.0773698234892007,1.01240340336594,0.189570117021419,0.0865126533658361,0.096002410576815,24.3335145611836,19.8295366436905,3.89317395071722,1.10649453976836,0.126616109104625,0.185243416142548,0.0410375494287337,0.0369655091827337
7.04553156750256,14.3849679587971,2.0915668937542,4.11880920076852,2.14109479624645,0.532816587494231,0.411961602460238,0.169518416167908,0.382303668422958,0.508447736156998,0.00681228867011163,0.515244078306561,0.450493856215976,0.378903084574766,0.484168824863778,0.670176282191488,10.0930968841884,38.556262597562,2.8920859838309,1.67453722066501,0.293253358886286,0.418116468475339,0.355031185561526,0.0915080966077039,12.8219443180801,4.59746123097932,6.18374867657254,1.81310739780134,0.125764824994052,0.306523743223143,0.00866337398534674,0.0694534980141494,0.575052673741964,0.0778510974727045,0.195887297746662,0.490424900969687,0.344049922903037,0.495576051591116,0.515750239524209,0.389355739247572,21.4736889820433,12.219092374615,9.9011244940001,0.525793267620384,0.312909873161812,0.0011656915026077,0.0135150104202148,0.0906227594556934,14.1106160943008,25.5985131117222,11.2164062070624,1.22578775406279,0.108893558183602,0.222127580311343,0.396686022250736,0.0224866774483148,0.55463455541192,0.134690606379786,0.274448971528084,0.468482669973017,0.325560196468294,0.423888681255763,0.112750708008362,0.0415189416088239,0.161446549540382,1.02647954573496,1.89613792166321,0.0275411626413137,0.376102298433563,0.0785897008266006,0.0848736278479535,0.0959922723793934,21.4651471798927,24.5925838343075,5.55794975412887,1.29529060373506,0.220029595928352,0.077640645766779,0.0403436293400577,0.168623158594498
17.0887273230779,20.293769158611,2.73467780336956,4.96560855786594,1.60716884340423,0.261641710346605,0.197674592492926,0.163371720611578,0.071329793107863,0.475408327288074,0.0074530424036529,0.392571176336983,0.175505907649629,0.322036328100959,0.58386763583385,0.689244271611382,20.9133642146796,41.6185283439074,4.76169197851842,2.3146787464481,0.452109239377427,0.283347755217331,0.555820478851697,0.0679969209615063,22.1951224321147,1.90825431154567,5.22117515560772,0.807477259138248,0.0754154235931046,0.191497975107875,0.0121967504872076,0.0100364244355487,0.309880136779463,0.0644193664705801,0.077947225531716,0.513550804653925,0.492407274917468,0.648627371762251,0.527321041832542,0.201022320745521,15.484919382871,6.03438309695739,10.4558540394012,1.33935941575243,0.649323741818898,0.00107235797115376,0.0118588489955869,0.144931335061534,12.852525333435,36.9089394816898,11.0658120754997,2.0731376350975,0.0729704265310342,0.413283927339589,0.281073704551319,0.017307077396554,0.803858796020192,0.118039445640695,0.492051918741248,0.466287044517291,0.177198647795571,0.390194822626039,0.112388211993611,0.0485375293449845,0.573187585183938,0.847920013979697,2.60547446640111,0.150118225930881,1.23446516821172,0.163789707455966,0.0708138239076657,0.107745100769434,18.0341035929789,22.5188691838714,4.2282888503154,1.87644333601764,0.398750456416929,0.228873975727188,0.0677410090995333,0.121799995973995
11.3792922861801,24.948580961181,3.67781727683897,4.01098805496404,1.82492890937382,0.175336065934158,0.316496044173306,0.139766645568515,0.344902569147531,0.314745011274182,0.00584262011975076,0.429114983289197,0.174663759616805,0.254470044665148,0.738971174455536,0.697852341640708,16.7227296291786,48.0712721102446,1.60381618446115,1.77514482050798,0.297917043516755,0.386702949305736,0.749874064837925,0.066050452913028,23.2905241282952,5.03187835956354,3.05589935860178,1.97298255928423,0.195382599989753,0.492435672649908,0.0062642199753114,0.0638803987144069,0.541327093515605,0.15621462133832,0.214004436638399,0.591365693407471,0.459259140311632,0.787699965294646,0.100802576634975,0.434410248289023,16.2614218247186,10.3623696031434,9.41366553559764,1.78231420053546,0.308542115131563,0.00042858670157812,0.0109956785699468,0.132945813889934,20.990796354846,33.9896497900283,8.28736688309276,0.550048360104418,0.0780447369499406,0.259198917429013,0.320609960300213,0.0132183661760805,0.25301897303819,0.415146029394649,0.695901117240516,0.189103505443746,0.207139501608622,0.195222709818508,0.0587561029630914,0.0411375803650238,0.43791630319121,2.86557901097782,0.67435223178735,0.106767215308659,0.945230517001937,0.215929521690958,0.12968651989857,0.0772628308223847,11.7269165330705,25.2299856528951,5.97337476345436,4.28241659570363,0.230038913056749,0.0915833887601157,0.039036282194408,0.05437662282796
9.53959391812404,9.56115816837857,1.7970558799397,3.1440745970561,0.712495755635645,0.356420296392111,0.290250684808304,0.0598839822231742,0.22936490633133,0.373497404019165,0.00501069344709547,0.322475858975467,0.282913506835115,0.560569869832427,0.871516755716698,0.683075006224262,16.9579115059378,34.3801666390339,5.81534062046558,3.89216315562798,0.28134136336818,0.00082144936255929,0.608181944506618,0.0748898121601186,29.0467074769842,2.97030260543623,6.76447088548144,0.688623801536997,0.210513146730144,0.32473041579926,0.0126528939543134,0.0841751405975243,0.534525153737269,0.121610540943725,0.397029082632265,0.590745725576704,0.383765373917943,0.432767940750106,0.103488267946542,0.267156118446526,16.2571522465508,9.79556374769609,8.97518308357629,0.800171451817878,1.49527138823312,0.00146223218694466,0.020593613372059,0.0831699439045986,17.2989490761132,29.8366541093371,12.4482765823078,2.20863559068928,0.0773909344821936,0.0965094634426235,0.218911421060686,0.0122918515603236,0.993327983097915,0.160190238697727,0.587187078869263,0.599732834958974,0.223417290359561,0.109152803505223,0.18892066611866,0.0486088868008403,0.322482273485949,1.94069151901704,0.659553172263191,0.16981114869703,0.87600186123434,0.154213112596089,0.0727478970309098,0.109865820908262,17.2237066533217,21.9980917131893,5.76347794105987,1.82125689928093,0.0383279874366262,0.210772950412944,0.0171540477585197,0.14700836834584
19.4565157929786,23.6238538504949,2.0751223102721,2.56917406468612,1.80618552130917,0.399468185873361,0.277359165708827,0.16255656880183,0.339745688837386,0.36827175637756,0.0067996415291915,0.345277288695667,0.056780039309962,0.151374951291301,0.387068106168289,0.788296312001127,19.7096332339069,31.5968387730832,5.40606147469802,3.05336970597986,0.289304018416673,0.42458895719785,0.355548745738482,0.0617758281975403,48.3805479478629,3.46643309816649,6.58374044973233,2.30708794915106,0.113833441985967,0.96138622885169,0.00934558336570556,0.0767063235752727,0.266385674658047,0.0695138393067964,0.213896778665667,0.608568233456686,0.480711411884314,0.880970052123703,0.610093943153712,0.338694155123164,21.6049566592312,12.5197103032738,9.47321243337156,1.707119301332,0.902221748561352,0.00119997565497706,0.00507368332388708,0.0251215640533256,7.02917397132954,22.0534099731884,10.0902336166352,1.11940928818169,0.0596847671922105,0.30461373375044,0.303832469122364,0.0248456148657411,0.728292780392111,0.330212366077948,0.188717428928175,0.393690190194397,0.187353072885772,0.297960228824541,0.0913882756749282,0.00913574073561453,0.328067795805568,2.11863713148775,2.04561971312084,0.0721971999702085,1.34755742682127,0.141736211158455,0.106545093753498,0.183737200014838,9.05210726969925,36.4157944269972,3.15240079020524,0.963055018678919,0.377691592269031,0.0929505171968525,0.0663454003947064,0.0934262609292473
16.9586094786563,16.6958258900261,2.04399999591612,4.46705880983272,0.739581015241515,0.348982758228552,0.271229505048913,0.135780056969721,0.200107415639601,0.685323025045079,0.00527577939511398,0.588615079449922,0.293527023983534,0.403977644665741,0.582948357896334,0.71119529122371,30.0244464670425,25.8664845360794,2.33898647943991,3.80060019225732,0.393079566369014,0.246545862653619,0.452808069384369,0.0539412203521619,38.4713966464098,3.9758551611148,6.83760101961549,1.52872489117777,0.116295143207707,0.599803467953689,0.00403950013995398,0.0563299553863437,0.483619214854096,0.110720433055294,0.328697966934175,0.471729977654308,0.496634179612352,0.556568257945036,0.268833187356027,0.222011492201165,0.105863994514362,6.321485028533,13.3786347524618,1.31217383123093,0.736865871762518,0.000615747975725973,0.0109039869517081,0.0760873926888961,7.88675293951665,38.5376021901008,11.8801458840985,1.1292803908902,0.0485581847485315,0.442031663920444,0.254495391385907,0.0203599760015985,0.694328603650747,0.228549365265572,0.500114131547954,0.239470794613974,0.281761126385059,0.189664788793896,0.177944085770921,0.0702299707324447,0.590860894754658,1.17409606079328,1.09575829457,0.108426619892703,0.453020810318706,0.277815786126805,0.207435139967741,0.0820083961751595,8.98556652410588,27.7044383604969,2.50519398602771,2.07065315720078,0.22898436006361,0.0787162980463839,0.0203569227001216,0.100616815368286
8.25025369656914,21.59687915099,3.16069244959527,2.99310396044224,1.74092501256736,0.334099934509384,0.346275953561404,0.167240439323646,0.0173402788716697,0.654881602801184,0.00516628209162948,0.472721239988193,0.439329956981759,0.387324902106584,0.839233978902894,0.698320567570327,34.156148345467,41.0802417505858,2.85981776478306,3.91777780285092,0.293405104470322,0.124961251885066,0.821201076040522,0.0515177123396888,13.2040559508821,3.21637755392865,5.22918483938434,2.41321684507411,0.158630904262941,0.201327888182046,0.00627787336022605,0.0370866571529633,0.558617397048667,0.10126064450085,0.230460794885275,0.469899877081792,0.574538609815095,0.578981845829759,0.169499627246813,0.16746936843864,14.4584464618856,12.5774435174305,7.81393708762728,1.32318306759633,1.03894562592369,0.00182140506460755,0.0173462230451462,0.0278400843428531,21.2003056740058,18.4652026748636,5.95178300829023,1.61659185547322,0.0598768455605092,0.600488658054045,0.245319713458077,0.0317784076910653,0.471589754396583,0.228181792353049,0.33387922868726,0.338489067806104,0.149996386279331,0.268676791032672,0.129059500060546,0.0354080556560619,0.781274598587208,2.02941094847879,1.76691804011077,0.0848120919205493,0.409445917180657,0.175464890885514,0.155887716207924,0.167210986419488,19.3928462956456,19.3820717204359,4.44162801413932,2.67773287946077,0.406244931400854,0.150033374485031,0.0551261548647221,0.0657922958465097
11.7381736173861,18.8555421187682,4.52803932445178,3.89331839492238,0.596960861461168,0.480542612723769,0.108020630314382,0.0428386716252176,0.12989403768284,0.327369472790151,0.00552648864256916,0.520806771323405,0.236704255443674,0.465356749850977,0.451745558502498,0.705848397561211,28.4233514089245,19.1574545563517,2.76358248016515,2.81759276919751,0.232719634189147,0.605945709051785,0.370589847097475,0.10971269198166,27.1754534263448,1.1867000086655,8.46090864765928,0.545713668645283,0.174841464999774,0.622124438022845,0.0116603708446301,0.0767178912155069,0.538234231236815,0.130363416373407,0.466944238795488,0.666383843872357,0.232075953276769,0.421664290909161,0.5138085645789,0.296248102173643,9.50134828726805,8.88083792631592,9.90741623879029,1.63972357982915,0.859502203468149,0.00157946272071772,0.0136491967189182,0.0873202145151063,10.9505516435278,37.4558757057409,8.31778344524371,0.891983014489824,0.0429376492190536,0.366022910736188,0.261995879872185,0.0392087600107731,0.466104094803114,0.3905346130698,0.620524047856366,0.0931200118673322,0.343584846052803,0.347919922192422,0.162643471777301,0.017228683894134,0.358716426399345,1.3732339540147,0.755940737944115,0.192549615069211,1.09171225723874,0.0819313965347225,0.186667046303285,0.109982342458405,11.9382995270154,16.2036374238016,6.28885576909394,3.45913924562701,0.447134506508356,0.0632076319034853,0.0393308534348142,0.0692222506680515
20.070809986367,17.3855480917175,0.17039804440557,1.8345009147753,1.41664956300048,0.522103997940709,0.192321785748154,0.0741285867944377,0.322188297825617,0.217293841562991,0.00239467718493178,0.638541827339626,0.331643268421833,0.197694843933137,0.471182329962395,0.752815202214454,29.1974287069911,49.5346851378611,4.08058196302165,0.431615008481151,0.321133665774356,0.396420541617159,0.38472686342792,0.0871360467788424,43.3500570792893,4.24494923934137,2.73721781688468,2.12623707828457,0.0886179509091602,0.411178544682672,0.000655255999939949,0.0427977898372532,0.199543429190747,0.133515320089463,0.145733633818046,0.199753710791315,0.146771659852816,0.791135477403988,0.521533943911214,0.157938543941329,5.55634520199,7.26651840178406,14.0462042880782,1.62616428234631,0.98656033366213,0.00186649938035861,0.0233922207461622,0.158671247459921,26.92744565172,29.8120559754179,14.9241576812178,2.25482650438799,0.053440553252025,0.379958488582597,0.123534142175347,0.0277383564888861,0.807468252949673,0.164502983056555,0.315727366690566,0.655895236211904,0.130095451946403,0.49022456806441,0.130725818663761,0.029325398069018,0.647756116975453,0.817104296081277,1.86094134618292,0.0561365135566403,1.12046354345357,0.199781604284536,0.168574272570462,0.143307874809681,8.55717090701124,31.7294803986047,3.37987556350393,1.30039651120478,0.530962599229424,0.072826789370159,0.0301971010926574,0.0211631172500669
11.5557066887528,11.7466100863734,2.38506503991769,3.86161177240115,1.27434312683632,0.391659080944298,0.284814918668769,0.0859927241020783,0.307696060421975,0.477962488952313,0.00341964870848312,0.363555518822579,0.368814823012807,0.362830599560747,0.381035255268154,0.754341070504552,27.1667768387424,39.9845694110521,5.43791840067824,1.8271719904751,0.352088153139757,0.495438690094607,0.566272460188565,0.0364481379041855,36.785532961063,3.07293148711164,2.8518290939801,2.22465397687428,0.0579781708431764,0.325528717718548,0.0122043985410065,0.0890260947835757,0.407129361445855,0.128874679420959,0.227575308765916,0.393594883495242,0.510690433053404,0.680024575404729,0.452818002728504,0.159879317630967,11.2264284200953,6.62509165486445,12.1856183052547,1.5383545628453,0.739608239009085,0.00133290079491134,0.021677735179582,0.0857961199135961,8.18714122285512,30.7377481482775,9.08086943345195,1.72076296690298,0.0720253153176551,0.277336978628096,0.329235525548295,0.0207535757691378,1.29199199062409,0.261201294153857,0.418955667675768,0.605986025851503,0.149423582814577,0.239030697082952,0.0808405349237254,0.0541343443479993,0.100575853823015,1.45893146307765,1.35996161077887,0.124113544969203,0.884442974875107,0.328842285341313,0.159519838109164,0.110304502043075,12.4095640695935,25.9528821205203,1.79399242207804,1.80163269464007,0.300755863128281,0.0473532937089371,0.0192348881716333,0.153900492326831
17.3296946062207,17.103607493841,4.81659682134087,0.455424292943143,1.1472483446379,0.51485577299782,0.421341685878296,0.0672162784268145,0.231501735938467,0.306970283021176,0.00711590935252055,0.227905696027296,0.42186812033078,0.453058759296387,0.691962483656918,0.679673386835303,12.5736739141895,32.2671797696112,2.48475449228552,3.44361010058781,0.308881642084248,0.320375683611193,0.37000290928145,0.126529191457423,1.18594478010258,0.592333276147008,1.70965722460134,1.14410396271867,0.130944899352753,0.492346419061776,0.00854786586189971,0.0659239428635137,0.628971284768393,0.160332275606687,0.362661524566488,0.775464459731221,0.505267034658469,0.200876416720708,0.435213302993497,0.39413012109789,16.4675605152815,6.68379199347353,13.5287755026845,1.58241742318436,1.1879400520933,0.00151113601081804,0.0210928336220433,0.126310697140013,8.06072836141062,38.3215795262596,8.21929262870894,2.02628718639324,0.0917535555169082,0.0894370322268416,0.36018349730809,0.024275823550462,0.435777221971732,0.382016522386918,0.407694692347841,0.328477800121891,0.262723696020722,0.592083561620389,0.10322447046205,0.0343612733506261,0.313918278188461,0.95576061811421,2.12375617405334,0.116977782807715,0.484932579234841,0.0883099818570647,0.164468958839035,0.100211448462714,25.8008034648563,16.3028246497012,4.76500330863953,1.24928448737585,0.367656498398328,0.173299760969377,0.0648056677643552,0.119838812141506
17.0887273230779,20.293769158611,2.73467780336956,4.96560855786594,1.60716884340423,0.261641710346605,0.197674592492926,0.163371720611578,0.071329793107863,0.475408327288074,0.0074530424036529,0.392571176336983,0.175505907649629,0.322036328100959,0.58386763583385,0.689244271611382,20.9133642146796,41.6185283439074,4.76169197851842,2.3146787464481,0.452109239377427,0.283347755217331,0.555820478851697,0.0679969209615063,22.1951224321147,1.90825431154567,5.22117515560772,0.807477259138248,0.0754154235931046,0.191497975107875,0.0121967504872076,0.0100364244355487,0.309880136779463,0.0644193664705801,0.077947225531716,0.513550804653925,0.492407274917468,0.648627371762251,0.527321041832542,0.201022320745521,15.484919382871,6.03438309695739,10.4558540394012,1.33935941575243,0.649323741818898,0.00107235797115376,0.0118588489955869,0.144931335061534,12.852525333435,36.9089394816898,11.0658120754997,2.0731376350975,0.0729704265310342,0.413283927339589,0.281073704551319,0.017307077396554,0.803858796020192,0.118039445640695,0.492051918741248,0.466287044517291,0.177198647795571,0.390194822626039,0.112388211993611,0.0485375293449845,0.573187585183938,0.847920013979697,2.60547446640111,0.150118225930881,1.23446516821172,0.163789707455966,0.0708138239076657,0.107745100769434,18.0341035929789,22.5188691838714,4.2282888503154,1.87644333601764,0.398750456416929,0.228873975727188,0.0677410090995333,0.121799995973995
17.101032569799,15.3008487072548,2.5986283100928,2.74242237806701,0.884612715472819,0.182064441747597,0.149920364175018,0.113653244866845,0.118766270325071,0.27823865407447,0.00560084525638455,0.0537939063325797,0.106624622723891,0.247180354592909,0.707725787161702,0.661039032088755,26.5309915882473,31.6224937834015,5.30355668672693,2.93347378452937,0.403294177035707,0.342446186476583,0.449540234168108,0.0505334528371238,35.056910111151,3.25825197003354,10.5666647160045,2.05442334678661,0.095779198038552,0.428469913241142,0.00925122150846522,0.0555788432853872,0.248222741994665,0.232741560656777,0.316901903190411,0.944671152891099,0.515028493296905,0.499680076439769,0.298709985405711,0.432469066745131,8.50725270354506,10.555853702791,13.4572908086155,1.02753196033993,1.18461727032879,0.00159481531229975,0.0210144552390828,0.00694024312120725,15.6209535140038,36.0916424536094,6.50184147235745,1.19361992737793,0.0806952044400424,0.302279327247852,0.159079318447215,0.0218500158550705,0.798718793420784,0.175589695992443,0.469405454548317,0.263305429331062,0.21948328501135,0.55011278883656,0.130466130268877,0.0662370243726807,0.439115260016482,2.0301701664063,1.1483167212322,0.10639163187043,1.01412628946525,0.241778228240189,0.0967519097540252,0.202343153797068,22.0265301514736,32.1496080114154,4.42734243060764,1.29521856557376,0.216608176389609,0.165869167632836,0.0587224007703381,0.0636860007061052
14.007414857829,19.5452974306901,3.22727864877953,2.37044896183786,0.721078134737113,0.474780038708295,0.15250701435322,0.144836937412066,0.149536396540452,0.484370845772036,0.00540610966066398,0.168277312818276,0.131247739126451,0.389014084587899,0.368506278453929,0.674150541668848,4.49832456724054,53.978965750653,3.34104750331424,2.66211145241232,0.298271990471866,0.688167245089062,0.290376819967545,0.0783380674550315,29.8278906135568,1.49347699457417,6.00927250786288,1.73431490425995,0.177750720899676,0.314902305535517,0.0131279592776915,0.018858812112775,0.496121089032032,0.0665467278687654,0.288954329181298,0.810407639516456,0.535020857217051,0.523740313733841,0.587745545819273,0.227989645079363,13.6243246361805,5.24199381784899,8.85299955816394,1.8478757455014,1.10504622924568,0.000687610641004123,0.0175323483388024,0.134647836489851,15.1122040767569,44.4078829847594,11.8424850079489,2.21033138188116,0.0618331090614032,0.334136451477355,0.299546367427304,0.0132164135533107,0.987836941641225,0.200829352384129,0.735196792245092,0.579298163767442,0.203632793775068,0.23848836334329,0.111079547589916,0.0556224779472284,0.365001203916967,1.29249664017443,1.69473315373718,0.156609783040582,1.23965434534488,0.205452371957218,0.297548714232046,0.120715394860723,20.9722040032072,6.98105707024677,5.26717487804137,2.63190656435437,0.262910752887641,0.0456075761648208,0.0136981587902588,0.0527857991782692
8.98016956509492,22.7448827138227,1.69525529044261,4.4778275393392,1.76078094454794,0.353434044832448,0.233884965598457,0.0805425712519338,0.228930522013345,0.512846273702724,0.00273199087433705,0.146906544689674,0.405889237871564,0.409850472030005,0.478230260689015,0.639763856098823,22.2656529791052,40.2982490052981,3.07385571764288,3.16127375028468,0.355728117839611,0.767028879964902,0.590810542229439,0.0697305180406635,38.6918020028797,1.49669517343906,2.69405291331413,1.27519156611021,0.224524426718352,0.26668828273801,0.015578345404145,0.0800852136954761,0.616180965348447,0.100218504640134,0.27526169855298,0.689494768045437,0.694529673261994,0.531544873174743,0.539815435465232,0.418276584330157,21.0468980340006,8.63359250825923,10.8786087485736,2.03166346640029,0.885259405454556,0.00198550144336091,0.0216464299718002,0.0993910368358726,7.6768126148735,23.9941182094091,5.5743464588489,2.34333960775017,0.096904217970106,0.325344603847574,0.292643748171762,0.0157612470581022,0.397704027205417,0.266478108406286,0.379673135936976,0.382407875466399,0.340176026092117,0.260992326396972,0.0746564993788895,0.0562516526283229,0.411787976788462,0.75707890667467,1.03968659491739,0.161050858614648,0.113041088355186,0.0443157252435829,0.0579916043388487,0.168108090364161,5.33189230506958,20.6939068952643,0.223464014194843,2.99735130415202,0.38698663444236,0.102986237926784,0.0130812541473011,0.153221546847842
13.3209531930766,12.1127388003527,2.43307628187394,2.83216616314769,1.75934684401877,0.178138083702349,0.260093567939702,0.0923383127179157,0.23690971798699,0.362794367480987,0.0012487550603271,0.535869658955927,0.0588952967802796,0.373276265324872,0.825091300735541,0.702750073148621,30.5618401221581,52.0131226385852,4.61664329091353,2.58549746036958,0.283999897868324,0.530191400720601,0.531135450836347,0.0706538343131526,22.9918411801323,3.1028728340702,7.73175162106369,1.80048827625843,0.108966874847104,0.514012768729715,0.0129168996875922,0.022403542427995,0.420175023348575,0.0533520844161845,0.429947943252287,0.665218655398885,0.499306951194518,0.543247540212945,0.233157550229034,0.238777419969586,10.9297452443107,4.43405586333549,9.63416769547726,1.05649726770391,0.318434671198337,0.000594062664272265,0.0270158813691546,0.222714976664432,24.2933528926882,27.0520993155861,6.65356396487262,1.29017295882045,0.0532583901050067,0.445538544402648,0.172196975772164,0.0170868536880673,1.10315400593233,0.303303390597067,0.289806794662615,0.236312089755558,0.197317114140922,0.44121167207558,0.151398934292457,0.0373137563595075,0.84806761768719,0.707648343411109,2.13068829095602,0.135101748863252,1.34359242914529,0.234770304385857,0.0859818670132515,0.0884977650267375,1.66467846821751,19.3453857166599,6.9432425801333,2.57293160406734,0.254847232220425,0.142666323055199,0.0360340331902045,0.109413752150885
9.80441160366978,11.5225214589088,2.16335682119133,3.68467311080152,1.464233411632,0.244099747501805,0.242982423659588,0.123509732654678,0.0746849844893717,0.852301300436845,0.00253335927868087,0.342173199367342,0.280673306874981,0.117133017218042,0.645733911589836,0.681959466777011,21.7871776310652,50.2799691456917,3.46756940174828,2.59024684517817,0.244471787178903,0.251070851558096,0.363526279776657,0.0806427390083841,22.213277070944,2.1407655776701,1.30436110318492,1.73098793793849,0.127846848981311,0.770956557561703,0.0184263660510415,0.0978853803693331,0.630106939362444,0.164736843462747,0.311315855425962,0.47743847891089,0.458178167766445,0.837365929794027,0.343810049482072,0.291228268940701,13.164201373476,4.73173636849616,15.0601576175648,0.766817696312961,1.17819758644827,0.00115119232822764,0.0190667301182032,0.0849934628539543,18.4304484651211,50.2219790862562,6.28397608682258,1.42051131339425,0.0591081137989985,0.488405946786537,0.373079477442593,0.0389034620803135,0.819803953927934,0.542096051177663,0.221596590645322,0.458385549069217,0.206603998758077,0.367581806697387,0.0756748636042561,0.0549441408598455,0.789334266922055,0.727606435891257,1.63364789002516,0.0831229346648182,0.920508235078971,0.136062532649878,0.141027774631095,0.074036138794424,15.4389568986165,17.6989023093087,0.849774398973921,1.1061603420006,0.298280651862448,0.0717538072885929,0.0383623423292033,0.13023036147424
17.683459908298,2.24760368755492,2.00327506464925,5.05063722407071,2.4358298190907,0.162794837479692,0.0218908891160082,0.12863591420265,0.139106461622309,0.23346698103112,0.00555583289922138,0.292791886110411,0.371876129044376,0.444825541768187,0.715131639170094,0.71435410290351,11.5172352995062,36.1224171473422,1.51201648173506,0.963031569680645,0.109898293318894,0.520375664525978,0.671903868722972,0.0557291904431634,29.5860785639293,2.17426706863994,7.17226354333823,2.90409590811786,0.189921927415031,0.283757627215399,0.0161633211728348,0.0935867797413374,0.563085905902153,0.0917751923685284,0.32446845817956,0.663779805147421,0.441941979144023,0.554978614986038,0.236593057105504,0.290540036065321,13.0133041316134,7.33611613692393,16.4754848882169,1.34865486514304,0.934472271415659,0.00149171798231089,0.0100238246034868,0.0819192033054464,12.0858426714391,32.6150221724358,5.98206874061646,1.73953597527874,0.00273183787395741,0.421553534148172,0.398033087549186,0.0159162637601888,0.504189080341648,0.37588092718111,0.298334467302325,0.320857098155224,0.155438237537982,0.206645936511043,0.103626894241278,0.0254368707897678,0.907669734281899,2.36656985927573,1.81016355708198,0.073183713102827,0.907957348629643,0.126743715719802,0.152194566730527,0.170560251545424,24.0390403654356,26.129934028253,4.89196529867239,2.24943959261175,0.375360542004595,0.200602471688757,0.0141689113548676,0.146168475834033
11.0028777538288,17.6975321976522,3.91576062016944,3.57859686982926,2.47272254568741,0.419102658149407,0.297646077726221,0.0977193288485553,0.355053457080905,0.231278925125543,0.00433195802975735,0.70170488672451,0.297032006565302,0.431882558832603,0.479547150715681,0.727967480910659,14.8362968734579,19.1652377730625,4.73338559365513,2.63940566205423,0.145478573410677,0.568219095000445,0.699105846123198,0.0591043598977083,16.8295412622817,1.39654553398046,5.79752766483713,0.892981490988986,0.174588282887586,0.284279434775993,0.0100480031197796,0.0774417456525186,0.227989073717864,0.0707519147404693,0.291760511841613,0.467082428321287,0.327511968669045,0.281598702411359,0.490907122947912,0.225580559105629,12.2108501074991,9.8594351955768,7.74218960306132,2.17946333750297,1.09684105600361,0.00142671181231578,0.0118352564161174,0.0900607178713252,14.7408533432865,31.1385927975863,9.86511406555779,1.4667597807498,0.099684353513795,0.61542229631374,0.349778249677723,0.0220242314371175,0.837733493873025,0.664563253133069,0.252175332716015,0.19089645015788,0.253028056607871,0.380374879149298,0.0851140064336185,0.0181445987955499,0.144308395824582,0.36013434074836,1.42537571839146,0.0343911146017452,0.928210127036671,0.239603536629553,0.120860800138923,0.157039547869647,18.2457103335474,21.5744470623121,1.11608011855802,2.8727139822892,0.0985464856224583,0.163205875095961,0.0604382044846003,0.167852814374027
19.5541083598978,8.70835866893358,0.83965473995291,4.83133201358566,2.1652002415648,0.601531903619007,0.40645293961547,0.0688729482638439,0.450330210768296,0.418648498192699,0.00699031174529401,0.242030877232138,0.213476582998234,0.363443882870799,0.688688313521458,0.756422227677698,21.035999207244,63.1926127791476,5.20016522919535,3.63051713938752,0.26177921936353,0.388407003047075,0.559799694727531,0.0668176702611257,40.9995604494133,3.67787459247929,6.58689403903,1.53822450090628,0.120147512018363,0.244943954666556,0.013991710723287,0.0262088927268633,0.299226600765727,0.0836331657783311,0.208425423196846,0.715746520921891,0.622832869946021,0.437961355991024,0.525016359611867,0.200283475136463,10.6011235080741,7.98967059854249,11.0656815903787,0.923479940840322,0.55257883311624,0.00210880613142127,0.0172340074847268,0.0792240645725711,8.05946122146951,16.880780970883,15.6056222457393,2.67345909685901,0.0435666847703205,0.473051181338005,0.381675664468914,0.0274451532092305,0.864671016540015,0.371236824463244,0.270872220513959,0.4488817199071,0.27323698570115,0.185858860009961,0.0445035236087939,0.0697568383422327,0.590386527963809,1.7606472551106,2.25687965242194,0.0277996611265519,0.964795085957053,0.290561446839675,0.0731361159183784,0.115210236115719,8.98376794219345,5.76158599005221,1.07588480436982,3.18280046392443,0.287698029830581,0.0478209914943305,0.0302737862044594,0.106954303327608
8.00873566118177,16.7056775794413,2.68097889435438,4.90659683893995,1.69157810640595,0.402932540442614,0.218498079905185,0.217747886516278,0.203638165304435,0.354302351095766,0.00205683030316833,0.447531969335242,0.327791683931705,0.496523146194384,0.711643414113157,0.798665909703507,22.8894874991621,25.2355389993613,4.73692620130446,1.83954418758863,0.241835169533847,0.444301536685273,0.299845596201997,0.0416229923313968,24.1280906947922,2.53782774678148,6.25951359567345,0.940313055179118,0.138392465040538,0.233144049359329,0.00840723991852751,0.11767315946076,0.510676060365982,0.0601199678923822,0.258167599150915,0.246118214857746,0.0743067328173939,0.438003608586034,0.350302902212019,0.264092321164527,9.81304067237689,13.5275425771172,12.5532075708638,1.4877692340912,1.02829019317393,0.0014957980159671,0.0332429295557927,0.113573864285532,23.3440379858715,20.2752864918235,8.1422564783818,2.22950329335179,0.10305204301562,0.548413808741518,0.540772615907445,0.00500234298505236,0.781459985834004,0.437632049904513,0.400199587273399,0.503886448081103,0.279038310260996,0.311696168888364,0.0609793328896158,0.0223584545489738,0.609075779749767,3.0531440597451,1.09237339386947,0.118784164753978,1.27879500250192,0.133829113670347,0.130545917911424,0.110387073149443,13.6122538347906,28.1759674922674,4.69332005384787,2.30888280689193,0.419346066091985,0.0924205245661222,0.0532559805561451,0.10155939858597
5.57524816714335,5.37420317274002,2.21674858059099,3.83081377659041,1.6386447431861,0.302078618669991,0.327695391828756,0.0480569730456402,0.0491959783306661,0.274224057189775,0.000553230181726468,0.113002979441718,0.190287123054744,0.163300541804616,0.616201214748739,0.709821780507875,25.6796799021395,43.3779646188387,5.09950176277134,3.51017084827584,0.306312723407609,0.298181764532444,0.381019006193833,0.0962660216409546,26.6856389468783,0.981157175109481,4.80067696594525,2.02590526581015,0.0794196283824085,0.545759847396929,0.0056216104673677,0.0597646828334971,0.651679536687764,0.158461027631624,0.264764949402036,0.963442840748107,0.525687269021438,0.698126045203499,0.553399123532913,0.236517501516242,10.7259088429442,9.87415777104864,9.69782603992508,0.296352565810729,1.50979377145753,0.0024734181152085,0.0235526700817336,0.110124314059656,16.8440065552683,61.3734012260018,10.2167688540552,1.06224882823159,0.092093041730142,0.257937323569472,0.460323248563033,0.0293816884081477,0.552407716306919,0.292106451469471,0.389424517806897,0.381938180688302,0.374730688071272,0.570451982492022,0.0560643658918686,0.0265091560605533,0.0968688029784247,1.24652124418924,1.63265672091291,0.112101333697577,0.819815107440468,0.132130561513397,0.00942032880273604,0.14057492852451,13.3592647170382,8.19452564456758,3.37715409056112,2.91226679403111,0.290318742351056,0.200620544850114,0.072437247081698,0.140190367427184
11.3236495520774,8.55303695613981,3.2352100899727,3.290105773454,1.76374887415575,0.269985778235343,0.256222398895677,0.127464484606461,0.106098676693454,0.501832167652525,0.00478391727301013,0.367403309590179,0.243074348882656,0.277153912282962,0.535106055918222,0.736643470886809,31.4662463036521,34.3468176836845,2.63121467030417,2.32216385335825,0.194546189648407,0.298955269522223,0.538272632587797,0.0934686762750636,59.0469692761102,2.4817859169014,6.70452225864622,2.05782545603773,0.166433455253587,0.145265782124823,0.0101436088797499,0.0641423561515385,0.503007644707572,0.156484855034786,0.198114119140631,0.706535968613023,0.280950964669147,0.589579680990748,0.617501304472417,0.30540950367278,13.5195471193713,1.97345433937519,14.1971522734353,0.905541752649329,1.09617446241068,0.0015256123947768,0.0212962275771869,0.0946635324941605,18.0853222523093,39.520029318827,10.1799151093572,1.93156106381555,0.091571058144441,0.182170947381063,0.349485358678792,0.030156098200852,0.794868322639977,0.121667157948526,0.452264517165519,0.211763653086892,0.152979535506678,0.507975504692476,0.0509839132057397,0.033911356367156,0.94253570233058,1.08596382613684,2.19182696771211,0.152173140835271,0.792824001867804,0.0714892873008449,0.0677640009690699,0.0890667894130321,8.89174532571922,19.637012877532,3.01564119150029,2.59297441818495,0.190909006508378,0.109176346606664,0.0178243507845618,0.125750632575249
12.8734124270943,18.9923150196897,0.46472035196693,2.9476094069845,0.754969004905545,0.265814063944923,0.0870019733367936,0.148223846207472,0.299336735236332,0.659808326021198,0.00420149724222334,0.269493085665833,0.38082704665351,0.198813410115953,0.726037385703148,0.657082424327661,18.3338592150623,50.1461123852427,5.17583446620028,3.41531011660862,0.179075447760295,0.213915406679911,0.630747042158001,0.0826568620978574,57.5047400876251,3.43030347586979,6.20344689015474,1.49943880850836,0.103814785421046,0.434611093768971,0.0180085843569115,0.0731508504326206,0.765457360965617,0.0840017653123772,0.260262565753567,0.601986981239678,0.387497361912212,0.682298629961948,0.420498350371397,0.322377094906189,20.4420242913347,5.34503570368022,10.8834294496575,1.42715458965683,1.83529875268856,0.00153869784078163,0.00432622695664536,0.107580695655096,19.2030465473985,11.9864412947022,10.1591770032072,1.50262784349716,0.0351883623395421,0.494340559430752,0.500041592830069,0.0451942280787579,0.696180083575114,0.303896495645013,0.437740034579949,0.32222223951178,0.255441263051957,0.356132845589618,0.0511073070388645,0.017850339539445,0.622317460226314,1.58169054785882,0.879348361704869,0.166299405211223,0.686925629894249,0.241098820320718,0.168140998143919,0.0617352129774318,18.5977909693453,26.4282621411717,4.26820502897989,2.19357893071478,0.0182304796274766,0.105748241429731,0.0488214557666036,0.0995539386405428
8.6708578470192,15.8134820760375,4.29163099097886,4.4043805098865,1.08998343239064,0.259736101968863,0.188996192838155,0.223887924397352,0.322226601001531,0.422308639930545,0.00446655519974651,0.347524110640276,0.229865355214782,0.242335165472151,0.409532785639221,0.860488482470532,28.3261444644125,23.0540898040767,2.72429989070432,1.82699582127741,0.194551865293576,0.598111566695088,0.875450182990166,0.03278010119228,31.9971587579054,4.1357601365828,4.95454218419039,0.318584144936784,0.243996669133849,0.490565149720159,0.0126897320348039,0.113218856853777,0.186964542881552,0.135847500528543,0.106170829872662,0.722092165303137,0.611031265047371,0.713601536030944,0.529733232734738,0.13508011110314,19.3462881727249,1.52540286534643,6.52670106187204,1.97056592585116,1.58065784399165,0.000269231070323907,0.0292622503961093,0.0514659862539031,18.2302898549531,61.0856128421045,5.74568245958232,1.28775919853416,0.0252656521411821,0.630054886091029,0.251796551595822,0.016426581009407,0.936225566296738,0.261192227662841,0.897069360636332,0.320586762859866,0.309426077348133,0.349419396659286,0.0874836759471662,0.00584580420045,0.512273562782272,3.02215748375837,1.1679413069843,0.162849475540878,0.485405586155104,0.193616226456074,0.132249921592518,0.0496707271738584,5.89504366889977,10.3703774991813,5.56414642236167,2.42054923961346,0.258547715847289,0.120979193191484,0.0511188952108149,0.0422466492939259
15.9778978883318,13.9888150025703,2.37743077115295,3.43300684852491,2.23990553460035,0.402072570011408,0.430532886229799,0.193707772180928,0.253843244589121,0.235107174320699,0.00437609722745679,0.679540548934689,0.229683309002053,0.195114375714921,0.61835513127317,0.824043222455481,29.5109369563403,42.1774678203356,2.30476745394063,2.76546680596032,0.538967414354664,0.620461399506289,0.27642679656877,0.0578445676540142,25.4058448700472,1.1218663083187,9.11084937040039,2.60282383777449,0.122385688630638,0.127549609075012,0.00827695861404795,0.0395137437650168,0.814249422902133,0.0917366615137578,0.0956414605883685,0.340902787652876,0.464920807166145,0.679241941421592,0.247604512457353,0.224722353754077,11.9853859632044,4.76993556815804,12.2244508103482,0.976110977438484,0.693063168374888,0.00120263125275766,0.0283784882610898,0.107167250113196,19.1878081474544,30.3166451539179,6.13283530969383,2.07842570412548,0.0631017950608691,0.411376787773312,0.328693256014169,0.0217564460879064,0.326214812284204,0.693705526589163,0.337295153967943,0.264149194186538,0.358929542499596,0.257979173732253,0.121529877274887,0.0112999065076142,0.349141407083364,0.353556812742989,1.67523916797645,0.075127096729493,0.76176984167121,0.274791123110024,0.0759462044167085,0.0276465145251097,8.86991909863598,18.982765245504,4.16246357555167,1.4295102376289,0.14447445056588,0.142243598776545,0.045745926198186,0.0927920675472248
17.5507215914134,13.2897943343215,0.898617190659312,3.92395257933781,1.02245114373007,0.26999612541153,0.470474897087936,0.112535409051179,0.35277573882287,0.249789749226539,0.00472384892316589,0.344992668459035,0.110737201627484,0.243492902874811,0.349263193437807,0.646303470634924,15.172378875946,43.3436339302636,4.26218376171549,1.48995501817437,0.376424953003944,0.577111937258386,0.644800124490514,0.11705097167931,24.0726111471871,3.57844159708684,6.25916583100796,1.5161580554306,0.269891420534377,0.488996561122594,0.010895791113419,0.0744508137169656,0.227140274075325,0.0744792631587222,0.0577902903530785,0.700250749331125,0.619008499475106,0.851305548507063,0.447527617884619,0.395231623941089,17.135252940597,6.88707848157851,13.3510738350462,0.788798986910979,0.598564161103466,0.000992635640482148,0.0143897602904546,0.067664626820125,11.4763251553947,25.8285896213559,9.14455584456234,1.67885529383361,0.0698681917511056,0.216824343102664,0.530525610170726,0.0212501502735017,0.556452239057971,0.215021632749195,0.2764801296012,0.475707990691746,0.182204571036353,0.201702648814389,0.160645477296074,0.00943251845820634,0.548745696082143,1.08582637141373,1.84253059133208,0.131184721458853,0.812610611166027,0.113024624231705,0.124704942352515,0.117256851884268,11.1746289356264,26.9229340597122,4.29458258499031,1.07220012439074,0.240462507841568,0.120349159422708,0.0259773128628346,0.091312628627985
17.0816911724787,8.22736961989422,2.51539420553495,3.67609791538418,1.9384839979286,0.445497435882817,0.264013707822372,0.0675776612545842,0.260851218028837,0.549563968868447,0.00654639150948347,0.461506828575264,0.30554207234935,0.220437521058473,0.62807515575341,0.695947479547416,27.4458801755234,32.4113730411312,3.99767585964954,2.50020391462323,0.209977250497995,0.225276208399428,0.46086083095084,0.0889675238267111,26.9305662363711,0.915521114918121,5.04386752896465,0.92755948852183,0.191504419716983,0.309143599263207,0.0173485719874926,0.0762629405301079,0.799643998693216,0.0816118772240112,0.357961483525244,0.5118349060373,0.454603702275706,0.61754257028925,0.423345705258612,0.342773580758061,16.9819601300467,6.85080942058675,11.484864373149,0.660989903848177,0.938298907137823,0.00288202481825844,0.0177032083335856,0.0480819319071099,10.2474305175876,21.9582811725379,9.52995731738893,2.39658250964414,0.0381425589949106,0.209488578234169,0.34318507353134,0.0173302141523802,0.513104991119073,0.37192195767988,0.370776177350032,0.212539693719365,0.180397615676931,0.390507555010168,0.099600720535236,0.0299333904817387,0.324043947796157,1.81513555791188,1.67850893109832,0.0243649437492527,0.67802525029104,0.0953779567969539,0.144596692352338,0.171035800375602,18.5673529853564,24.727634159946,4.15703635142416,1.48790410559496,0.311284094670153,0.109231419883376,0.0318271889097673,0.156904623412025
26.1141217604342,17.7809545008669,3.55408874014531,5.55717752862598,1.40320731185579,0.349870213557225,0.184968253084831,0.170366918730007,0.162651766661048,0.346913649139172,0.00581885284714314,0.433059355839933,0.424464071044067,0.436442591755729,0.593255961248859,0.82204628273431,20.2132144154428,26.5718691655049,5.10494760740399,3.46951521801634,0.363963418121667,0.437316093397606,0.710672724145567,0.110027070704839,35.6355542358005,2.29661453895796,4.89466297620515,2.49118768558336,0.124145204969081,0.188105398903706,0.0204333299492705,0.0450578909440449,0.61162347295557,0.135391173381838,0.114102918341928,0.710573423189144,0.188432302288333,0.354140412011441,0.255930047519509,0.128464116553257,7.49826651874274,5.44388154692206,7.7936276215693,0.476507969234476,1.11985572122177,0.000955830942198746,0.00292977850425534,0.0679543235815444,12.9735448431342,38.0078044513953,3.4381115167709,3.00801062961212,0.0757232080998661,0.348601475817482,0.338219852338245,0.017501914624901,0.248253180033766,0.0237742939537699,0.196272929727895,0.248858506078561,0.104351109690005,0.243004016389788,0.0174748075201157,0.0421541158972867,0.407549703406716,1.24304979613997,1.68210644337112,0.061289164502434,0.909997995169729,0.0740115726627594,0.147639661684381,0.126441024763728,18.266612247425,8.04255561867853,4.49772912884515,3.11351357885318,0.343397125945676,0.179420559138005,0.0468689099064243,0.0413388278675472
4.42673600408992,15.060317915921,1.88693963749377,4.65134120379992,0.88822039235866,0.25932927587746,0.126699391805684,0.209821278494596,0.301279281347447,0.652547072276141,0.00379196415636466,0.469006655277432,0.398443287604808,0.566019370388947,0.548604662053757,0.744909539817021,21.1569265234148,49.3666088630248,2.45314466536367,2.78695701048576,0.149881959501329,0.671178916782904,0.715616159362429,0.0948652226787676,9.43979591211864,5.39766471499409,7.40399059536725,2.15418106140476,0.207857301019978,0.44764716435867,0.0193531405418374,0.0702576722675623,0.930215778755565,0.158075071336558,0.215529549362741,0.257767059845174,0.315383172298603,0.212872141137764,0.449142873085867,0.225823522369035,17.3994407666911,7.33265271897247,11.0332098211855,0.699304742296359,1.57002594835432,0.0010581440840558,0.00836027008846305,0.134701878349568,18.5975066522476,44.7498915029123,9.17657516783835,1.11396750995198,0.0629438738168643,0.10653337509548,0.412696642330011,0.0257249408599911,0.271820835960537,0.511148528812016,0.512459177054554,0.477238107874316,0.123659542040601,0.306128069322586,0.117789536556515,0.0502557605650806,0.583552045989631,2.15795045813311,1.55614836315275,0.133436566252817,0.655991742301908,0.0874325156706014,0.19322291350085,0.112094562532368,23.6222423696266,14.3059787527196,4.09534334269695,1.04849293762371,0.355192672840752,0.120693670163358,0.0193243927166996,0.0979786757681428
14.955620995976,16.2209738206295,3.4420700963426,4.02536262397266,2.11439403398247,0.324353821637141,0.266873761922965,0.120647988900538,0.224789023230129,0.304431139882596,0.0054489983100361,0.329380246171803,0.0810099334756106,0.295075383137603,0.58085743945333,0.886463181310831,38.5521544983154,44.7274264250011,6.76785921447334,3.2488012440923,0.125202238934122,0.438830424951796,0.410919767849841,0.0192107240627218,48.6271710966826,2.94664621686803,8.27468957229869,2.02855174922427,0.137917185458982,0.778655254401379,0.00841388255464242,0.0595674617370451,0.551216998941068,0.155791978547289,0.324919231299602,0.848891922952948,0.285157268129373,0.853405030089948,0.325802448939376,0.00808611773102919,4.24815441057441,9.20912325694513,9.45998288205887,0.769067821370566,1.25949017498891,0.00097261194273947,0.0225412420767357,0.0753596572210851,13.3114570783882,24.0771219076728,5.17760067295833,1.61184724503476,0.0587990641485196,0.488202309082959,0.43100013865411,0.0309568311284467,0.653482112327376,0.429484119612671,0.520803885975155,0.0663401804431831,0.279524993358507,0.132252874053131,0.0934258805685807,0.0489598172088207,0.71127956608412,1.90148766913029,0.571712204655856,0.183672215656055,1.47203031630666,0.0916890673510442,0.0832577945442791,0.173007996205619,12.6428488568922,21.3584787316395,3.90331821596681,2.1425858931437,0.352882027319635,0.0278025584541054,0.0622651698461249,0.0786138759391364
16.1950840679853,12.4901113905024,3.63054989572228,2.02182219401927,1.11849888020265,0.268896875077325,0.237567942778155,0.0560959950267499,0.13852189076099,0.316467826430665,0.00155799743317769,0.276412689501613,0.185719655048362,0.231838452943718,0.58890366678929,0.71636142375056,30.2387932832608,26.7913940357466,4.77367120076548,3.9696769356012,0.296928144334435,0.474796560834198,0.197737533588299,0.0850514355051362,54.5328217856659,2.666460707457,7.66072327356646,2.08505130915795,0.139531891906392,0.465775998907995,0.0119673324055041,0.0760151760336669,0.49303113434379,0.10176847478115,0.180023360300631,0.758308684844058,0.607006444763148,0.859800228204132,0.321116191885156,0.226448544784227,14.1037213437292,7.08800269471469,7.90183263836665,1.74799903856386,1.14083084642854,0.00172989989883878,0.0213455221647601,0.110719852719135,9.38208814680225,25.9655460822351,10.499462534479,3.07129620859956,0.0843452548556041,0.220348313502815,0.249634414765721,0.0337951576288979,0.850603970522196,0.364053210615877,0.778546787552925,0.201203765506865,0.275983219330481,0.22074658803204,0.0847605681359699,0.0393938627184289,0.707981870253546,1.15589511051147,1.41248979929679,0.11698673246392,0.772818312299162,0.210720139584922,0.102232479645446,0.200360862910168,7.89622017718196,27.1040683113057,2.61676488981999,1.69275378671248,0.255166626053678,0.2426795765021,0.0622122508402936,0.0549542545274437
19.1765861093243,23.4208068312476,2.62515814353844,2.0020951133023,1.44074488740301,0.301448091191968,0.09022624948518,0.115305215073271,0.242013431725113,0.378146664178361,0.00297434201947281,0.533441989760532,0.362460789643816,0.121813024458579,0.627162490239726,0.758649251268266,26.8032158635894,46.938575437055,4.79928531591325,4.26751696577629,0.288273356172842,0.556509934998462,0.308232199408557,0.0865462296904325,37.1495906570584,2.45420754665534,5.34220163226795,1.75447806436177,0.0649803965687857,0.685197727800769,0.015526172469757,0.0118334401666465,0.505166886533953,0.0807731260647172,0.244771766100178,0.535816548289165,0.621467996878729,0.872898653489086,0.48528769011649,0.274826053666335,14.5751823017268,11.4400177181529,12.2987046103888,2.03934241565965,0.328882122317532,0.00263773028959895,0.0223513037003708,0.0646224160334699,16.6288694681975,26.5473186288675,5.86105662339094,1.99505694627826,0.0956448225533402,0.441207545704308,0.397589738614317,0.0248380294588884,0.735710130514913,0.245416644571001,0.690118183900004,0.221387369034449,0.264342603361381,0.259559316516929,0.126756219013903,0.0564791996957647,0.204857453796764,2.52790437226064,0.935586557917511,0.120416755058974,0.313140493239645,0.152793598690399,0.129134903120284,0.119829979541128,7.43115717232133,24.2982910822045,3.01437740287593,2.53898169185079,0.219222955932088,0.0741456423707585,0.0699462219662677,0.117507501433586
6.7396596955889,23.9030832930677,2.41414454357864,1.979283313433,1.55108632338723,0.494036360059915,0.170233913699111,0.106438312182215,0.179003280158387,0.859570264738915,0.00359937229555386,0.0508267129506252,0.267770716985669,0.246217938875152,0.566740978532206,0.689338486142923,16.9721123151912,42.9104773685619,2.97414520931306,2.01935455454173,0.424097234615481,0.444491003630479,0.574775241207887,0.0626428160407094,42.0445777953257,3.07786185670018,8.02522266536256,2.08717880880384,0.17635688334932,0.460272290803683,0.00822958892510398,0.079537521603696,0.422765350504725,0.111256687999776,0.298861244698664,0.869417837910091,0.597249304040424,0.677354660805718,0.411297324014031,0.233429285673722,17.5806530705017,5.1655665999441,14.1710922358272,0.894732971074056,1.00387718506131,0.000887063701989565,0.00873168320929622,0.0710438229130403,18.0845948347991,13.8496850763597,11.7987705611547,0.561584796842404,0.0423677187073402,0.40899054830419,0.291704015055804,0.0236350579194542,0.742785272952568,0.367546618828296,0.171536086528779,0.311013530454166,0.321902580127032,0.212094093437331,0.0939373397114458,0.0412065177532344,0.784536178086425,1.95954552345228,1.58678874207044,0.211199481739527,0.677127071332402,0.204791232611408,0.149454128075856,0.272123965144922,13.4378819249695,30.7586376878764,5.08566348573674,2.58337526635871,0.328555499500176,0.0526254841000689,0.0404289608257579,0.0530916014276153
17.5741190711944,3.82088171993196,0.957725229935868,3.20690253755858,2.00807956636365,0.389666959304105,0.0192193532913666,0.0988875599120516,0.232121167916445,0.296705297280813,0.00280807153611023,0.657156092644622,0.347823383720334,0.346930327259568,0.629943108090614,0.779886952824217,17.8752427634265,45.6482862542264,0.627274657258001,2.95827711601747,0.407878438051403,0.468416525850394,0.46298296333058,0.0507826169264844,38.0688269740813,1.42748042717713,5.82973854989503,2.4719773237525,0.134335342245482,0.458464406405398,0.00909889124596434,0.0819210093167678,0.364342923964,0.120476917243879,0.331777480262923,0.230914371385772,0.639395267623394,0.49636771682254,0.391877619278305,0.184298458646839,15.6594179284633,13.1660233282975,17.1120417727072,0.321643914698157,0.946852931958568,0.00127324987379289,0.00325405255700329,0.092824080264942,13.0492996714707,46.7552496685014,7.41692782692114,0.646936416684877,0.116721918212619,0.301848181341726,0.203076546193684,0.0180802388637174,0.482420640268458,0.291575785696058,0.579202790325566,0.311112232055414,0.237498786445844,0.37881458095661,0.0357851438859291,0.0126316166846966,0.414638632353807,1.46181685915323,1.21947733981685,0.136530616048229,0.15201951792279,0.212061307463374,0.14892721710229,0.0853308234780937,18.2938204859869,13.3927398255021,3.15844564963653,2.18868829710975,0.449737078674361,0.138498741427659,0.0219070076994436,0.162988478635872
9.47277586975649,14.662225076509,2.83957205353162,3.34496892557082,1.30120814379318,0.415078885158321,0.179397431188967,0.106494148007095,0.199185167827241,0.0866905654552195,0.00544742451977145,0.349439948470751,0.36545802043887,0.313526855394897,0.781888113288354,0.678696265940257,16.3605877922172,21.3992424206818,3.41122742288626,2.68709822717454,0.197752680134588,0.383684202708985,0.781482441525494,0.04228868353527,40.8520191718477,1.90065406155774,8.72743329241089,1.49683289579153,0.228048371905355,0.421045330285444,0.0176604319116912,0.0708350660603575,0.375251464776993,0.123197417856416,0.3228113933594,0.711820204831125,0.437887335935775,0.510235619896259,0.183976094691701,0.355555982382478,20.8612763200768,7.00784809661048,10.9669037324516,1.85027082976251,1.13002894657912,0.00204341800650031,0.0136442957307943,0.0538869439292946,6.73552047415139,29.4968513398266,6.08445982188041,2.4861472727352,0.0627876036013682,0.0480231708885246,0.352710423791466,0.0192155582404578,0.796537365979186,0.187064832394485,0.464019652028588,0.441860636616458,0.123901377475218,0.375975302673532,0.145700933965755,0.045709658035925,0.401020953426802,2.38957420522829,0.958968437296884,0.0801088597627934,0.7407090007934,0.181365300773678,0.116767071287423,0.191243558022681,12.9836356003714,20.0662271013747,5.10691375450126,1.42719345598823,0.224588012741125,0.155579390501415,0.0249412795345882,0.11785526790405
13.1653310010854,15.2790475012713,4.19152767195878,4.86206221936162,1.44442174504493,0.421872435157903,0.18429138096744,0.238337587677757,0.189557582727074,0.360398311671004,0.00607515379430269,0.151366094905715,0.0892436146701015,0.191220580188006,0.680179806046035,0.780977020587676,30.3753532510766,39.9750535293448,6.37192109092907,2.86241146683463,0.28740101181399,0.207163814882784,0.178320444967921,0.0425471086166573,21.6787600644947,3.72620005795935,8.07802936392811,1.63020945329349,0.182256502886018,0.968014741360491,0.00674546471104273,0.0474571635164003,0.455459230567844,0.0986014228110411,0.317737117172416,0.891893157973615,0.372086173797293,0.691084533143878,0.334853924092968,0.103146725294121,13.6622206774566,7.50966389784048,9.02693877187647,1.49619808886433,0.163636666922137,0.00190518020873254,0.0273618139883039,0.0721024855636981,13.006314607656,28.8084034146323,5.89438355930952,2.05483701406721,0.0613802216607047,0.376062126160588,0.325163835747921,0.0297395869132497,0.787135770667419,0.555943821586691,0.625421210637442,0.407604346329952,0.25256928282776,0.411689572388652,0.0348096249413082,0.0213017552942338,0.536639086907412,2.14041633491872,1.44533609110252,0.128137770235394,1.27477987607223,0.2162415435019,0.184739827167147,0.172317743218853,15.8999876608552,13.6924174436211,1.14544950434452,1.71076508963524,0.307926929199335,0.212804670067703,0.0546287474856788,0.150405425719903
21.3200060831566,12.5757392450021,1.38128870526184,2.66043758540818,1.65278267745746,0.355377296635574,0.243517542366991,0.0732556924626719,0.247551614068214,0.538068019381881,0.00419021947323567,0.484591758095325,0.241913008598413,0.492230107214729,0.674116214805172,0.529921866923371,23.881745630568,33.7859930942213,4.09034283287889,2.97562939778058,0.189672821925351,0.368135825349806,0.612838692275194,0.0777825346066679,23.0186930889298,1.26672084963433,3.86420731047552,1.15127690205505,0.1173039888751,0.542992951105032,0.0168631277420954,0.0554459132932092,0.344359649220508,0.104125184016267,0.359176706699863,0.652915358286495,0.310907862019071,0.63143703670766,0.412328317948397,0.415864178946351,17.6964044101959,8.14796136728919,13.3755390032901,1.40797903586567,0.864613430965635,0.00125235513535176,0.0132964413356108,0.124351041599503,10.5744147601048,29.5880527943001,11.2765018947006,1.47911144189173,0.0448941117178177,0.309971493283403,0.26414118035437,0.0249458842434652,0.546097427618632,0.608372488774525,0.442779520493922,0.195200802135267,0.294277459489734,0.251199454800507,0.0922475433233326,0.0388657534004031,0.723379151282823,1.61967425459896,1.07277997016128,0.156426200967379,0.842492115010566,0.055756787058135,0.0718977152816678,0.181068136845066,10.910503280906,27.3741661269261,2.44156381476336,1.39577566771994,0.307428824607404,0.110146260875575,0.0439627535422179,0.0843310677815431
14.9948848120839,21.5734007975905,4.61393745273528,1.51388442990903,2.43056721850361,0.467832130865483,0.168920909289386,0.119249642078908,0.174050125023129,0.400801592322603,0.00135310095358489,0.540932136126556,0.242264368280741,0.244658895231648,0.823181021833292,0.833853742743912,33.852902986254,26.2912232422783,8.36621421926114,2.67129084489911,0.384418631556315,0.295865038110906,0.30478487066073,0.101372182278127,21.8634358014692,1.99641354149891,7.08939375458761,1.7624342884759,0.152506436482662,0.560774450927185,0.0179585990665425,0.0782560061913913,0.523248478830992,0.103124306014339,0.101333250765532,0.401899376631173,0.371555442396661,0.638398182193474,0.214565259911781,0.0654610347438296,13.9783569037465,9.74023749351114,8.82505433257825,1.3427496360855,1.0267422811574,0.00184493988528252,0.018861821518091,0.189370049100633,23.551696258379,36.7989698928404,7.49063786415476,2.64110549879533,0.101628119511314,0.383320820142763,0.393451638009783,0.00933278103715362,0.737333972438597,0.218376580574015,0.0937404737207907,0.542790231181259,0.191302243167947,0.259411920576637,0.0488229637045377,0.051366041808117,0.421996198953895,1.94524959852372,1.55177620174798,0.0274274423385134,1.07638001638364,0.225763802958791,0.110762497265503,0.159639675336761,10.0713352668105,20.3084114154934,0.817815127642319,2.94622816599503,0.0243423177425771,0.124783727203264,0.0512563292436679,0.0980298525447338
18.1107083426607,12.2414234417747,3.24100236969262,2.83251121107498,2.69184201490317,0.442112247848176,0.293697648344585,0.0768671667599193,0.249907213175397,0.283005061380168,0.0047153322895548,0.219137314220323,0.300604631952539,0.491287902065008,0.445723158918235,0.812666195967261,36.9311812855637,32.1166313703528,4.41328172400752,2.50651653710528,0.241226178269813,0.18850667646856,0.48676965005325,0.107453006046634,36.5559013057816,3.769455323556,1.62746258698149,1.27763310659988,0.109622710986789,0.469269584453474,0.00644190525417157,0.0653066470303823,0.663431197542579,0.129123500926812,0.39120485236186,0.302398065094122,0.349273276078137,0.457984435337719,0.498936900501884,0.258686956712399,13.5963816582815,4.46330177284228,8.41694886209942,1.83346422796954,0.389767859091995,0.00082578765520767,0.0246477530814274,0.0187662989839453,9.35277109013736,8.48888470510474,16.7101371799396,1.84601972896482,0.110002058659347,0.28919547358082,0.450106858999095,0.0294760472792076,1.2731008437577,0.179944786124925,0.465981910487926,0.346238333043545,0.241864704033281,0.410116824913079,0.0679517876186144,0.0471839149811836,0.234087389168448,1.9249012200463,1.61886805815607,0.122451448761585,1.0723405766841,0.00161203506220155,0.15271281297722,0.0738668351848198,14.480340158417,38.9245830157641,3.78910798699261,2.39365432928748,0.307245058089414,0.162883271214966,0.0523539004512434,0.131568322942863
17.8713386847673,24.0119444972176,3.33606394087135,3.99422395082949,1.5016620204853,0.503759827334572,0.300993081820557,0.111544127208431,0.197237891893807,0.225633384604416,0.00429080553752488,0.364557443319115,0.331619721767709,0.404053009982673,0.601875533005764,0.650830273548447,24.384048778667,43.8335050305404,6.27617664689154,2.65328638594312,0.336270318982073,0.276612748452073,0.67859790551011,0.0576866673421556,13.3417830870128,3.65974869257655,7.89895957728444,1.94570862100131,0.234062365397181,0.391020911111245,0.012518214207794,0.0168818064587249,0.647547961304218,0.109100955070862,0.32311344344117,0.468996395283361,0.393731246948431,0.618937558280527,0.415477904700978,0.263030498142986,9.89517990966274,12.3098472298843,7.00219086708322,1.11698330267299,1.11334835801243,0.00107386631879229,0.0189247043571987,0.0799729888491321,18.6138244640348,35.0783818864513,8.54380410211247,1.61558042912476,0.0941177075257084,0.53291394218338,0.228256671878079,0.0177128033034585,1.02941456423323,0.403637186506563,0.798803938258304,0.403726620337782,0.280025145573747,0.327282772894025,0.0807586126944416,0.0391464168297768,0.555674847023733,1.02818551933398,0.963000418941436,0.116649757608817,0.841747344817584,0.279095082319568,0.109660062512072,0.168016069592852,17.3357275654716,13.1821262520693,4.32951114869646,2.34957713297568,0.0968995100888121,0.174710073982097,0.0573669231508341,0.122749613034511
9.80441160366978,11.5225214589088,2.16335682119133,3.68467311080152,1.464233411632,0.244099747501805,0.242982423659588,0.123509732654678,0.0746849844893717,0.852301300436845,0.00253335927868087,0.342173199367342,0.280673306874981,0.117133017218042,0.645733911589836,0.681959466777011,21.7871776310652,50.2799691456917,3.46756940174828,2.59024684517817,0.244471787178903,0.251070851558096,0.363526279776657,0.0806427390083841,22.213277070944,2.1407655776701,1.30436110318492,1.73098793793849,0.127846848981311,0.770956557561703,0.0184263660510415,0.0978853803693331,0.630106939362444,0.164736843462747,0.311315855425962,0.47743847891089,0.458178167766445,0.837365929794027,0.343810049482072,0.291228268940701,13.164201373476,4.73173636849616,15.0601576175648,0.766817696312961,1.17819758644827,0.00115119232822764,0.0190667301182032,0.0849934628539543,18.4304484651211,50.2219790862562,6.28397608682258,1.42051131339425,0.0591081137989985,0.488405946786537,0.373079477442593,0.0389034620803135,0.819803953927934,0.542096051177663,0.221596590645322,0.458385549069217,0.206603998758077,0.367581806697387,0.0756748636042561,0.0549441408598455,0.789334266922055,0.727606435891257,1.63364789002516,0.0831229346648182,0.920508235078971,0.136062532649878,0.141027774631095,0.074036138794424,15.4389568986165,17.6989023093087,0.849774398973921,1.1061603420006,0.298280651862448,0.0717538072885929,0.0383623423292033,0.13023036147424
7.65990115249914,20.4923491509675,3.60201132159336,4.36637381200737,1.60963761336686,0.130602688830489,0.421854519822652,0.140280701264155,0.246036402645864,0.244525155690596,0.00609845161843617,0.396099488801127,0.290269731660763,0.482128727880619,0.663276358477873,0.545071070770436,28.0351501586459,48.0615518720094,3.88274138902958,2.20186147827391,0.227508364124969,0.557769754863349,0.58587858394097,0.0550432059481264,48.5564446614805,3.38953856390114,6.65232457972206,1.10116516534023,0.195019865669083,0.373249497832953,0.00204414623004236,0.0740210923469868,0.630090001287766,0.187582505102985,0.25989402638245,0.916790454106053,0.426125495389232,0.741413354483968,0.424434293616997,0.484700556981195,9.33926156137789,6.87017196725511,9.74482996739117,0.63568303104363,1.240509012879,0.0011280603056237,0.0177305436781618,0.0936373393289826,10.3015693133841,21.3786508050844,11.5121745453752,1.11286214882338,0.00424823832529044,0.297052720364196,0.147353999269598,0.0209158350244884,0.661855303539507,0.44850457807401,0.15635030759558,0.231340050135511,0.209016217589101,0.0875776886989331,0.0576305226471611,0.0338657821061927,0.312533182581573,0.878517725151615,1.26608171903448,0.139897857284375,0.466927567092916,0.0907878760818017,0.159424547398487,0.142418867572494,17.1731523150136,15.1452070046713,4.87513916563175,3.07017506963184,0.318467708276604,0.0794976375880792,0.0355862616055593,0.129967540694986
17.683459908298,2.24760368755492,2.00327506464925,5.05063722407071,2.4358298190907,0.162794837479692,0.0218908891160082,0.12863591420265,0.139106461622309,0.23346698103112,0.00555583289922138,0.292791886110411,0.371876129044376,0.444825541768187,0.715131639170094,0.71435410290351,11.5172352995062,36.1224171473422,1.51201648173506,0.963031569680645,0.109898293318894,0.520375664525978,0.671903868722972,0.0557291904431634,29.5860785639293,2.17426706863994,7.17226354333823,2.90409590811786,0.189921927415031,0.283757627215399,0.0161633211728348,0.0935867797413374,0.563085905902153,0.0917751923685284,0.32446845817956,0.663779805147421,0.441941979144023,0.554978614986038,0.236593057105504,0.290540036065321,13.0133041316134,7.33611613692393,16.4754848882169,1.34865486514304,0.934472271415659,0.00149171798231089,0.0100238246034868,0.0819192033054464,12.0858426714391,32.6150221724358,5.98206874061646,1.73953597527874,0.00273183787395741,0.421553534148172,0.398033087549186,0.0159162637601888,0.504189080341648,0.37588092718111,0.298334467302325,0.320857098155224,0.155438237537982,0.206645936511043,0.103626894241278,0.0254368707897678,0.907669734281899,2.36656985927573,1.81016355708198,0.073183713102827,0.907957348629643,0.126743715719802,0.152194566730527,0.170560251545424,24.0390403654356,26.129934028253,4.89196529867239,2.24943959261175,0.375360542004595,0.200602471688757,0.0141689113548676,0.146168475834033
14.073668548616,25.0888923967334,2.97946217835575,6.60835294531695,1.77322470053796,0.364421891543359,0.135388181923605,0.0195921548474219,0.178522253286358,0.252758438022937,0.00267234226806132,0.42869814790843,0.362218488982357,0.605964185939635,0.710991475949961,0.727026039055956,28.3505110893804,41.0629914682334,3.21463403791386,1.759775962809,0.476716896608092,0.270195997076796,0.734502317782493,0.0642536560215775,38.8196730638812,4.11820037733169,6.93238154777467,0.729021051363913,0.175299302306519,0.523421045770246,0.00720465736246407,0.0208638030917283,0.605679291042295,0.174570344610543,0.187685983329865,0.408689190399902,0.276385333458406,0.488066079640875,0.219547415328642,0.184719993025397,13.1847337504512,11.8084331675331,10.9445687323129,1.33431444981198,0.865319371996158,0.000967769254704061,0.0132625049617997,0.0358052602359527,20.4444244598434,25.017439888159,7.91769940491131,0.575432586561315,0.0840336583624109,0.180425957131733,0.290660250928869,0.0171409784511203,0.771204133321652,0.27259840028407,0.520735968110767,0.364161014907699,0.166258261233522,0.253377793553682,0.0805603938617684,0.0700062490925984,0.167119767131008,2.13189465851285,1.39606749648016,0.106267039152566,1.05635925382484,0.0945701568150135,0.111043877640101,0.115414166978207,20.5371263278549,20.0324541778006,4.21178238401936,2.28938636571736,0.233148448704409,0.0125648119716885,0.00119621352347914,0.109772229967706
16.4154513857366,15.9315582641677,2.33269168043921,2.7847129817302,1.37020583969951,0.270282390667372,0.180936679937263,0.162444063968842,0.214267853556066,0.424650587986689,0.00294947553810313,0.0881810171614632,0.231070680600519,0.325889437232084,0.451706197939679,0.673525779135003,25.4123246602502,53.4577687390757,3.82766429775263,2.81937738564781,0.250361591017591,0.442790969119952,0.387274647616682,0.094766830319025,14.949971790303,2.08934167252918,12.1121968391542,2.07878198517045,0.0922779553782117,0.257768717323406,0.00495790027986906,0.0814081307734493,0.227627297479019,0.116421521614677,0.277555750142301,0.794716767023424,0.43871707182061,0.683592884294918,0.355211720153375,0.39583392022252,14.524003679702,9.27588329696187,12.17822025191,0.838668666286415,0.800778840092122,0.000265099234041977,0.0231942940188953,0.0398823095497595,9.52432764515937,41.810493041965,6.56521732237187,2.2122894731423,0.118420506216751,0.153080986494283,0.408251323178825,0.0133049270308515,0.876345689771451,0.331225888285168,0.24658935689633,0.449399240474297,0.0648500034116902,0.155224883440459,0.0970191745717583,0.0548319411782026,0.339169313697111,1.54617860046941,2.44050948766878,0.119285476027113,1.10573537258202,0.192789913494669,0.135712721817948,0.120875158792787,11.048613013577,14.8549673015676,1.62963243209929,2.15470851340243,0.460829585983806,0.107505092525372,0.0297975650503577,0.107169509512449
22.7419049778847,24.3476704102823,2.74343681797342,3.32356566861451,0.881515021485361,0.368077942764652,0.271364550570778,0.123527495714551,0.288910196683076,0.553793049177506,0.00376311201896176,0.501840299556987,0.454238141409013,0.379499887090542,0.8338039755766,0.679490825039372,20.8003818372632,43.2042220686674,5.15726201041688,1.4888820830993,0.322039354377773,0.471120269276938,0.627846393331249,0.0789758859273201,22.6131925938037,1.73063774965556,6.27213910574827,1.77314675205445,0.169002287406166,0.255545482161711,0.00768317780213937,0.0850023569322676,0.643050102161398,0.092389843703542,0.140182839860588,0.525188840004234,0.326740406589533,0.464443591240898,0.296310450553133,0.272855330065192,12.3272264606919,5.77880208811215,11.6253311119622,1.14693867428986,0.598280965052459,0.00118262279380303,0.0153567419983184,0.0537337353513214,9.08309270108428,19.8307883669379,11.8577633177091,2.46574179367503,0.0767221190918877,0.50148589678716,0.284587198633699,0.00959571946555558,0.303227189807828,0.311783623072174,0.170517067546202,0.585382556682658,0.191209693445112,0.367290263276703,0.0477444952382893,0.0355128661168689,0.200301383725524,0.926685781949514,1.52203015150846,0.0768587618250549,0.341768386669383,0.150994220462612,0.139096746789586,0.182621108005366,6.37488251870378,16.3407925250194,3.38589082960907,1.76907471007837,0.423314472210461,0.0809001019259744,0.062492748346872,0.12120939937833
11.4083773649633,28.6314996655825,3.61649823025864,3.13511338690629,1.50894403692666,0.266408252831475,0.316552147989129,0.120913996513793,0.250819617798008,0.300150942214228,0.000969532268773752,0.528233599978955,0.275340709239111,0.376192547764534,0.517959777348722,0.631248795219151,27.9382481247657,36.4864681413825,3.950061016449,3.55045140257685,0.364120593152072,0.446128803825505,0.166721417928294,0.0240804206755518,25.7532812483723,3.00730422751315,4.49450600333599,1.80363531116378,0.140360729538347,0.20274748894908,0.0113646114422238,0.0644571406142937,0.450717778054085,0.0743666331654378,0.294017026191757,0.697805632609456,0.515606218186606,0.49915495437883,0.456767227018735,0.297111074316661,16.4113821317287,7.2940283749358,9.99184570498153,0.151381136302772,0.783756495077865,0.00210875717706292,0.0105272928155898,0.108815614269696,15.938740527683,32.33238455231,12.7601815565885,1.79282761014577,0.071846125742356,0.648210253767314,0.198261716789485,0.00802102345789167,0.716231642856199,0.379191964001201,0.342678376261522,0.143690943889164,0.273410695919559,0.45735080134488,0.0795594913853332,0.0499692779727277,0.661517229125986,0.991536085264572,2.29308185738796,0.167890902247105,0.46763540160781,0.141995720540879,0.161663207108101,0.141169205740262,22.2428757726339,16.0492304689858,2.63878273649859,1.83496121593988,0.27825236149057,0.0697394765022457,0.0337808233347647,0.128971085789635
16.7979231338776,12.6062790742322,2.58796843360262,4.23207560843514,1.401251078131,0.45960152640693,0.285842810202241,0.143638736810009,0.257223253376414,0.452995201794913,0.00608136195951253,0.466427762246081,0.241017453534907,0.463815816041053,0.61025190919579,0.68009670565696,8.77857429233708,42.5229438925755,4.06834911178092,1.40330578596105,0.21267304330743,0.395523114811489,0.727206613537354,0.0771929285908738,20.9185568861331,3.16655942140073,2.81619337873036,1.32536994360621,0.141524042439438,0.419911344567036,0.0094974667263437,0.0320602527415656,0.0974692435619431,0.158252868534526,0.421251847031489,0.472849461400251,0.36901424220356,0.573497217456338,0.311373014155088,0.31763563029329,17.6803251279371,6.02279624308473,10.9213040614819,0.748995478837952,1.06864898275973,0.00164840349100089,0.0132795245004612,0.114547256400467,17.5983170998279,27.7933506708842,9.54063856406402,2.75091777568422,0.0436387154571691,0.407648740678534,0.180793319286821,0.0119668781530684,1.15007491475771,0.303248025343178,0.419808379136011,0.471222171373124,0.416270867842316,0.343876510371378,0.0605548247948426,0.0379737349320305,0.659762971091474,0.909846826091808,1.66958241924926,0.130858426708738,0.48134113883002,0.200419774780964,0.10846945808932,0.101974337091266,19.371868955949,32.6696250584529,4.58311754206171,3.09478378836456,0.172268182822988,0.192905163637924,0.0473922776719089,0.110183649095955
8.65706679740459,27.1280802925083,2.79314710381632,2.2437698535312,1.16907119068127,0.439418250475467,0.307877106016534,0.100548050279665,0.225887066287662,0.624018488080689,0.00311222289601174,0.517577705852019,0.31824078852911,0.240537021510407,0.715223129944347,0.671616261756808,27.7447245961739,35.0982289888861,2.86061310320536,2.2484564117542,0.281013563543455,0.347287457877788,0.625198720816954,0.124801608603696,13.5832657885125,2.28319606539671,5.60920156253475,1.82657143196925,0.172705066326506,0.213361902779128,0.0099925863035647,0.0649590421485492,0.381540948374169,0.245920063208829,0.236024377168588,0.564107606304238,0.507224709316681,0.611182687253506,0.347314326107421,0.333686274508366,17.7047372784671,3.54665651832027,11.0202455708225,1.18799269284283,0.71668899445517,0.00187660463594108,0.0194337258090009,0.112269200065561,22.9584385718999,26.130665390716,13.5820155742095,1.53658460122109,0.0825958388458704,0.303157104647145,0.29987515715992,0.0320859226317035,0.444354327471031,0.17808244124034,0.407857767802251,0.242108181887577,0.116086516550847,0.457694833435496,0.112526151431634,0.0345346944746291,0.4113735159472,0.568863006365003,2.06471292350804,0.0903927596265944,0.49091022968045,0.00841783944595739,0.0462165265647306,0.229480909063936,14.0134714727946,32.333795888917,4.92409791634842,1.59227721014034,0.236418159087902,0.0989632138220141,0.0469573431633062,0.0872909619157435
7.59680942076334,22.7105643611862,2.58629361946307,6.06344188480495,1.5628974464508,0.555292828280703,0.296101261789176,0.151985246423756,0.121957681471409,0.708846452141574,0.0062968277209304,0.166412426112519,0.196232765303956,0.139827991855125,1.04830367202718,0.662772941075778,31.2725293159337,54.3742038623612,5.41962264548745,4.37694674188401,0.0904783866746043,0.416327693292536,0.301778781853754,0.0766968035188677,44.3888171747951,1.88166403155811,3.52587546524267,0.496757087829124,0.0917831571488574,0.278650818004683,0.0185783317797885,0.085913791564046,0.601330089790678,0.0793490037868355,0.208424439231403,0.676341114738431,0.270707642546409,0.728285582895714,0.131175988482834,0.253108296083745,2.69113064707795,1.44475391553949,3.96533792694263,1.30207134450993,0.996612742457235,0.00135547027916089,0.024097272013491,0.117455171304364,14.892803971233,50.4151903343986,3.2260281402133,0.950568567786159,0.0701844311463288,0.514270187567379,0.189479540804314,0.00705132796947628,1.01129990966547,0.375688592935143,0.654436398608182,0.47840307024482,0.270915531838758,0.48720193844167,0.0663577343585207,0.0754731372268817,0.462915501683051,1.60836219778279,2.08888398511304,0.161165541013868,1.24426405313554,0.201808313762069,0.125095385764727,0.131086558631629,13.9192558573543,19.1379523525815,4.94263396736785,3.67466702883719,0.3952898256924,0.0533320013518919,0.0202836830487358,0.0990207779103064
17.4542198434238,18.5786121395658,1.29646284056012,4.98363036141043,0.898611113093639,0.308854161181379,0.382130621301072,0.0820294181348636,0.242127242423169,0.76007929684701,0.00233606234537033,0.50150081868559,0.309760337625978,0.488176004931048,0.457095852407693,0.696158291412471,18.6632364270205,33.7083833523866,4.20641574287867,1.36851364237881,0.374779423818942,0.252014563814712,0.921165017919243,0.0548222055506365,25.0332786152826,3.12070063421178,7.8503664966454,1.59187952881593,0.143627063064144,0.956697295947208,0.0107464691875742,0.0716495574655551,0.211412791098667,0.0407903051447837,0.371866385095751,0.508085894351421,0.544194796716886,0.336915948375353,0.581235497931527,0.276682010723692,5.56818805999739,7.10674157822178,13.4297644598874,0.890429868408775,0.284402088480397,0.000911965509664307,0.0232153953298186,0.0841277404336763,20.9190817670547,36.7264025070424,7.55504007956476,1.77496536637613,0.0813562940045716,0.330910055143038,0.369118464433093,0.0210745358854066,1.05862804126026,0.516691870059539,0.389804680644663,0.170836645813858,0.250402912140382,0.455526519617638,0.0860171859420533,0.0289386363193252,0.757519298626254,1.35028450834457,1.8167742598817,0.141812307667932,0.537509146376887,0.132445644975359,0.130459862090716,0.126804139953169,15.3957179025328,29.0157910576882,4.84299428285813,2.94456690577983,0.206354962297783,0.075860083042758,0.0414168625285478,0.133418498513294
18.6642844535344,19.0904940521965,2.30357325291448,3.17389708943005,1.00174659239296,0.400533423186016,0.221316352023593,0.0767825219350329,0.142968261735309,0.206986894233799,0.00572737696660493,0.549582223988077,0.31316304884349,0.339480052524085,0.438816419708431,0.698218411660269,16.8021364203197,47.8717006322491,2.95111969160754,1.36020527077949,0.296336596297535,0.289631328572356,0.445339400003694,0.0632631314353755,23.364926835333,4.07807169918348,5.92717449587689,1.5820177927677,0.12589671182798,0.703417808556704,0.0228510310372402,0.0896730715014448,0.278237357247585,0.120872539191605,0.258139406249833,0.549003893085232,0.364999364023459,0.511608525149146,0.621883008410275,0.25285716986081,14.4270553104253,0.200153128451438,11.8245392657218,1.52507929413615,1.41300856555345,0.0013333519269054,0.0135294591208851,0.079577731254149,14.643162760916,39.99123930998,5.41444188345684,2.53842704905416,0.127584165558482,0.287958367672645,0.251176100635637,0.0128127365883902,0.82717454771342,0.290841703064194,0.339858286948785,0.345986119394899,0.139600544205005,0.428954422114936,0.086459921820743,0.0499359073214338,0.526045630536998,1.40874747269477,1.84266056663968,0.04987003326915,0.959447290527731,0.228565242649463,0.168612782038415,0.104517294938796,9.39349960712895,24.9608776698257,4.14567148071106,1.34348294882277,0.214702797638892,0.131015823722968,0.0319906292720135,0.121269443352667
7.40318593252555,26.8471638800151,1.61691486970162,3.87130092233757,0.336072305002426,0.117365532272541,0.406164312012097,0.101191166677439,0.294433382965165,0.194546605324684,0.00282383994171434,0.549463720759857,0.326476818516295,0.22460211615846,0.627712682152551,0.734352811784954,23.9877504533978,45.6586953410976,2.16863470747691,3.4621317196327,0.292167189227514,0.378583155985745,0.298808454157488,0.06412225502963,12.3088541169657,2.5597586163299,2.60540733798315,0.451945331767657,0.135593306180213,0.360181050658822,0.00772043503314323,0.0454745665533608,0.235560961294842,0.122164448956589,0.255181704047749,0.769491538070662,0.346691748432788,0.747998977276051,0.333101187759171,0.177809740416862,14.0237871070921,9.61502971617485,13.6144302756529,1.62977871758596,0.566618274353928,0.0018709967398761,0.01205456581736,0.0792775103761333,15.1506416856756,22.4729411993613,10.9235036760645,2.08616200504682,0.0113816572616546,0.491734925889432,0.212508761579416,0.0235046830033381,0.887616301626726,0.464393831999572,0.41122404495263,0.303480953197924,0.166060583426402,0.145761647487474,0.0953229265463516,0.0343219349795714,0.574055501040603,1.48349938878848,1.70022410741525,0.134258511217284,0.801145134319549,0.188369875462099,0.162344378460725,0.0860796138818033,22.8687682361096,32.2142973609807,3.62426586983289,1.17876356512383,0.521100685347817,0.0505150866196564,0.0225870006900815,0.0684247792170788
11.2418996423132,19.1928535371645,3.02945363866745,1.75392787515379,1.37725876816033,0.4162080160519,0.271873278004055,0.0968084410360006,0.301377831404741,0.695595661835164,0.00460919618052621,0.394802267894372,0.49094092798015,0.256634341867814,0.6932019119793,0.690866899752812,20.3130423424299,39.9486983160384,1.93967273347406,2.88424567739498,0.408693808044143,0.243778477766203,0.592116200535621,0.10328261658994,33.8579963146105,1.95686550533378,5.89424871081475,1.25931608609161,0.0826066700995439,0.271664241127464,0.0144451146523316,0.0608120575550223,0.406651029719981,0.141669440583046,0.314313450015172,0.837341986225292,0.430165616352142,0.614225851275058,0.248381751319786,0.260031424379235,20.9590815300101,8.6468264034477,11.0728508876716,1.47116089286644,1.47643588215904,0.00249910746732769,0.022472617831918,0.0574213734776535,19.4961791302909,27.5396286515426,6.04534764843664,2.24416972443743,0.0797423174374312,0.422604761189992,0.144143926998738,0.0288274771155893,0.568427250202369,0.472253864133397,0.209337751071222,0.226193974418671,0.0625617406404273,0.331318225922346,0.0543114609691712,0.051908932552188,0.00115008879795064,1.90503959453074,1.32882937483014,0.138726002385488,0.444734211391728,0.258996361028902,0.0526673770375654,0.144373576645184,9.48898070297567,15.1786996300516,4.43140197595611,2.52132396058718,0.382499922167942,0.153569150185415,0.0441984239090556,0.118970635283885
13.2768722287287,23.155166769512,1.20986742667935,3.21000473403259,1.77177864354415,0.445528783317255,0.290085865970837,0.0692617660234597,0.295084113237909,0.545962789133466,0.00552758434182528,0.318902674824769,0.265564802039532,0.423508399210335,0.459906129544683,0.604517181101597,20.5036106528798,46.0936160024012,4.39042496164816,1.18971358968013,0.285528271638312,0.340684655084919,0.521410208130007,0.0706438133202159,26.1977323064896,5.49962155520898,3.93971438188864,1.99826396902584,0.103482522575182,0.200952538688969,0.0145128362332024,0.071831239082646,0.499319310998864,0.119472261249168,0.297575594991315,0.61620959262917,0.441501654791899,0.505702924238932,0.429772162024065,0.334950245231324,13.9510762845984,3.68719739730596,11.6507552192915,0.271833531991071,1.17464806396581,0.00150401091111551,0.0181813380205127,0.0738801814537291,17.0745183761686,29.0930872158003,12.918121727638,1.33592377835249,0.0614358238335757,0.227925540267899,0.192129472364117,0.0224707572067752,0.93263698153228,0.331908708229477,0.361986093528219,0.633998627836701,0.154524824356536,0.281883798935632,0.0292243103383354,0.0650030863015565,0.455559296463142,1.88981305214609,1.44086509535523,0.118573297079103,0.964117840732573,0.15192606708853,0.106039185839078,0.144330345477172,8.46055924957799,19.4281993828698,4.4860809160731,2.02281556074604,0.281321919105238,0.172391544471718,0.00862382569047374,0.203402529531267
7.04553156750256,14.3849679587971,2.0915668937542,4.11880920076852,2.14109479624645,0.532816587494231,0.411961602460238,0.169518416167908,0.382303668422958,0.508447736156998,0.00681228867011163,0.515244078306561,0.450493856215976,0.378903084574766,0.484168824863778,0.670176282191488,10.0930968841884,38.556262597562,2.8920859838309,1.67453722066501,0.293253358886286,0.418116468475339,0.355031185561526,0.0915080966077039,12.8219443180801,4.59746123097932,6.18374867657254,1.81310739780134,0.125764824994052,0.306523743223143,0.00866337398534674,0.0694534980141494,0.575052673741964,0.0778510974727045,0.195887297746662,0.490424900969687,0.344049922903037,0.495576051591116,0.515750239524209,0.389355739247572,21.4736889820433,12.219092374615,9.9011244940001,0.525793267620384,0.312909873161812,0.0011656915026077,0.0135150104202148,0.0906227594556934,14.1106160943008,25.5985131117222,11.2164062070624,1.22578775406279,0.108893558183602,0.222127580311343,0.396686022250736,0.0224866774483148,0.55463455541192,0.134690606379786,0.274448971528084,0.468482669973017,0.325560196468294,0.423888681255763,0.112750708008362,0.0415189416088239,0.161446549540382,1.02647954573496,1.89613792166321,0.0275411626413137,0.376102298433563,0.0785897008266006,0.0848736278479535,0.0959922723793934,21.4651471798927,24.5925838343075,5.55794975412887,1.29529060373506,0.220029595928352,0.077640645766779,0.0403436293400577,0.168623158594498
14.3722973437733,9.38156867611437,2.11711994876193,5.54403856060031,0.958708500123912,0.299962828152692,0.150924639829172,0.0492893257838829,0.3082362699946,0.239513149229073,0.00403498508723652,0.568188110058695,0.210511041720936,0.1982666122188,0.722718605908168,0.683032903815687,21.8108751650066,51.1691350621415,2.5495734257752,2.43809125082549,0.299783719971373,0.0684626742925085,0.530716410546452,0.0708835070482774,16.5607061884896,1.68856554258786,3.1365477800517,0.629008562787268,0.0072853927943074,0.532032749388403,0.0189046352495425,0.0919375754957078,0.400709471565238,0.0483909755304165,0.30904427694737,0.329958505014981,0.55367913415165,0.830625532276238,0.25315350126192,0.350604796762512,22.1528708660705,4.81904839623376,9.37220288975494,1.44516786326593,1.33035100032826,0.00176452923970931,0.0116084978897076,0.104672649149172,17.2985536399552,42.3070400283276,9.21411219968114,1.12397619273421,0.0728293490753236,0.544031723593367,0.392434007951318,0.0114976178857368,0.95216693488043,0.555920662795987,0.416638774029926,0.404876394380102,0.103092840569687,0.360569145960601,0.0104681501147635,0.0455630440688173,0.532934099510597,1.67452152503081,1.06792943195777,0.0716403476867558,0.948140966069121,0.231327196970325,0.0891582898740686,0.102398341052732,19.7812640718489,17.9506874077318,3.61398296560565,1.25668734994547,0.352322423585052,0.0559878725083645,0.0504833446284868,0.128162118374732
13.4530688437795,22.4257070340807,2.37537994091845,2.97341230376073,1.45512989900694,0.4446539209039,0.419639409209389,0.130268915535265,0.288361407472768,0.538382832223887,0.00525318415760239,0.68945281864779,0.131740976462013,0.262906957638649,0.552544938129353,0.537424516551904,19.9417302345135,24.4460463844526,4.84821783883665,3.35983666532528,0.365290551494847,0.241375617770173,0.464827629020774,0.0760440355000558,27.7818685474128,3.20544539937359,2.16677845220585,0.397360869608515,0.18417982203013,0.434185111764388,0.011543027527692,0.0934257014297228,0.316906907874632,0.133770611252957,0.27864828157685,0.14814651801952,0.492494899989688,0.499077243458983,0.423423188195871,0.481560000393276,10.6328190388428,12.2787893226096,12.2027099556575,0.662337636244012,0.869639413621089,0.0011027452751921,0.0200457708214676,0.074677193436316,26.732453530291,26.0569042850289,13.9101455918511,1.96629955896375,0.0149812079251978,0.287062960287749,0.372391253567271,0.0255289879498991,0.732479503640281,0.146865682704433,0.266083818536148,0.563407219841703,0.0563753094838711,0.486308086992337,0.0988616220698023,0.0723479963380811,0.561183874748979,2.65317440156496,1.91215114171552,0.181867683809481,1.32627525123809,0.303054169586237,0.159096325552824,0.151663339492147,16.2582831424495,27.2865007125241,4.89682459486735,2.35163581010416,0.166995329766564,0.0634454282977062,0.00450382713048117,0.139909542098242
11.1995743306306,15.5722033025617,4.96068795679221,3.98079938962422,2.22653059439687,0.346265312047784,0.0442970599494084,0.094058858680824,0.246159482627951,0.524843057238769,0.00365844605152165,0.451963035730998,0.152670861468436,0.487647020086523,0.689774689952914,0.644126395022177,24.2247177588393,39.0533215583457,4.11084833338488,2.40849980026587,0.250639930274961,0.574183928521829,0.231458256898492,0.0595764749105864,35.9042605518931,2.6135594611593,4.19078187912341,1.47354011241387,0.175373861305547,0.695422155940018,0.0116172103482902,0.0932837386719503,0.59853694632971,0.0910370839502781,0.201990240917067,0.499810323646796,0.322389185890904,0.460516292144819,0.311166871967361,0.3458375712831,20.3125748702653,7.69826048542477,7.27726628495837,0.794947627917751,0.838881868927256,0.00207780056440573,0.000419246497395859,0.140120395584494,7.2565494299722,22.4344101679569,10.4972860899444,1.98962240118887,0.0875725277594075,0.260346974412525,0.353729487670542,0.0247957581137382,1.14584698421561,0.389453161843164,0.511204765953368,0.430872752478854,0.146234376098732,0.276325992544481,0.14043487877318,0.0268043705061513,0.372915100610379,2.00313023859462,1.96128785474848,0.10056777536651,1.09120638864706,0.0134058071312923,0.017337505711246,0.127571040687926,12.1578565916819,14.8012202927813,2.97711052598798,0.814397751898931,0.231649969895308,0.242979759179184,0.0621123817745325,0.135717436828255
14.0864839822872,10.716442934414,2.29505966559332,3.74810256503196,1.23989284114428,0.437941650082868,0.200957273012356,0.112267337131813,0.164000486336861,0.279828259249876,0.00465896889250667,0.394429771901364,0.272624684931394,0.371929999263356,0.512448727442643,0.811651029928477,31.3842221360965,26.6621245864072,3.76769465900213,3.09211368215756,0.363412425738252,0.25282813955201,0.65795037708404,0.08025604677204,37.8181485225119,4.35423908475422,8.97883472598557,0.893973407693614,0.0314523078025911,0.396744357155952,0.0103144484152702,0.0633451731916962,0.749828782533276,0.11404025145929,0.127694707487756,0.468206635375544,0.344478985595987,0.653791507081722,0.538782531650537,0.27713274833391,9.58175396395037,6.32381784785638,17.155922728016,1.33631098331569,0.781333250964347,0.0024469589642876,0.0145329209206247,0.10474967630377,6.04919485085032,24.816777888004,8.18222218695519,2.88365372719156,0.0438657690801798,0.295730747713409,0.210179187450849,0.0159552013996354,0.782908313305175,0.441697950449757,0.512386751081241,0.414143528341458,0.102275216859646,0.334118285418635,0.073220389676517,0.041211215491016,0.617296317204206,2.22399450030283,0.854846416503438,0.174207692204566,1.08522824486731,0.0269864429177361,0.12280562454818,0.182795816361521,19.1997206917646,35.9170583933133,2.83178915119462,1.52181841720769,0.244792187954593,0.130858257950737,0.0662206720814266,0.137095690299008
16.7935217074893,14.5689900823244,1.46518836660621,2.96350644640746,1.6577359883861,0.324040425537343,0.432259826135659,0.0441644680657911,0.102484831920778,0.372857194741215,0.000873684132834903,0.5852813785642,0.22127276289568,0.173167625677091,0.616593100469829,0.599336603714405,19.3709932428236,26.7809176495117,3.41151927928339,1.54135961381151,0.300875232873395,0.289054600079815,0.522278041277705,0.10761213873507,31.2655599203327,2.08648676142059,4.02577575961301,1.43444077669371,0.165183762359196,0.532594643428981,0.0106311496019204,0.0423761735060792,0.464596672940954,0.118372159684926,0.338340891724978,0.234141778902458,0.537204789922276,0.83304035476607,0.443945437203624,0.388966477207723,14.5881765433196,7.53600340460433,11.4619416654917,1.40987181284288,0.845679314012545,0.00216032379141048,0.0270875536401686,0.104113082466844,15.3171473789545,32.3883478592283,6.59965550410086,2.84314864875917,0.0686767797984965,0.414468497212584,0.285954300668704,0.0255043010641317,0.609510634464555,0.344080093207024,0.287682407773007,0.595382754400301,0.0870189154807078,0.170058298909985,0.0381801627555111,0.0494727137084975,0.296180573193826,1.9274424741724,1.91471213294211,0.09675060736921,0.964637344649845,0.211279967568054,0.114817689848013,0.141632958097447,15.5612180494896,19.7568381664495,4.47109662535908,2.09474074050041,0.190263410604348,0.105882456102146,0.0470394907859212,0.139716552827914
11.7161532692743,21.9585777368669,2.22573838987956,2.81487348784834,2.64485802968343,0.16932622721337,0.302165351337947,0.126835685974608,0.195747619933836,0.310849292295307,0.00261329581530867,0.500137297883298,0.54466103094777,0.454241443935777,0.61059132846168,0.684167911583652,21.7689429229918,37.9647424493018,2.38068323297373,2.98645082475894,0.293871543329791,0.0566957285271997,0.400222437959536,0.0323781397464729,19.6918674816427,3.24335009207075,6.01196281865498,1.00499252909321,0.222684756822805,0.566956127977485,0.0194444052730194,0.0877285034935867,0.798769697982241,0.0887876341534584,0.307064485969932,0.576468874104722,0.16901675904158,0.445347178589216,0.411363436581614,0.2748509801679,8.24998443875919,11.4042475957601,13.7492141648784,1.15638962211432,1.40046150350792,0.00141109894446898,0.015723515058068,0.128536733921937,19.7821329042887,36.5682117009272,5.70500945961735,1.12347391895131,0.0939819963247543,0.302239005122811,0.319025094450373,0.0230311797859917,0.928848481089516,0.519832890764708,0.396811063040226,0.31700438885556,0.279588768712594,0.324538701996854,0.131938028068124,0.0420247941577327,0.128822340157772,1.66498432773824,2.02718731203035,0.137828841853034,0.684123395808423,0.181397640222747,0.214370680826099,0.130353933907569,11.4950118055105,25.9372421211559,3.34722872670095,3.20905295910923,0.367600232340542,0.126079406706611,0.0319133377585319,0.203722481366556
20.074805547639,19.3034503496328,2.28624066387878,2.7685349554575,0.849144525994891,0.407496509077477,0.366530750250499,0.128581278746017,0.301711140908638,0.384824338541684,0.00441435918383503,0.348146148166054,0.238111293665011,0.402041098461763,0.581430750137263,0.724308882341963,25.3776853696367,32.5394062218407,4.94552146833674,2.30677911447658,0.321591166778079,0.395287937384358,0.294859510412132,0.0965174528240473,51.2349562006055,2.63076324570683,9.32555294002801,3.19137892275912,0.0802628632376532,0.617129316381903,0.0081520916419603,0.0673116746161026,0.375227469747683,0.104376518884428,0.22562040128019,0.687720109298123,0.376522858582282,0.6374603454708,0.344116188844964,0.206950787551381,11.9413990569426,4.40227106683867,12.1533138189654,1.93462237947118,0.670965897020801,0.000594533044740588,0.0121769215127853,0.0445896336401463,16.6748593298988,41.5524504810263,10.8389622077195,2.17964619223992,0.0982618817679684,0.458172469789016,0.283470127727668,0.0275817701072607,0.745241000138308,0.33816940332979,0.293545031756966,0.474422163645949,0.2003232036763,0.310858602328973,0.0800759323962958,0.0669046141925606,0.370484974843849,1.81779029336819,1.41663580573841,0.102148369635791,0.782966806694735,0.182788227650654,0.16498111241822,0.145296528074524,11.8576851611349,13.2363973471862,3.06155514059193,2.75897926924418,0.198226322444913,0.12518064725903,0.0407745417429332,0.0880984278423455
7.808516579128,7.75679899094767,1.87713925391021,4.29055078312924,1.59038089950131,0.55958674238534,0.130454632091949,0.0137230108790934,0.332618573754324,0.738979316107313,0.00414369536619556,0.576050625615045,0.460535238806149,0.176492979113143,0.797284818771689,0.697738787421808,7.52811562671366,57.297343843362,0.16236574075014,2.63128970773774,0.238402645491747,0.327208040409516,0.532671462225997,0.107351606010438,22.7055903690189,1.89931214618367,6.67847480207701,0.549338428725172,0.114171831338447,0.563891542418157,0.0157449290555777,0.0758531721999804,0.573536340313342,0.0944621174663773,0.114097129020333,0.450973809787453,0.357913918073741,0.631399986482274,0.472419603002769,0.284723089946672,32.1366978086848,10.4136498650524,10.3113773520916,1.01362820821882,1.34926493212449,0.00209035128319469,0.0221165289532915,0.0202172252137605,15.4076933199933,21.5578669676031,12.1769813797877,1.53560151422987,0.114439532187275,0.368116124943085,0.578712920932652,0.014089868370285,1.06511254298068,0.518125969637055,0.864707587918474,0.121969047864096,0.187730939778862,0.471187980717789,0.069825942930085,0.0602545216837708,0.222703351428952,0.957518178936687,0.914309186388705,0.108815297245802,0.696946782698126,0.201484473718559,0.104375771160088,0.203313909677658,26.8398351422922,22.6253006352442,2.7235905098262,1.32241344928509,0.13967524699876,0.0951644693395256,0.0488111410593361,0.0663879249831603
19.5192107482843,11.6388620479334,4.07140832699825,2.77435381477081,2.29323736074652,0.318199443287,0.30075251112855,0.123777273130519,0.30224725134222,0.750854969243704,0.00264291143696375,0.0438756824088443,0.310859817246685,0.372203787857009,0.688862442729139,0.651084799695838,24.8489870260002,33.987675412673,1.61449917036658,2.00325998143843,0.384162437220572,0.609459584539003,0.548252338545217,0.0581717849396057,39.4519122428714,2.07109623757464,6.47952696881688,0.839111654408069,0.0819833039164393,0.479152509283367,0.00892288651786701,0.0370176504838641,0.468188536054226,0.13565008102554,0.106176961614909,0.907907582265077,0.382518916252912,0.612422610691868,0.326254778473645,0.259352691056854,16.3901478154837,6.21416639851929,10.0321384227608,1.15399829149973,1.95024116344505,0.000592821642822781,0.0158374869062599,0.106873076502262,9.76843525090353,27.7777555554694,9.71055340773038,1.26941822109768,0.0776652134593113,0.663653413725996,0.284303073701996,0.0138642521740253,0.68481026477176,0.132230690347391,0.289126396942238,0.559212018005297,0.0950369696830533,0.163298016328337,0.106233615672939,0.0453315726817996,0.606449525440524,1.15690392461376,2.20350183070092,0.118568521454908,1.18049062425728,0.14878895311347,0.0967090963609781,0.21010617290479,16.213577892056,19.7481398774841,2.63439991107426,3.74154863982618,0.376862560857421,0.103604800966347,0.0492237464432885,0.123196283494301
19.5133324855174,15.4734986641278,2.07172021013568,3.56459741056963,2.41347310252933,0.262840553250918,0.365385762178426,0.0497862934769076,0.268800674048876,0.355064993872146,0.00291518678716307,0.135717589135442,0.104345719243024,0.427017531566047,0.489532195753108,0.75724782069512,24.6732109732347,24.0072915814501,5.46010424202817,1.31212427309924,0.141286956177238,0.350620437159818,0.603628570992164,0.0780157849278418,42.2993147076325,3.21893344342903,3.51293936173759,3.14582451021331,0.102833437534396,0.439655002128627,0.0147298428555265,0.0884008649542515,0.314032607360872,0.107438076731227,0.387063643003657,0.823604748396167,0.19516543856434,0.566741929319915,0.498719962540276,0.239099809161505,11.697319943223,6.49772208108826,15.7455657914635,1.05619941107435,0.424139017140811,0.000995270545933405,0.0169824973854153,0.0510655694429035,8.3766706416578,38.1424565351417,8.81084456794814,2.16168141148236,0.0516079528467775,0.289141004682704,0.412905664551148,0.025867130639333,1.01214007750271,0.540892552550876,0.344427195452127,0.262732092507976,0.192308746262924,0.284450342977874,0.0861183433035313,0.0418752411299992,0.529355147218585,1.46263095980641,1.64905573436414,0.10809273437473,1.44369142216009,0.0609438928749512,0.109264515036309,0.048948418685167,21.4221623360603,13.3304721499592,3.60879372707779,2.3744478976984,0.234098980474226,0.134985084374269,0.0309166995721694,0.0860983226281464
19.1765861093243,23.4208068312476,2.62515814353844,2.0020951133023,1.44074488740301,0.301448091191968,0.09022624948518,0.115305215073271,0.242013431725113,0.378146664178361,0.00297434201947281,0.533441989760532,0.362460789643816,0.121813024458579,0.627162490239726,0.758649251268266,26.8032158635894,46.938575437055,4.79928531591325,4.26751696577629,0.288273356172842,0.556509934998462,0.308232199408557,0.0865462296904325,37.1495906570584,2.45420754665534,5.34220163226795,1.75447806436177,0.0649803965687857,0.685197727800769,0.015526172469757,0.0118334401666465,0.505166886533953,0.0807731260647172,0.244771766100178,0.535816548289165,0.621467996878729,0.872898653489086,0.48528769011649,0.274826053666335,14.5751823017268,11.4400177181529,12.2987046103888,2.03934241565965,0.328882122317532,0.00263773028959895,0.0223513037003708,0.0646224160334699,16.6288694681975,26.5473186288675,5.86105662339094,1.99505694627826,0.0956448225533402,0.441207545704308,0.397589738614317,0.0248380294588884,0.735710130514913,0.245416644571001,0.690118183900004,0.221387369034449,0.264342603361381,0.259559316516929,0.126756219013903,0.0564791996957647,0.204857453796764,2.52790437226064,0.935586557917511,0.120416755058974,0.313140493239645,0.152793598690399,0.129134903120284,0.119829979541128,7.43115717232133,24.2982910822045,3.01437740287593,2.53898169185079,0.219222955932088,0.0741456423707585,0.0699462219662677,0.117507501433586
15.9778978883318,13.9888150025703,2.37743077115295,3.43300684852491,2.23990553460035,0.402072570011408,0.430532886229799,0.193707772180928,0.253843244589121,0.235107174320699,0.00437609722745679,0.679540548934689,0.229683309002053,0.195114375714921,0.61835513127317,0.824043222455481,29.5109369563403,42.1774678203356,2.30476745394063,2.76546680596032,0.538967414354664,0.620461399506289,0.27642679656877,0.0578445676540142,25.4058448700472,1.1218663083187,9.11084937040039,2.60282383777449,0.122385688630638,0.127549609075012,0.00827695861404795,0.0395137437650168,0.814249422902133,0.0917366615137578,0.0956414605883685,0.340902787652876,0.464920807166145,0.679241941421592,0.247604512457353,0.224722353754077,11.9853859632044,4.76993556815804,12.2244508103482,0.976110977438484,0.693063168374888,0.00120263125275766,0.0283784882610898,0.107167250113196,19.1878081474544,30.3166451539179,6.13283530969383,2.07842570412548,0.0631017950608691,0.411376787773312,0.328693256014169,0.0217564460879064,0.326214812284204,0.693705526589163,0.337295153967943,0.264149194186538,0.358929542499596,0.257979173732253,0.121529877274887,0.0112999065076142,0.349141407083364,0.353556812742989,1.67523916797645,0.075127096729493,0.76176984167121,0.274791123110024,0.0759462044167085,0.0276465145251097,8.86991909863598,18.982765245504,4.16246357555167,1.4295102376289,0.14447445056588,0.142243598776545,0.045745926198186,0.0927920675472248
16.9586094786563,16.6958258900261,2.04399999591612,4.46705880983272,0.739581015241515,0.348982758228552,0.271229505048913,0.135780056969721,0.200107415639601,0.685323025045079,0.00527577939511398,0.588615079449922,0.293527023983534,0.403977644665741,0.582948357896334,0.71119529122371,30.0244464670425,25.8664845360794,2.33898647943991,3.80060019225732,0.393079566369014,0.246545862653619,0.452808069384369,0.0539412203521619,38.4713966464098,3.9758551611148,6.83760101961549,1.52872489117777,0.116295143207707,0.599803467953689,0.00403950013995398,0.0563299553863437,0.483619214854096,0.110720433055294,0.328697966934175,0.471729977654308,0.496634179612352,0.556568257945036,0.268833187356027,0.222011492201165,0.105863994514362,6.321485028533,13.3786347524618,1.31217383123093,0.736865871762518,0.000615747975725973,0.0109039869517081,0.0760873926888961,7.88675293951665,38.5376021901008,11.8801458840985,1.1292803908902,0.0485581847485315,0.442031663920444,0.254495391385907,0.0203599760015985,0.694328603650747,0.228549365265572,0.500114131547954,0.239470794613974,0.281761126385059,0.189664788793896,0.177944085770921,0.0702299707324447,0.590860894754658,1.17409606079328,1.09575829457,0.108426619892703,0.453020810318706,0.277815786126805,0.207435139967741,0.0820083961751595,8.98556652410588,27.7044383604969,2.50519398602771,2.07065315720078,0.22898436006361,0.0787162980463839,0.0203569227001216,0.100616815368286
14.007414857829,19.5452974306901,3.22727864877953,2.37044896183786,0.721078134737113,0.474780038708295,0.15250701435322,0.144836937412066,0.149536396540452,0.484370845772036,0.00540610966066398,0.168277312818276,0.131247739126451,0.389014084587899,0.368506278453929,0.674150541668848,4.49832456724054,53.978965750653,3.34104750331424,2.66211145241232,0.298271990471866,0.688167245089062,0.290376819967545,0.0783380674550315,29.8278906135568,1.49347699457417,6.00927250786288,1.73431490425995,0.177750720899676,0.314902305535517,0.0131279592776915,0.018858812112775,0.496121089032032,0.0665467278687654,0.288954329181298,0.810407639516456,0.535020857217051,0.523740313733841,0.587745545819273,0.227989645079363,13.6243246361805,5.24199381784899,8.85299955816394,1.8478757455014,1.10504622924568,0.000687610641004123,0.0175323483388024,0.134647836489851,15.1122040767569,44.4078829847594,11.8424850079489,2.21033138188116,0.0618331090614032,0.334136451477355,0.299546367427304,0.0132164135533107,0.987836941641225,0.200829352384129,0.735196792245092,0.579298163767442,0.203632793775068,0.23848836334329,0.111079547589916,0.0556224779472284,0.365001203916967,1.29249664017443,1.69473315373718,0.156609783040582,1.23965434534488,0.205452371957218,0.297548714232046,0.120715394860723,20.9722040032072,6.98105707024677,5.26717487804137,2.63190656435437,0.262910752887641,0.0456075761648208,0.0136981587902588,0.0527857991782692
17.7396743852303,12.3284789917825,3.1312445717261,3.16358655871146,2.00987584499217,0.270919234295864,0.169472230639584,0.0478910771416935,0.273445012710293,0.624141932959478,0.00511335241910194,0.363477341749567,0.186795962105954,0.447174948123249,0.66592379468196,0.794726645663468,11.9643413465501,41.8426388790537,3.09760099540576,0.75667418394893,0.31556952149675,0.543140414823188,0.495870077289468,0.106789018604846,47.4807141774331,1.5430908979326,11.0245781359757,0.272089018250144,0.27206236176688,0.497163185454682,0.0163471822623862,0.0493025938959422,0.599673862188156,0.104072520889383,0.267735014686292,0.589877564166398,0.421857096596714,0.563235519834469,0.332283838628195,0.208093411661665,9.58917205704701,10.2790970505627,7.42474496189041,1.84219233957402,1.11424336208541,0.00158791784221641,0.0196058209962736,0.0724616773959005,18.050795827199,35.4659957664623,6.99079714907204,1.21770435828648,0.0942659325415259,0.401574272757566,0.3339114345294,0.0317412413994278,0.941945757150483,0.264206031982169,0.696230115403567,0.177288890111938,0.284562310858715,0.1227824094238,0.135362621257502,0.0508846716567348,0.257240095750224,0.745435435661101,1.09899427517994,0.130829772661474,0.822192010099852,0.0795034440416842,0.0783364414771005,0.16379945716179,14.7798776050408,21.3386723604806,4.56430482337948,2.32777864412149,0.123307068819185,0.185928629659638,0.0352634130728812,0.0811802460983971
19.1765861093243,23.4208068312476,2.62515814353844,2.0020951133023,1.44074488740301,0.301448091191968,0.09022624948518,0.115305215073271,0.242013431725113,0.378146664178361,0.00297434201947281,0.533441989760532,0.362460789643816,0.121813024458579,0.627162490239726,0.758649251268266,26.8032158635894,46.938575437055,4.79928531591325,4.26751696577629,0.288273356172842,0.556509934998462,0.308232199408557,0.0865462296904325,37.1495906570584,2.45420754665534,5.34220163226795,1.75447806436177,0.0649803965687857,0.685197727800769,0.015526172469757,0.0118334401666465,0.505166886533953,0.0807731260647172,0.244771766100178,0.535816548289165,0.621467996878729,0.872898653489086,0.48528769011649,0.274826053666335,14.5751823017268,11.4400177181529,12.2987046103888,2.03934241565965,0.328882122317532,0.00263773028959895,0.0223513037003708,0.0646224160334699,16.6288694681975,26.5473186288675,5.86105662339094,1.99505694627826,0.0956448225533402,0.441207545704308,0.397589738614317,0.0248380294588884,0.735710130514913,0.245416644571001,0.690118183900004,0.221387369034449,0.264342603361381,0.259559316516929,0.126756219013903,0.0564791996957647,0.204857453796764,2.52790437226064,0.935586557917511,0.120416755058974,0.313140493239645,0.152793598690399,0.129134903120284,0.119829979541128,7.43115717232133,24.2982910822045,3.01437740287593,2.53898169185079,0.219222955932088,0.0741456423707585,0.0699462219662677,0.117507501433586
26.1141217604342,17.7809545008669,3.55408874014531,5.55717752862598,1.40320731185579,0.349870213557225,0.184968253084831,0.170366918730007,0.162651766661048,0.346913649139172,0.00581885284714314,0.433059355839933,0.424464071044067,0.436442591755729,0.593255961248859,0.82204628273431,20.2132144154428,26.5718691655049,5.10494760740399,3.46951521801634,0.363963418121667,0.437316093397606,0.710672724145567,0.110027070704839,35.6355542358005,2.29661453895796,4.89466297620515,2.49118768558336,0.124145204969081,0.188105398903706,0.0204333299492705,0.0450578909440449,0.61162347295557,0.135391173381838,0.114102918341928,0.710573423189144,0.188432302288333,0.354140412011441,0.255930047519509,0.128464116553257,7.49826651874274,5.44388154692206,7.7936276215693,0.476507969234476,1.11985572122177,0.000955830942198746,0.00292977850425534,0.0679543235815444,12.9735448431342,38.0078044513953,3.4381115167709,3.00801062961212,0.0757232080998661,0.348601475817482,0.338219852338245,0.017501914624901,0.248253180033766,0.0237742939537699,0.196272929727895,0.248858506078561,0.104351109690005,0.243004016389788,0.0174748075201157,0.0421541158972867,0.407549703406716,1.24304979613997,1.68210644337112,0.061289164502434,0.909997995169729,0.0740115726627594,0.147639661684381,0.126441024763728,18.266612247425,8.04255561867853,4.49772912884515,3.11351357885318,0.343397125945676,0.179420559138005,0.0468689099064243,0.0413388278675472
12.9923939041764,16.9836791588401,2.32889942038575,2.91034344876065,1.04669165642528,0.235580933091177,0.467974119838539,0.160054736193005,0.0963947585167803,0.203182639438318,0.0064494823795468,0.577112819541692,0.260993073902853,0.645176840179886,0.675319237452772,0.56290177794355,14.508693767463,43.2195706768467,6.35717960206251,1.32671464984075,0.327410424935628,0.616388707711024,0.371994670801116,0.0758837628077429,34.5608931592958,2.24721045078933,3.60493873926397,1.81699379846972,0.071426886670212,0.411985324299121,0.00606431322870637,0.0719855727828872,0.77516637497752,0.189396656069584,0.21198634489356,0.0380041632176136,0.462941311186573,0.388440624767908,0.418682432024943,0.383539849341934,13.1640075051416,7.52216586784009,9.52164041029729,1.36906822424417,1.1954163055331,0.000346225273832641,0.0202369566616813,0.0752915605177532,9.54900940625121,38.4995885817769,6.39338809662915,1.57831937511795,0.0646535348362277,0.693541050903563,0.268059114709712,0.0269262863069062,0.747863662600644,0.258048650022492,0.263479919682904,0.298828165657602,0.302474275755191,0.327021139705113,0.117943638953334,0.0669506417864518,0.754632170847155,2.22679953191219,2.28480882632956,0.114166583613621,1.06790875960697,0.165067708757204,0.114018100628342,0.10462292190072,16.5238260895322,24.3159531259136,6.23304694048842,2.86693275181154,0.390155842611676,0.16920887946479,0.0444453571130935,0.129140676084325
9.23140946880332,24.9332192132971,2.95102925640158,2.24532162292253,2.11970424483296,0.387424021569273,0.363425848256519,0.10596235137037,0.283297048849906,0.202800452338228,0.00266183730335712,0.278354073802507,0.245153549416394,0.505936681942713,0.667523888347055,0.73564389682113,28.1749132006749,32.1190455549897,1.20973731896836,0.937342687318634,0.300629021872388,0.284358803828974,0.339611123215173,0.111451682374439,35.3765206202749,1.2951679192962,4.73474111700004,2.60543986847261,0.111714899120768,0.732596075395868,0.0139159333807224,0.0835983159417746,0.644483449824219,0.090916440052169,0.0669027249795346,0.741517084313913,0.457415255759125,0.415071263908623,0.421893118231656,0.27635565903064,19.8198434983778,7.28025176560055,16.6980510615579,1.1150925522881,0.407071523834329,0.00221571831408087,0.0188616260833274,0.130877971027993,25.7652970335206,25.7471281319101,4.09680202786881,1.79909893145212,0.0927433705660508,0.0587320557259586,0.338063017337135,0.0185785753158604,0.661001122483141,0.136807215161153,0.472866716655825,0.163323449146,0.29990725115178,0.428538837726018,0.0229608337691725,0.0736674185913179,0.445903872068214,1.83210076044479,1.69131131548254,0.113103224991833,0.858516028437521,0.0886688419513435,0.1391688946133,0.107155594652264,7.80218617362118,30.3141668319084,4.62156824333226,1.61704679708477,0.0363181518579433,0.105863694725263,0.068674932850538,0.0755681022849793
14.3722973437733,9.38156867611437,2.11711994876193,5.54403856060031,0.958708500123912,0.299962828152692,0.150924639829172,0.0492893257838829,0.3082362699946,0.239513149229073,0.00403498508723652,0.568188110058695,0.210511041720936,0.1982666122188,0.722718605908168,0.683032903815687,21.8108751650066,51.1691350621415,2.5495734257752,2.43809125082549,0.299783719971373,0.0684626742925085,0.530716410546452,0.0708835070482774,16.5607061884896,1.68856554258786,3.1365477800517,0.629008562787268,0.0072853927943074,0.532032749388403,0.0189046352495425,0.0919375754957078,0.400709471565238,0.0483909755304165,0.30904427694737,0.329958505014981,0.55367913415165,0.830625532276238,0.25315350126192,0.350604796762512,22.1528708660705,4.81904839623376,9.37220288975494,1.44516786326593,1.33035100032826,0.00176452923970931,0.0116084978897076,0.104672649149172,17.2985536399552,42.3070400283276,9.21411219968114,1.12397619273421,0.0728293490753236,0.544031723593367,0.392434007951318,0.0114976178857368,0.95216693488043,0.555920662795987,0.416638774029926,0.404876394380102,0.103092840569687,0.360569145960601,0.0104681501147635,0.0455630440688173,0.532934099510597,1.67452152503081,1.06792943195777,0.0716403476867558,0.948140966069121,0.231327196970325,0.0891582898740686,0.102398341052732,19.7812640718489,17.9506874077318,3.61398296560565,1.25668734994547,0.352322423585052,0.0559878725083645,0.0504833446284868,0.128162118374732
9.47277586975649,14.662225076509,2.83957205353162,3.34496892557082,1.30120814379318,0.415078885158321,0.179397431188967,0.106494148007095,0.199185167827241,0.0866905654552195,0.00544742451977145,0.349439948470751,0.36545802043887,0.313526855394897,0.781888113288354,0.678696265940257,16.3605877922172,21.3992424206818,3.41122742288626,2.68709822717454,0.197752680134588,0.383684202708985,0.781482441525494,0.04228868353527,40.8520191718477,1.90065406155774,8.72743329241089,1.49683289579153,0.228048371905355,0.421045330285444,0.0176604319116912,0.0708350660603575,0.375251464776993,0.123197417856416,0.3228113933594,0.711820204831125,0.437887335935775,0.510235619896259,0.183976094691701,0.355555982382478,20.8612763200768,7.00784809661048,10.9669037324516,1.85027082976251,1.13002894657912,0.00204341800650031,0.0136442957307943,0.0538869439292946,6.73552047415139,29.4968513398266,6.08445982188041,2.4861472727352,0.0627876036013682,0.0480231708885246,0.352710423791466,0.0192155582404578,0.796537365979186,0.187064832394485,0.464019652028588,0.441860636616458,0.123901377475218,0.375975302673532,0.145700933965755,0.045709658035925,0.401020953426802,2.38957420522829,0.958968437296884,0.0801088597627934,0.7407090007934,0.181365300773678,0.116767071287423,0.191243558022681,12.9836356003714,20.0662271013747,5.10691375450126,1.42719345598823,0.224588012741125,0.155579390501415,0.0249412795345882,0.11785526790405
6.85605134483196,7.20435803678564,1.00384074580957,2.51930267901684,2.0685099835483,0.23351213648372,0.257752300957326,0.193089252755043,0.122429643429124,0.217516091524971,0.0040122158196995,0.340680603765388,0.103438656015383,0.436169479288065,0.449384574223293,0.575199265767388,17.9495556479287,47.8602981678362,4.04803418956056,3.26438296910421,0.065759177610517,0.367792904386939,0.277477713307523,0.0743965099663582,37.0620549431946,2.95338864027333,5.44190040602686,1.83444535984301,0.0953211415981344,0.35401313144203,0.0104395168878482,0.0855307564007231,0.404516844802069,0.163442150682395,0.1740267813111,0.77290436272014,0.523968282270702,0.316349808068925,0.585391320990503,0.529991230320155,20.3182861123561,5.84032274689191,13.4643147486548,0.703422849039495,1.74121399296113,0.000250839875562583,0.0189154462920133,0.126217031087267,11.2989931614018,47.1259979751452,5.57802089739119,2.09202183523754,0.100972347704729,0.499627223675673,0.384398542603593,0.00447251894846867,0.710569522145029,0.0488693497635968,0.41091750957802,0.367464551405446,0.241969816727242,0.359695807743742,0.0943039362089192,0.0230357579511129,0.629443777684051,2.81106176923908,1.28198073146071,0.142341449072289,1.12925473087824,0.182207625872318,0.156132975063738,0.183012658873501,1.79024072107488,12.5450590636664,1.79851215624513,2.69139980552449,0.267222974314581,0.170902529182326,0.0385169704830654,0.176342362614321
20.0522785651236,19.0439272230286,3.50535632608181,1.85930045136826,1.80671188939764,0.250772678096078,0.217165134995965,0.0729113726794817,0.126542186529267,0.858158645137764,0.00239993986083057,0.426423366841416,0.227586490079677,0.32435070191278,0.516426720822267,0.702603554033544,26.0798024288438,31.0456017377761,4.34785209041381,1.65732117937335,0.278053357546345,0.211492804571614,0.811710485445409,0.0908916032939215,16.9933779749406,1.35375970596018,4.55170057115345,2.12971297325222,0.168850437526544,0.545606683573109,0.0130743355453332,0.0817480973745466,0.770180006615772,0.171251782476845,0.19371205688734,0.656917859882405,0.139327721053057,0.679197120717335,0.551170082949059,0.205174264296292,13.4423644387106,6.99512053407225,7.36813048576745,2.27819878473172,0.355089222796635,0.00235075329635017,0.0130791953841342,0.0925589434875757,8.70666445061128,38.9510628343411,8.00186336001706,2.05998073873762,0.104113412092011,0.30338339697193,0.571777462979195,0.0209504673213594,0.222964069052529,0.467563198082374,0.43924764259826,0.420497089236967,0.154465207083843,0.240041866666098,0.110886090354269,0.0604936895149807,0.307406258982623,1.35488654950843,1.03255615861789,0.0662818229335642,1.2591781388505,0.147202543547605,0.00170116296805047,0.106904891234553,15.6942764115423,6.8348966280126,2.74256583366186,2.36236881912348,0.306007335622279,0.095455874170314,0.0411459818068918,0.103194593959884
5.57524816714335,5.37420317274002,2.21674858059099,3.83081377659041,1.6386447431861,0.302078618669991,0.327695391828756,0.0480569730456402,0.0491959783306661,0.274224057189775,0.000553230181726468,0.113002979441718,0.190287123054744,0.163300541804616,0.616201214748739,0.709821780507875,25.6796799021395,43.3779646188387,5.09950176277134,3.51017084827584,0.306312723407609,0.298181764532444,0.381019006193833,0.0962660216409546,26.6856389468783,0.981157175109481,4.80067696594525,2.02590526581015,0.0794196283824085,0.545759847396929,0.0056216104673677,0.0597646828334971,0.651679536687764,0.158461027631624,0.264764949402036,0.963442840748107,0.525687269021438,0.698126045203499,0.553399123532913,0.236517501516242,10.7259088429442,9.87415777104864,9.69782603992508,0.296352565810729,1.50979377145753,0.0024734181152085,0.0235526700817336,0.110124314059656,16.8440065552683,61.3734012260018,10.2167688540552,1.06224882823159,0.092093041730142,0.257937323569472,0.460323248563033,0.0293816884081477,0.552407716306919,0.292106451469471,0.389424517806897,0.381938180688302,0.374730688071272,0.570451982492022,0.0560643658918686,0.0265091560605533,0.0968688029784247,1.24652124418924,1.63265672091291,0.112101333697577,0.819815107440468,0.132130561513397,0.00942032880273604,0.14057492852451,13.3592647170382,8.19452564456758,3.37715409056112,2.91226679403111,0.290318742351056,0.200620544850114,0.072437247081698,0.140190367427184
11.7381736173861,18.8555421187682,4.52803932445178,3.89331839492238,0.596960861461168,0.480542612723769,0.108020630314382,0.0428386716252176,0.12989403768284,0.327369472790151,0.00552648864256916,0.520806771323405,0.236704255443674,0.465356749850977,0.451745558502498,0.705848397561211,28.4233514089245,19.1574545563517,2.76358248016515,2.81759276919751,0.232719634189147,0.605945709051785,0.370589847097475,0.10971269198166,27.1754534263448,1.1867000086655,8.46090864765928,0.545713668645283,0.174841464999774,0.622124438022845,0.0116603708446301,0.0767178912155069,0.538234231236815,0.130363416373407,0.466944238795488,0.666383843872357,0.232075953276769,0.421664290909161,0.5138085645789,0.296248102173643,9.50134828726805,8.88083792631592,9.90741623879029,1.63972357982915,0.859502203468149,0.00157946272071772,0.0136491967189182,0.0873202145151063,10.9505516435278,37.4558757057409,8.31778344524371,0.891983014489824,0.0429376492190536,0.366022910736188,0.261995879872185,0.0392087600107731,0.466104094803114,0.3905346130698,0.620524047856366,0.0931200118673322,0.343584846052803,0.347919922192422,0.162643471777301,0.017228683894134,0.358716426399345,1.3732339540147,0.755940737944115,0.192549615069211,1.09171225723874,0.0819313965347225,0.186667046303285,0.109982342458405,11.9382995270154,16.2036374238016,6.28885576909394,3.45913924562701,0.447134506508356,0.0632076319034853,0.0393308534348142,0.0692222506680515
9.85067571234918,27.3370263552234,2.83540035727463,3.31578361560933,0.692163900883129,0.307732876357239,0.203426972289693,0.0648529629500573,0.179522765783257,0.184400413310413,0.00566115403174874,0.595994269862596,0.1521804550792,0.328420019278124,0.635080888808917,0.470080964170224,28.4524045944712,40.2352874984658,7.03530095784453,1.70874561910841,0.0604001286462763,0.464537610488416,0.102255473812468,0.102128643070508,29.4893561588688,2.48347966900254,3.46361838621682,1.82198230922025,0.0920809293567692,0.523488125691216,0.0148638851864176,0.0729667622088979,0.435388836824816,0.120745139867371,0.276312788525139,0.629879147759267,0.666408730568612,0.701519376944506,0.508789322335062,0.423458714556437,15.5691331738118,5.88630549528821,10.3144406721324,1.44806646942994,0.7289056199944,0.00267802931961871,0.00948153852548724,0.0895435842223732,11.9330353149414,21.7464227143706,15.3276804247414,0.885243298370738,0.0518189896286136,0.213687903805417,0.111876228316984,0.0087826301391748,0.645785859338951,0.346259766894574,0.451084041210766,0.138356966272637,0.167612769995377,0.438846976258987,0.10473934105879,0.0340821059048332,0.401727751197813,1.95557099149711,1.72091611790863,0.0950026094789745,0.894597881037169,0.111450368073359,0.140911895356035,0.160893158165122,14.2142495316883,18.6008220721037,1.02361542596802,2.74719831347442,0.368758644993649,0.176710901265016,0.0302753646153576,0.0413547984344749
17.101032569799,15.3008487072548,2.5986283100928,2.74242237806701,0.884612715472819,0.182064441747597,0.149920364175018,0.113653244866845,0.118766270325071,0.27823865407447,0.00560084525638455,0.0537939063325797,0.106624622723891,0.247180354592909,0.707725787161702,0.661039032088755,26.5309915882473,31.6224937834015,5.30355668672693,2.93347378452937,0.403294177035707,0.342446186476583,0.449540234168108,0.0505334528371238,35.056910111151,3.25825197003354,10.5666647160045,2.05442334678661,0.095779198038552,0.428469913241142,0.00925122150846522,0.0555788432853872,0.248222741994665,0.232741560656777,0.316901903190411,0.944671152891099,0.515028493296905,0.499680076439769,0.298709985405711,0.432469066745131,8.50725270354506,10.555853702791,13.4572908086155,1.02753196033993,1.18461727032879,0.00159481531229975,0.0210144552390828,0.00694024312120725,15.6209535140038,36.0916424536094,6.50184147235745,1.19361992737793,0.0806952044400424,0.302279327247852,0.159079318447215,0.0218500158550705,0.798718793420784,0.175589695992443,0.469405454548317,0.263305429331062,0.21948328501135,0.55011278883656,0.130466130268877,0.0662370243726807,0.439115260016482,2.0301701664063,1.1483167212322,0.10639163187043,1.01412628946525,0.241778228240189,0.0967519097540252,0.202343153797068,22.0265301514736,32.1496080114154,4.42734243060764,1.29521856557376,0.216608176389609,0.165869167632836,0.0587224007703381,0.0636860007061052
14.3573673154444,25.0133097808301,3.23963017091254,3.63143468681727,1.59284887110896,0.21864018298596,0.296296592176744,0.108001666103812,0.162299748027707,0.498894626732324,0.00272704919773365,0.506493187183927,0.143921810080898,0.613255655824477,0.584847436124407,0.578905005586209,13.8717116810617,29.5890368828176,0.302244651473101,4.17312786607148,0.0940060214372425,0.161380992225975,0.572443101966056,0.0652064518354931,25.9368087535578,2.51702107512602,2.09507439291636,1.40426681580933,0.0938334523335012,0.411322684727291,0.0116394725328553,0.0140908395038205,0.593221274881421,0.105449532281401,0.180215546407588,0.620525776726729,0.467331810210386,0.323667265350348,0.367725608635489,0.390042491326802,18.2964968463931,9.77981500903681,10.7048927517029,0.510377276708439,0.841274083085142,0.00193565150297117,0.0209297840669266,0.0435609907407768,17.6705784992574,34.0106545711546,5.20919863258725,0.898563310604086,0.0464649181480097,0.429769705641818,0.271904822015739,0.013005429829565,0.788468032521895,0.307187674253213,0.40182133407999,0.000725498447100459,0.292006675465487,0.218298606091437,0.0670035914964133,0.0369303591373153,0.611128840931137,1.16731090766953,1.94415711040031,0.112542723312419,0.964765245650245,0.142159856010489,0.106173227454957,0.135586834173791,12.2321953655008,30.3090604961256,6.56049287216892,0.95082705135008,0.431749652178738,0.193457626060049,0.0479979199108023,0.0996471062145632
2.98527016830679,30.0762235996008,3.22004639725471,2.44580164963359,1.08856284112272,0.264101990720392,0.115020417758846,0.0561515319607356,0.382532055362962,0.833238622101644,0.00450873559958228,0.674067570630544,0.243230008465446,0.432466643043529,0.643605971618302,0.594838550053198,14.2784771014371,15.5781562450629,3.75235411640265,1.55333730983773,0.252042781257192,0.230135063791654,0.460514538175271,0.0495497470797873,28.1447083227862,3.70017427238658,5.37551338585449,2.81833345833841,0.162209489577288,0.407655714193426,0.0123736520225793,0.0785429284360885,0.501038057473239,0.122344802956901,0.128702422244166,0.314595948595625,0.457173486249239,0.446374103504797,0.208804976676064,0.494455599070355,16.2945099712296,6.55485355956199,11.5241267445622,1.6994275041687,0.7652607481662,0.00184403672809556,0.0299239913871936,0.0729939678245677,13.7275787686012,12.6567641266622,11.150940041227,2.14775731863153,0.0135419144804497,0.189980253942824,0.194700515361059,0.0207559979754674,0.198038126735271,0.202896682502243,0.527742940603821,0.315265038101927,0.24287037567086,0.281999459794818,0.0550978699036575,0.0445533667862806,1.08322816726211,2.29363599384401,1.66512152583576,0.126002648773354,0.706703670286911,0.167130664821729,0.217258350104945,0.189409906122214,21.7703925040994,23.9963722135611,4.60314414061074,2.20813422461747,0.364757106942652,0.0984182613579741,0.0670356001375475,0.13343615678822
9.46164468220193,9.80496012537768,2.41506321072411,5.25999244515429,1.45834027622283,0.531917822590424,0.383309247436836,0.122642731329721,0.23765297137546,0.75926286112926,0.00225806762781599,0.401140483638576,0.15318388628587,0.390275667282259,0.720011950142278,0.657529366564126,17.4808994374038,24.3860745351099,4.86532140470403,3.35128052010876,0.12923064848293,0.472083311526488,0.853600401363459,0.00507390791041328,22.7795832423695,2.8175147317547,7.47038681027698,0.967377877968442,0.0896587268418774,0.613193329037941,0.015329066479807,0.0672185443033862,0.341132572630705,0.103498431442296,0.429443176893888,0.477098384428997,0.68860568040705,0.7919193657523,0.275679541804355,0.254839021858473,15.4387080848353,5.47828900067621,10.6231201131896,0.879124152250361,0.755312569044702,0.00129918068853447,0.0307071512166019,0.0933086507612789,17.4552924140004,34.5486941210626,10.1441470717698,1.15747387192102,0.0740698791537788,0.47993276110648,0.16336858440695,0.0327432838244157,0.883673350978814,0.28952938560407,0.775546508662676,0.520181170620651,0.188562575423759,0.0275049052122817,0.089374637107349,0.0470109393579619,0.678387695080994,1.56836985999981,1.47221202245644,0.102149315455444,0.677010278204198,0.075052204987959,0.0649266378079127,0.156921115882158,20.4683650400222,36.4838708359967,4.1665036102638,2.94216875680278,0.437126459920486,0.140389040019739,0.0248379867136792,0.0996817475961763
18.6223458330375,24.6175155448228,2.898817934625,3.7137719910187,2.09101776908976,0.0960934483148699,0.170830005610634,0.0461504134186675,0.15142956817855,0.482761236516518,0.00417950318504676,0.269580298158864,0.24166444133918,0.14176482251601,0.562121854961805,0.674212091363259,25.6031908357334,38.4615703853851,6.23510692450987,3.65534463738237,0.261947485985609,0.290817394060308,0.422622665413809,0.027145079147649,19.8606319048078,1.21649795342796,3.6842522751013,0.753307481305665,0.00128181049654985,0.593800396247329,0.00274621251780583,0.0255975163638068,0.519001308178801,0.100664853109211,0.388874203536963,0.534310250195066,0.358810058956151,0.904913793255593,0.414128914828103,0.396969825902164,6.62151375956349,7.15362403639934,9.13200787969,0.941290506462752,1.52343450691215,0.00086866817928064,0.0189820822195701,0.0789046854542269,19.3533059720337,30.9834625707563,13.0301450075443,1.27860578583193,0.00417767738001033,0.412198230490483,0.151047412063338,0.0011602779943695,1.14283510958935,0.408329262174011,0.394033473418433,0.325084127997273,0.251996504842785,0.335632265443696,0.101385821418944,0.048256142721341,0.604888579028995,1.09917624573745,1.52423080794658,0.248011069395797,1.24895123057209,0.115149315509599,0.127107117805767,0.11337251520642,12.9466734003793,16.3000732412125,3.72295801345091,0.851948685406724,0.453876073825154,0.0515501102479534,0.0200051610484174,0.155164934405507
26.1141217604342,17.7809545008669,3.55408874014531,5.55717752862598,1.40320731185579,0.349870213557225,0.184968253084831,0.170366918730007,0.162651766661048,0.346913649139172,0.00581885284714314,0.433059355839933,0.424464071044067,0.436442591755729,0.593255961248859,0.82204628273431,20.2132144154428,26.5718691655049,5.10494760740399,3.46951521801634,0.363963418121667,0.437316093397606,0.710672724145567,0.110027070704839,35.6355542358005,2.29661453895796,4.89466297620515,2.49118768558336,0.124145204969081,0.188105398903706,0.0204333299492705,0.0450578909440449,0.61162347295557,0.135391173381838,0.114102918341928,0.710573423189144,0.188432302288333,0.354140412011441,0.255930047519509,0.128464116553257,7.49826651874274,5.44388154692206,7.7936276215693,0.476507969234476,1.11985572122177,0.000955830942198746,0.00292977850425534,0.0679543235815444,12.9735448431342,38.0078044513953,3.4381115167709,3.00801062961212,0.0757232080998661,0.348601475817482,0.338219852338245,0.017501914624901,0.248253180033766,0.0237742939537699,0.196272929727895,0.248858506078561,0.104351109690005,0.243004016389788,0.0174748075201157,0.0421541158972867,0.407549703406716,1.24304979613997,1.68210644337112,0.061289164502434,0.909997995169729,0.0740115726627594,0.147639661684381,0.126441024763728,18.266612247425,8.04255561867853,4.49772912884515,3.11351357885318,0.343397125945676,0.179420559138005,0.0468689099064243,0.0413388278675472
17.4751449458806,17.3403350300217,2.42491604304583,2.97285622489144,1.7656614636439,0.460624566207037,0.441943575658788,0.120097018804626,0.285205995791537,0.454522428036844,0.00227104460542647,0.600021809105488,0.284355823626329,0.518126396228707,0.829090961115436,0.645307190820556,31.065335992142,62.3677512788934,2.51391091066291,3.36579398632075,0.0785220815373641,0.405278481331721,0.5501396708177,0.0871854576744592,58.4979561462934,4.16286009286881,5.44331972100667,0.829152012405903,0.16434866697604,0.634065443527891,0.0174198236567677,0.0853365063513186,0.615335805290456,0.13386685020045,0.0469996244360973,0.519639687257001,0.385435946069408,0.325636212485463,0.209225772213495,0.300659271480929,8.97948892240727,0.338954648717222,13.1041418014974,1.48359324905588,0.904711042693939,0.000869464138643238,0.0116341506557081,0.0706773169537293,17.5459879562675,38.219279435582,5.99225256640593,2.50186788786768,0.0278411294852464,0.511939553602484,0.235374504599438,0.0108276203773762,0.836312652740012,0.172781606650117,0.392231293566196,0.258656008989908,0.128810704994691,0.427802346268574,0.0464108358321136,0.0997774560096924,0.434651415893739,1.10195181687286,1.48406978907881,0.130363664350265,0.985816782605885,0.170970750360782,0.157936413501477,0.0344134350759414,11.7476994385342,13.1719173242494,2.75915309983383,1.67643238493751,0.23354337335908,0.203341111888875,0.029400640348269,0.136790428843365
9.90427801763808,19.9525327687386,2.02955582145682,4.23664885282019,2.05159434982826,0.313687393504048,0.332466735161279,0.116820954224083,0.184737196717422,0.389696324386308,0.00453631803927962,0.22161619417468,0.237558582764642,0.163190754813325,0.704636630983679,0.680668302464554,24.2458712921948,43.6925443590083,4.66498973123333,2.34823474582977,0.26716064757569,0.556932649719416,0.512414280647919,0.0813054525648346,27.1245912233819,3.21540494073836,3.10962613830086,1.45113874415473,0.107650576146076,0.557983703972983,0.0115348263129855,0.0587896403893643,0.58177731989648,0.0876727005171168,0.254302604899173,0.853256071012602,0.442520925185405,0.953535069363476,0.368923326731986,0.292326731318603,21.3577308986261,8.63104295519797,11.5364994435975,0.773747070603202,1.10859566059163,0.000951504598580073,0.0124414075949771,0.10090369745932,10.6506597970294,23.7702828161443,11.5288022407975,0.872859021447107,0.103282331207891,0.0248554633558901,0.194933385229937,0.0238356633521153,0.822179190781331,0.330133303634441,0.575328298029915,0.302546484460297,0.16574240391505,0.183155556969844,0.0944475411673672,0.0401616383669721,0.553909856012673,1.98842376437308,1.88635461933126,0.0878162145217037,0.881243621087607,0.210169338204562,0.194036627323817,0.043301784230485,19.0846509662046,21.0467704946689,2.34317688131387,3.28940741931244,0.126820141756476,0.186843277207959,0.0424677891358178,0.113029641760569
13.6954937074269,9.74928154310982,3.74506255870953,2.43965132555207,0.993241600308351,0.24139484855148,0.229840654831894,0.113959935453049,0.370597142223229,0.578386893320525,0.00517326244263375,0.515617084255335,0.223718001459743,0.396949734238575,0.71657662508359,0.580246817727311,15.4688810390547,41.2473340595777,3.23959532040855,1.54405081148548,0.300835601422816,0.556157789725144,0.505275154270524,0.0475506684198887,7.9007657029485,1.99517803006329,4.92982769213521,1.03513468918195,0.181284022250808,0.465181244665425,0.0189735502977878,0.000936491011627155,0.643992616470866,0.0363359435822753,0.0722482655499165,0.507641666198127,0.600051953824799,0.668251316831245,0.265155538615375,0.258454531277109,20.930911031976,11.16933511657,11.6877687141716,1.98066442984823,0.700153428090192,0.00128755566832209,0.0241452674964096,0.089048788504912,22.7001744036881,33.2624618484613,5.64634405935975,1.73948282734386,0.0855138474958509,0.280768907483149,0.326894286421777,0.0267836820728019,0.812781270065587,0.553670765007126,0.516114409894958,0.593371849940524,0.144572916412479,0.254999503250453,0.078002944019983,0.0221890455447272,0.38372181700938,1.71685087056087,1.44182444474541,0.184049634220898,0.76100815638925,0.137040323708427,0.066522538069998,0.171493200076193,24.1737231665097,22.3634584949179,5.68743117227197,2.31068821654409,0.449172981510277,0.141135833409165,0.0402678996958222,0.120780728451984
13.6593261210217,12.6154653499138,1.76833148191113,4.39966240801113,1.50765431337313,0.239188482240848,0.40503781695147,0.0829703949009365,0.200150753661098,0.195433324826053,0.0037715003497358,0.50004480844073,0.261317207738042,0.434331413488187,0.579582235780738,0.629135854231975,24.4863664405919,37.8617276499191,3.47912747441392,3.22180412244961,0.258102417677246,0.412333944265289,0.273499396654708,0.0606884566430398,34.6184238375175,2.74384085937079,9.50242394520917,0.545599748969915,0.0546613304426656,0.558388632696017,0.000537219518691153,0.0399060241862869,0.38891657827033,0.129911004632743,0.202275070683431,0.633070965366609,0.241567813079397,0.577167694791346,0.377022163296669,0.390494544549167,11.6060984406586,9.91971365802383,14.0478186850675,0.955680978019689,0.528362044929042,0.00104293600968209,0.0160187559496973,0.0837911429907186,13.6397996290504,35.4213003595373,6.30477788556098,1.82291490523752,0.092357820754085,0.410939444530685,0.388414784472594,0.0104578154215394,0.644878404215231,0.501791965618823,0.200527020854081,0.389490169138836,0.195113806686727,0.197444124385336,0.0860900686765981,0.044100296553469,0.325853729543824,1.69271652704807,1.8358190786842,0.198487804631247,1.13994450305254,0.127130847959028,0.165894052476205,0.138625589512608,13.6097142739062,25.0413436242868,2.60391885004876,1.33141447607053,0.328455814076379,0.0972973980507737,0.0496995018550757,0.0774431021154498
15.0665115190194,22.4790094282256,2.73746322905142,3.67353823312284,1.21821572014312,0.130387140348847,0.388687892425771,0.0501524449124283,0.321401527608399,0.672500651968612,0.0072029516693452,0.406777549667648,0.130788037074695,0.440733626954625,0.554071536100679,0.661699946190401,21.846745399388,20.9140353584906,5.23875630900101,2.26349647646977,0.188967834835477,0.461730429743944,0.302552482226446,0.0352445337940089,60.7013802403682,3.82827190235068,6.36901585722999,1.00369462486799,0.202986044615264,0.45198430508737,0.0104082666480405,0.0928252884243103,0.445589879154354,0.111667524432051,0.38446321965511,0.654223220974928,0.228429531500784,0.559060406837252,0.370458017853509,0.358153367380611,12.3554366444736,12.6643539180987,10.2106484160619,1.77062062961058,0.906834154763244,0.00109580110630514,0.0245050657716301,0.136921384350914,12.2337707246187,34.0101034864882,6.76285139131663,1.35424417248789,0.0996786987145484,0.456919414249935,0.316639942790637,0.0196141932165742,0.484634593133475,0.306060904136309,0.577335749370571,0.327151713283516,0.366362314955772,0.273999291109181,0.0861767225466463,0.0436858967103992,0.466125047169326,0.616300950274461,1.66486129207962,0.067004686081098,1.42746433715273,0.109236800143634,0.103712832020866,0.154207520341362,12.3399979393486,32.5652038156642,0.898607035584316,1.79713510781828,0.319013378262512,0.067999159363185,0.0277927659386555,0.0815166842468987
17.101032569799,15.3008487072548,2.5986283100928,2.74242237806701,0.884612715472819,0.182064441747597,0.149920364175018,0.113653244866845,0.118766270325071,0.27823865407447,0.00560084525638455,0.0537939063325797,0.106624622723891,0.247180354592909,0.707725787161702,0.661039032088755,26.5309915882473,31.6224937834015,5.30355668672693,2.93347378452937,0.403294177035707,0.342446186476583,0.449540234168108,0.0505334528371238,35.056910111151,3.25825197003354,10.5666647160045,2.05442334678661,0.095779198038552,0.428469913241142,0.00925122150846522,0.0555788432853872,0.248222741994665,0.232741560656777,0.316901903190411,0.944671152891099,0.515028493296905,0.499680076439769,0.298709985405711,0.432469066745131,8.50725270354506,10.555853702791,13.4572908086155,1.02753196033993,1.18461727032879,0.00159481531229975,0.0210144552390828,0.00694024312120725,15.6209535140038,36.0916424536094,6.50184147235745,1.19361992737793,0.0806952044400424,0.302279327247852,0.159079318447215,0.0218500158550705,0.798718793420784,0.175589695992443,0.469405454548317,0.263305429331062,0.21948328501135,0.55011278883656,0.130466130268877,0.0662370243726807,0.439115260016482,2.0301701664063,1.1483167212322,0.10639163187043,1.01412628946525,0.241778228240189,0.0967519097540252,0.202343153797068,22.0265301514736,32.1496080114154,4.42734243060764,1.29521856557376,0.216608176389609,0.165869167632836,0.0587224007703381,0.0636860007061052
13.4206223583803,26.2911408309773,2.06064745855231,2.91049098607814,0.615683241389686,0.358130586819805,0.3455877626749,0.169407759064144,0.236835465854648,0.345536507775378,0.00498311846578043,0.105437941114434,0.485879948182556,0.242112989688262,0.870755735199019,0.678484146248861,35.7653744102513,33.9905923207515,3.32203977635024,1.88357940492427,0.353988745824433,0.509950839088469,0.311600323607868,0.0043361320756934,10.4229754834761,1.7436058526745,4.28274709839949,1.49007639224539,0.142806321551351,0.266472668943988,0.0178318646188404,0.0320287298468583,0.533626337071449,0.0696444741716397,0.349690945835331,0.827537373904734,0.663933555696243,0.477164369470593,0.105035956660289,0.391943134790931,8.16699709146784,9.67761402712545,9.34611342265855,0.997832411986314,1.6181079592756,0.00258677499074834,0.0162719882487789,0.0606004607294909,16.0452659182514,25.6993784931359,12.0905039050381,0.973593887847314,0.0727607189262539,0.347341437498228,0.179579891944186,0.00936195887290921,1.10869954648207,0.30562999442371,0.491586789336956,0.406782737092256,0.180421592421072,0.499242953901641,0.113063927841629,0.0336302523655486,0.376045738110034,2.87449297080556,1.27858428834908,0.087891288567087,0.0275259548111527,0.179815463519881,0.103313959250551,0.0497773544937907,18.2380730845081,12.2874501903652,5.9840706786888,4.02428758436997,0.349202409003596,0.0563903109914296,0.0486678865769589,0.136647542720467
6.44067535566828,3.4215340529126,3.79056325184158,3.22709604892977,1.15990515709425,0.255851421851415,0.164889667105561,0.079364943342446,0.193340586869886,0.398618633451934,0.00321755014281436,0.257252926339552,0.296745951728676,0.401077090176136,0.622952952002279,0.692117347101304,22.7185108983993,36.4143391158415,3.88167568666222,3.29862626696047,0.405281799975386,0.372685272783097,0.450269433979218,0.0606712909214537,44.0309335149437,1.26310210818074,5.17577446117235,1.47858867210741,0.126800801817845,0.357061132182119,0.00907274793353869,0.0241211176731589,0.544557256363488,0.139318093623048,0.322397705280177,0.606918663506534,0.521773139359123,0.654633189405629,0.269525048865689,0.270102241976116,15.067272150581,6.3415285500766,10.0197217576879,0.949574355743026,1.42916900153536,0.00225235352590765,0.00682785227995501,0.0803756308570662,16.5667888784354,35.4625641520926,10.5197404858122,3.00393441308297,0.0727863082140407,0.26296751689839,0.29782456641963,0.0304942933923774,0.924886479108525,0.359589707850601,0.503734562141315,0.479412727373261,0.196890460660184,0.344249279871318,0.0973206009002277,0.0715073295653361,0.286404499739499,0.308242159772743,1.3540949055585,0.272156060797125,0.5636291399377,0.0288982930133892,0.21126346592627,0.116115989591886,16.2806338153032,1.93416015811484,4.47978842732051,1.71270837814272,0.167300394138474,0.220631224742687,0.0275404194936067,0.111053861611016
16.2372208095387,16.5338343581052,1.15877415884921,4.8044556722245,0.516021683775567,0.302389028396747,0.11746417172282,0.149555470279573,0.0701802697651782,0.299720604675805,0.00952833152566271,0.51823657031347,0.343063909939463,0.174710404677152,0.495081300553959,0.589760724915907,25.6371354309268,54.5492645228713,2.71989345944371,3.13617850133111,0.213563979941732,0.103048631491876,0.274888173567686,0.0987081093373308,10.3108467258356,3.71240732300443,6.82081933361468,2.76792006268857,0.165601140446954,0.764393724769821,0.0107560609252118,0.0660912498826276,0.646233278965489,0.106062320790003,0.285758983898109,0.473478716068796,0.484587826618202,0.574176459480557,0.594877792803007,0.451650365399162,16.3421213325957,4.63215861725218,9.95088124234601,1.46754779536762,0.842509180357541,0.00170716482413404,0.0183426730092312,0.102211294704429,15.2449249968924,37.030088349715,12.2633787549887,1.68390593085363,0.035125031218746,0.184464239198945,0.166933364014121,0.0166957486534333,0.471187933287268,0.334773187879805,0.400684854267105,0.316798295638392,0.204111955972958,0.616956118696229,0.0481956484286144,0.0573702028473862,0.410744001197437,0.763844050320091,1.36192380881665,0.081915935802221,0.846161850648068,0.328624301851517,0.196005811688838,0.0852462444689821,10.5149106824958,3.09340715286636,5.57107361710948,1.23814537432335,0.272842306604472,0.0721613792148902,0.0361402962525204,0.0208221768157494
17.5741190711944,3.82088171993196,0.957725229935868,3.20690253755858,2.00807956636365,0.389666959304105,0.0192193532913666,0.0988875599120516,0.232121167916445,0.296705297280813,0.00280807153611023,0.657156092644622,0.347823383720334,0.346930327259568,0.629943108090614,0.779886952824217,17.8752427634265,45.6482862542264,0.627274657258001,2.95827711601747,0.407878438051403,0.468416525850394,0.46298296333058,0.0507826169264844,38.0688269740813,1.42748042717713,5.82973854989503,2.4719773237525,0.134335342245482,0.458464406405398,0.00909889124596434,0.0819210093167678,0.364342923964,0.120476917243879,0.331777480262923,0.230914371385772,0.639395267623394,0.49636771682254,0.391877619278305,0.184298458646839,15.6594179284633,13.1660233282975,17.1120417727072,0.321643914698157,0.946852931958568,0.00127324987379289,0.00325405255700329,0.092824080264942,13.0492996714707,46.7552496685014,7.41692782692114,0.646936416684877,0.116721918212619,0.301848181341726,0.203076546193684,0.0180802388637174,0.482420640268458,0.291575785696058,0.579202790325566,0.311112232055414,0.237498786445844,0.37881458095661,0.0357851438859291,0.0126316166846966,0.414638632353807,1.46181685915323,1.21947733981685,0.136530616048229,0.15201951792279,0.212061307463374,0.14892721710229,0.0853308234780937,18.2938204859869,13.3927398255021,3.15844564963653,2.18868829710975,0.449737078674361,0.138498741427659,0.0219070076994436,0.162988478635872
5.87886273925148,22.2107097655882,1.99194051441928,3.36015081366796,2.23362801946726,0.28773038810767,0.218766326725021,0.110342113380074,0.24861791985718,0.201091524274619,0.00670158359792148,0.474011719044941,0.335263163160214,0.115366108550525,0.640138501887065,0.767701525472796,39.2991901480488,39.0062408445437,3.63804602738237,1.98284397957874,0.290413319228393,0.589489218169654,0.123737299131584,0.0380741155469457,34.9411102765617,0.410903419171293,7.0913882546093,2.00719047577756,0.254956649979294,0.255186149383278,0.0115409753779133,0.0861437592309486,0.229709312145005,0.0949205824589964,0.309386999632474,0.313043492369029,0.49136789911856,1.14741454553464,0.120274720869325,0.2135715222636,14.7704264395969,4.95066636345652,12.2386645865116,1.33931541144027,1.05549014560496,0.00102271165853344,0.0181613964375537,0.123767558215649,18.8144623726323,48.2815451388038,7.7203782208019,0.604596984433468,0.0677936938809492,0.481769539952503,0.177693058190865,0.0361050288614012,0.693980245123693,0.284382514385237,0.427292410981267,0.376033825808115,0.205947503353192,0.139385391809093,0.0788169539088409,0.0267882842300911,0.944807947588198,1.71643113299354,1.17241049195134,0.163543585278188,0.539913929227194,0.25298931450218,0.180323046894385,0.226313038783555,20.5293761759984,15.9442604077031,4.07210055217337,2.04905349224354,0.102644819393813,0.0971191562109375,0.0512652264141263,0.111221153810319
16.4646613623559,18.8822333117703,4.04471358806172,3.76583641536212,1.38310847013732,0.202924515033476,0.300453166898276,0.0544987928107252,0.222340974733548,0.355165566162915,0.00525333997372455,0.71660559502501,0.27044222349961,0.351956557125256,0.572632857527495,0.759824376987288,19.229756764935,36.68819894588,1.8140758164243,2.34931821305122,0.134915044217398,0.415744792657525,0.453588631920609,0.050184351276639,33.2829479233375,3.5144135837776,2.62980931110529,2.26624208473297,0.179719749533296,0.384494484473629,0.00681849760319563,0.0560397509043106,0.870640006381544,0.0789208951880589,0.354122064668084,0.17215896150853,0.376474250735807,0.465275673738063,0.40439996325654,0.239468967495457,3.74471668717624,9.67535527465519,10.7952531532969,0.217986225088491,0.631924683885317,0.00205103845531793,0.0179542354579849,0.0540845601278218,18.1434052398721,18.1523313210886,7.38717550937157,2.62262686968941,0.0708456260776116,0.426700112846421,0.297220031631051,0.0300666772562584,0.595989239736484,0.372851554936386,0.380139676485443,0.482293891558711,0.286093256238901,0.339714240862707,0.153244437931717,0.0223706480719706,0.745206926520294,2.65491131142664,1.34081472149743,0.176784959039329,1.22528116066852,0.141665763739365,0.149592681786181,0.101582568482536,17.5770605963654,19.5491362943465,5.14980190584883,3.98188322353242,0.395870103756368,0.108574353683876,0.0475430297012631,0.173117610215642
9.23140946880332,24.9332192132971,2.95102925640158,2.24532162292253,2.11970424483296,0.387424021569273,0.363425848256519,0.10596235137037,0.283297048849906,0.202800452338228,0.00266183730335712,0.278354073802507,0.245153549416394,0.505936681942713,0.667523888347055,0.73564389682113,28.1749132006749,32.1190455549897,1.20973731896836,0.937342687318634,0.300629021872388,0.284358803828974,0.339611123215173,0.111451682374439,35.3765206202749,1.2951679192962,4.73474111700004,2.60543986847261,0.111714899120768,0.732596075395868,0.0139159333807224,0.0835983159417746,0.644483449824219,0.090916440052169,0.0669027249795346,0.741517084313913,0.457415255759125,0.415071263908623,0.421893118231656,0.27635565903064,19.8198434983778,7.28025176560055,16.6980510615579,1.1150925522881,0.407071523834329,0.00221571831408087,0.0188616260833274,0.130877971027993,25.7652970335206,25.7471281319101,4.09680202786881,1.79909893145212,0.0927433705660508,0.0587320557259586,0.338063017337135,0.0185785753158604,0.661001122483141,0.136807215161153,0.472866716655825,0.163323449146,0.29990725115178,0.428538837726018,0.0229608337691725,0.0736674185913179,0.445903872068214,1.83210076044479,1.69131131548254,0.113103224991833,0.858516028437521,0.0886688419513435,0.1391688946133,0.107155594652264,7.80218617362118,30.3141668319084,4.62156824333226,1.61704679708477,0.0363181518579433,0.105863694725263,0.068674932850538,0.0755681022849793
14.6591631925682,12.634676326817,0.763341704534891,4.35600967131293,0.698606529398841,0.263777263149407,0.0195144320355637,0.0773691869911804,0.130147307334556,0.399961460152081,0.00160440371383868,0.394747465136414,0.302028363862714,0.471303800997506,0.497992096468819,0.693316337962988,10.6475539068443,68.9762060916982,4.70875942544703,3.19087905102965,0.547237506208799,0.067163165409679,0.557541373602933,0.130623761593703,24.4150979925371,4.7357175735611,3.7163063781964,1.72593764606049,0.185037437570564,0.614763276463716,0.00747056923801644,0.0458361449829051,0.318948639641308,0.0958101997451336,0.0633602323260045,0.610067016005536,0.216272795300686,0.469880494007997,0.45709149017222,0.335706872688171,21.6251664276641,7.02146552902344,13.3462900611495,0.029709796223905,0.202904889046703,0.00199030398854911,0.0115401152548353,0.0762307764966673,14.2251943252041,41.7252200094955,11.8981807009101,2.65959612259054,0.0221967356405816,0.384437795455517,0.41257788147496,0.00355227530958118,1.03376633410833,0.295601536139713,0.0183538928222822,0.409879973508774,0.248081178296719,0.240591602756624,0.0498973974358055,0.0571816646945286,0.83174453274461,1.66248538031257,2.31655250948651,0.0729354578229045,0.852336319482868,0.0314614038294781,0.151148197416964,0.137688014825587,12.9024800235792,7.28291851847281,4.13835761950941,2.34427219721306,0.0903201001092792,0.183335417310432,0.0499481886875222,0.0790724653019767
7.02263471562243,16.7384960929787,1.19661834859583,5.4540336162674,0.820507303062751,0.339475157328267,0.102295999266199,0.146011713958945,0.204237801445991,0.180851827969883,0.0034011244286254,0.131981782684904,0.323942999198314,0.263936033845005,0.464601017398878,0.699217994560902,11.6046915162382,47.1952033112231,4.24013792920198,3.0149151625332,0.147499984464829,0.600627990904704,0.301613583779498,0.037743488355995,71.0455690291108,3.91617691251748,3.14789209281717,2.3973023245373,0.231504036742206,0.229371592615529,0.0129580148773125,0.0659173963023896,0.562163043804156,0.0365916266276029,0.11032298264787,0.7950884763405,0.349778175093391,0.712397823154402,0.535642182888775,0.325309777823448,10.8947210292738,3.18963360700142,3.12798424012795,1.62076483102718,1.17021322757469,0.000499472416907388,0.0183254219747151,0.100329025159126,8.2614386983762,32.4237718084674,13.6273811724274,0.287054081212508,0.0769605513421387,0.275052991744482,0.103619312722776,0.0203074003958607,1.12281764187401,0.26647499058307,0.640513617838772,0.424963701863593,0.200328648924606,0.335637950557753,0.0752408136583324,0.0607658993707021,0.403469828610789,1.5228570756436,1.58626421721161,0.140373692226709,0.831980346076032,0.0391570095441207,0.159068666013622,0.129254014561177,19.3238768595473,21.2911806983024,6.14496841205293,1.89907130768704,0.29794888244536,0.10237725006633,0.060598015953551,0.0761933478308498
6.44067535566828,3.4215340529126,3.79056325184158,3.22709604892977,1.15990515709425,0.255851421851415,0.164889667105561,0.079364943342446,0.193340586869886,0.398618633451934,0.00321755014281436,0.257252926339552,0.296745951728676,0.401077090176136,0.622952952002279,0.692117347101304,22.7185108983993,36.4143391158415,3.88167568666222,3.29862626696047,0.405281799975386,0.372685272783097,0.450269433979218,0.0606712909214537,44.0309335149437,1.26310210818074,5.17577446117235,1.47858867210741,0.126800801817845,0.357061132182119,0.00907274793353869,0.0241211176731589,0.544557256363488,0.139318093623048,0.322397705280177,0.606918663506534,0.521773139359123,0.654633189405629,0.269525048865689,0.270102241976116,15.067272150581,6.3415285500766,10.0197217576879,0.949574355743026,1.42916900153536,0.00225235352590765,0.00682785227995501,0.0803756308570662,16.5667888784354,35.4625641520926,10.5197404858122,3.00393441308297,0.0727863082140407,0.26296751689839,0.29782456641963,0.0304942933923774,0.924886479108525,0.359589707850601,0.503734562141315,0.479412727373261,0.196890460660184,0.344249279871318,0.0973206009002277,0.0715073295653361,0.286404499739499,0.308242159772743,1.3540949055585,0.272156060797125,0.5636291399377,0.0288982930133892,0.21126346592627,0.116115989591886,16.2806338153032,1.93416015811484,4.47978842732051,1.71270837814272,0.167300394138474,0.220631224742687,0.0275404194936067,0.111053861611016
12.8734124270943,18.9923150196897,0.46472035196693,2.9476094069845,0.754969004905545,0.265814063944923,0.0870019733367936,0.148223846207472,0.299336735236332,0.659808326021198,0.00420149724222334,0.269493085665833,0.38082704665351,0.198813410115953,0.726037385703148,0.657082424327661,18.3338592150623,50.1461123852427,5.17583446620028,3.41531011660862,0.179075447760295,0.213915406679911,0.630747042158001,0.0826568620978574,57.5047400876251,3.43030347586979,6.20344689015474,1.49943880850836,0.103814785421046,0.434611093768971,0.0180085843569115,0.0731508504326206,0.765457360965617,0.0840017653123772,0.260262565753567,0.601986981239678,0.387497361912212,0.682298629961948,0.420498350371397,0.322377094906189,20.4420242913347,5.34503570368022,10.8834294496575,1.42715458965683,1.83529875268856,0.00153869784078163,0.00432622695664536,0.107580695655096,19.2030465473985,11.9864412947022,10.1591770032072,1.50262784349716,0.0351883623395421,0.494340559430752,0.500041592830069,0.0451942280787579,0.696180083575114,0.303896495645013,0.437740034579949,0.32222223951178,0.255441263051957,0.356132845589618,0.0511073070388645,0.017850339539445,0.622317460226314,1.58169054785882,0.879348361704869,0.166299405211223,0.686925629894249,0.241098820320718,0.168140998143919,0.0617352129774318,18.5977909693453,26.4282621411717,4.26820502897989,2.19357893071478,0.0182304796274766,0.105748241429731,0.0488214557666036,0.0995539386405428
18.3457823400941,17.2886137690813,2.97489383136744,3.90803408457594,1.02124307621715,0.168441608043666,0.22787277620381,0.127056686199197,0.193733362251692,0.424989733183114,0.0015738102401535,0.547256090714163,0.318483234391916,0.154543337177283,0.656567467444243,0.751298031660121,21.2217199237458,39.6698569361807,5.16159419421918,4.33972357794404,0.330179638604447,0.324593852893842,0.42414736482412,0.0513913189043298,26.7702269552307,2.71680523372728,7.58654161492845,1.28812967922386,0.132997815449513,0.12042833031018,0.0112574680476967,0.0757446240335275,0.481393820676202,0.140154397022785,0.14498612967135,0.478034106276166,0.452336817049908,0.627173685103079,0.34572046462263,0.282076808943035,12.5574598152859,9.43271608925687,10.0380870446001,0.859226796342863,1.19756641880736,0.000875658946775207,0.0191119856166237,0.0443024501032387,3.29399815471715,26.6402700085474,10.6810322174635,2.75583469062378,0.0669726900895572,0.411465702611438,0.223228730251944,0.0113009479046619,1.40774484464204,0.414619971217389,0.524698307146284,0.180734321033774,0.261453980452279,0.352229576475932,0.09158859458806,0.0138693606466853,0.627728304395425,1.37258963067951,1.86975507046326,0.122638738273368,0.684595268479319,0.272882050650557,0.10328750821017,0.134540825669562,9.46060737535809,21.7179325235068,3.04677623025324,1.53059067540299,0.304917716050775,0.185817246660278,0.0634064666105634,0.102306689797979
20.070809986367,17.3855480917175,0.17039804440557,1.8345009147753,1.41664956300048,0.522103997940709,0.192321785748154,0.0741285867944377,0.322188297825617,0.217293841562991,0.00239467718493178,0.638541827339626,0.331643268421833,0.197694843933137,0.471182329962395,0.752815202214454,29.1974287069911,49.5346851378611,4.08058196302165,0.431615008481151,0.321133665774356,0.396420541617159,0.38472686342792,0.0871360467788424,43.3500570792893,4.24494923934137,2.73721781688468,2.12623707828457,0.0886179509091602,0.411178544682672,0.000655255999939949,0.0427977898372532,0.199543429190747,0.133515320089463,0.145733633818046,0.199753710791315,0.146771659852816,0.791135477403988,0.521533943911214,0.157938543941329,5.55634520199,7.26651840178406,14.0462042880782,1.62616428234631,0.98656033366213,0.00186649938035861,0.0233922207461622,0.158671247459921,26.92744565172,29.8120559754179,14.9241576812178,2.25482650438799,0.053440553252025,0.379958488582597,0.123534142175347,0.0277383564888861,0.807468252949673,0.164502983056555,0.315727366690566,0.655895236211904,0.130095451946403,0.49022456806441,0.130725818663761,0.029325398069018,0.647756116975453,0.817104296081277,1.86094134618292,0.0561365135566403,1.12046354345357,0.199781604284536,0.168574272570462,0.143307874809681,8.55717090701124,31.7294803986047,3.37987556350393,1.30039651120478,0.530962599229424,0.072826789370159,0.0301971010926574,0.0211631172500669
17.6044777596498,12.4711543862396,1.58831724174436,3.68057028397712,0.710922353474375,0.255051333776299,0.107413272178883,0.151646916927868,0.160046285162582,0.469679408307968,0.00408749847702552,0.588615611378066,0.167791771551836,0.433759029396112,0.718472283265821,0.516441890541883,8.01809819696125,63.0994012344519,6.70461699635593,1.57616460000918,0.22802792102945,0.434606255261266,0.494161055343413,0.0607812542204886,27.9337798379997,4.20905696337743,7.21281717128303,2.26899473972227,0.309262962397637,0.492334506385932,0.015354102707928,0.0654543293682072,0.408851669682806,0.20486254466929,0.306590579594367,0.752347523473897,0.298720710770687,0.65257318003083,0.421376471786615,0.424476800644638,17.7744685212102,6.45682737202354,14.4648543879012,1.33159640569212,1.23705547433479,0.00197308805179627,0.0201169496711003,0.0283950237397442,13.6613259714607,46.0520396619161,10.355915925616,1.70862027574065,0.0933792875515716,0.385435312013456,0.435405040787453,0.014963291806869,0.850316555568894,0.24190404598109,0.420842790432897,0.271161602676042,0.190460764704497,0.292044709784267,0.0997535508369092,0.0293059409734821,0.929901849384793,1.70516302776571,2.15847034924758,0.0421379693211274,1.26222105526389,0.157734936236511,0.114941027957528,0.0846403353491863,16.7810480627994,2.40121362019835,4.18044315547911,1.27246839690304,0.124879483545385,0.0508416535574061,0.0375192515568146,0.0433946681846205
9.2489378609394,16.0438507342001,2.00087338730148,3.6321202054749,1.90990354444631,0.186772024742088,0.175388326513582,0.103753573175535,0.288424074639819,0.526281624271117,0.00394929357212082,0.416794054359318,0.341112163195847,0.249749201001611,0.757861323637035,0.656680416276248,29.2523518225137,19.6124668971893,5.4654201792228,2.40867437649174,0.197677044801494,0.414194084601698,0.426804567880181,0.106023877388813,29.8108180568447,3.12730308155669,3.25533433436844,1.68169137229009,0.0878530503499652,0.474768150233031,0.0122876992739027,0.0849359314670335,0.21099852376515,0.0796247049381453,0.254401123649323,0.820785638070333,0.471315198927241,0.795999907552116,0.247602845771175,0.313920517864318,22.0163857646055,0.881282366576563,10.8148167138734,1.77383119438051,0.99705934154738,0.00212961161509155,0.0223320704428414,0.0856803049791458,16.1954323931418,29.6526871983196,8.42181424020741,2.37576373249472,0.0183089079430145,0.24561088969048,0.44260402484205,0.0302644334910695,0.864354573103749,0.485095927044463,0.164424103059794,0.217082184212916,0.23893081069517,0.323605625503408,0.0814375424663762,0.0332002983984271,0.843872194319518,0.226732118797093,1.76096325423428,0.183991715788771,0.571470262174711,0.190472344737115,0.134330437895533,0.127639194322084,19.6679803453215,23.6864752129331,3.3274813539651,2.3341399097547,0.333524177582243,0.0850409657045938,0.0545274511160101,0.0438270706542316
16.6609881816797,23.2679969742284,3.4976025390014,3.24174063647449,1.25682746709824,0.452062834079507,0.474354473057106,0.098580640541847,0.369924259771134,0.159243723740195,0.00434753564388261,0.484102042876585,0.168065862703234,0.2816164438572,0.837422836123936,0.719950862772884,4.85991446194076,31.4713583797588,3.03105531414797,1.94261580448745,0.259374567488088,0.467866884013589,0.0475745083341601,0.0701390946654831,26.1043502964101,2.96392616459475,4.34688408583221,0.42603799999628,0.163469227311362,0.389713261169721,0.0130034146526448,0.064129609387016,0.369561246920573,0.122298341532676,0.100875568690499,0.254623027138126,0.55143956617075,0.623732666544434,0.0930568610111642,0.326811954104802,22.4171732904762,11.2993059016342,11.1937885341752,0.709495853634428,0.290699196502846,4.45702353743251e-05,0.0284095318511212,0.0690879835717562,16.8282926846004,35.2743883346242,6.21145082029933,1.71228475238422,0.0788230181185528,0.394641048730539,0.346542445086089,0.0292289442278156,0.945087632067175,0.248164321863376,0.109574418677093,0.544831388894727,0.244373682012706,0.421573493688458,0.136646041559862,0.016656365381039,0.466589245589181,1.88174240443669,2.47130415953303,0.135828108502117,0.83113223858738,0.0491284518689184,0.102966967535038,0.0980388526564808,18.3910773479464,21.5111409358749,5.96525249415486,4.01798246828269,0.32502190636497,0.111473632053907,0.0291088624995568,0.129350811745358
14.3573673154444,25.0133097808301,3.23963017091254,3.63143468681727,1.59284887110896,0.21864018298596,0.296296592176744,0.108001666103812,0.162299748027707,0.498894626732324,0.00272704919773365,0.506493187183927,0.143921810080898,0.613255655824477,0.584847436124407,0.578905005586209,13.8717116810617,29.5890368828176,0.302244651473101,4.17312786607148,0.0940060214372425,0.161380992225975,0.572443101966056,0.0652064518354931,25.9368087535578,2.51702107512602,2.09507439291636,1.40426681580933,0.0938334523335012,0.411322684727291,0.0116394725328553,0.0140908395038205,0.593221274881421,0.105449532281401,0.180215546407588,0.620525776726729,0.467331810210386,0.323667265350348,0.367725608635489,0.390042491326802,18.2964968463931,9.77981500903681,10.7048927517029,0.510377276708439,0.841274083085142,0.00193565150297117,0.0209297840669266,0.0435609907407768,17.6705784992574,34.0106545711546,5.20919863258725,0.898563310604086,0.0464649181480097,0.429769705641818,0.271904822015739,0.013005429829565,0.788468032521895,0.307187674253213,0.40182133407999,0.000725498447100459,0.292006675465487,0.218298606091437,0.0670035914964133,0.0369303591373153,0.611128840931137,1.16731090766953,1.94415711040031,0.112542723312419,0.964765245650245,0.142159856010489,0.106173227454957,0.135586834173791,12.2321953655008,30.3090604961256,6.56049287216892,0.95082705135008,0.431749652178738,0.193457626060049,0.0479979199108023,0.0996471062145632
8.84499212903082,15.3759183960997,3.90735546379638,3.55209837600974,0.888233871795791,0.0993634963364971,0.34081673296057,0.153626937794758,0.272612418142221,0.363858767826606,0.00896342174430188,0.560514745036636,0.192487903268029,0.2304780293649,0.790995063181976,0.782350821525423,12.3625636758886,39.5034673595876,3.6320539171729,2.68113157883285,0.376944625027702,0.566188913704647,0.542358394144983,0.0666998115415542,38.9178007322234,2.4583617383882,5.25681850218602,0.928786213043525,0.138682326384402,0.601635335035464,0.0108034238949648,0.0465835602040459,0.451572410144618,0.158404900072763,0.192345112663679,0.48148190480284,0.366058061263124,0.730397062836359,0.233042029332111,0.157465963157258,28.757612022191,8.72697187848891,12.2109540647746,1.26410132380414,1.20350874382888,0.000644765532735062,0.0181146106197442,0.055682170442312,17.2997978972434,38.6290598299067,8.01610937670408,1.35776856305106,0.0109754872482339,0.600290847769978,0.35564493336962,0.0253489766220867,1.17088998493974,0.366558049461396,0.340688612141582,0.243056111605924,0.465921731198245,0.189103432907404,0.0379434221564425,0.0587809656442657,0.737951639340892,1.95782108596208,1.61166257682289,0.0526315319782533,0.657025413025908,0.110307991043156,0.158689906379826,0.113243474619737,3.87941607720513,21.5208102179009,4.03553124687491,2.21863709735454,0.203715820987178,0.0699664047016365,0.062959791507189,0.117165159379542
14.5685586280789,20.7531940247106,1.77884227963139,3.50619566465583,1.76408844937079,0.364830989765661,0.230658164592535,0.102792208299225,0.173322438765393,0.0751497799657628,0.00495064544878379,0.611801137800667,0.468419483451205,0.263323199672463,0.687231589041371,0.699604343715801,21.5857104035999,32.5241976798301,2.26763674180009,0.656163300320007,0.206370929750952,0.360142447658448,0.444730222563534,0.0994313095616377,7.52520465342994,4.69990985119343,1.32549232089094,2.17474102125501,0.224867645113697,0.0457901349480116,0.00402693433220539,0.0198111782927752,0.356618831460445,0.150423303802413,0.106988595338247,0.493025508953557,0.511868050425801,0.820389061783877,0.577034993824888,0.221526519483409,15.3107482115695,8.69314189865908,10.8113814683774,2.41774515907658,0.949349381803115,0.00203065853171619,0.022581776587333,0.12746807371705,11.6216245910355,39.1469681570433,8.6663439442829,1.46966783233442,0.0369518236212536,0.347036502716451,0.220460117744328,0.0141584404220259,0.448607762479302,0.0758606640593698,0.317429636533587,0.320109564793728,0.101170046366452,0.149276091063089,0.0334931969594998,0.0485104995050249,0.64936582236249,1.93725623465745,1.61968014322445,0.121942115487066,0.351618085403203,0.0779306312569723,0.0976082296980362,0.2623673666059,22.3447704853083,22.3959108948014,5.06402732847059,1.77146337192601,0.431601828718857,0.0496610591055491,0.0427470174650738,0.00457414332260142
17.0887273230779,20.293769158611,2.73467780336956,4.96560855786594,1.60716884340423,0.261641710346605,0.197674592492926,0.163371720611578,0.071329793107863,0.475408327288074,0.0074530424036529,0.392571176336983,0.175505907649629,0.322036328100959,0.58386763583385,0.689244271611382,20.9133642146796,41.6185283439074,4.76169197851842,2.3146787464481,0.452109239377427,0.283347755217331,0.555820478851697,0.0679969209615063,22.1951224321147,1.90825431154567,5.22117515560772,0.807477259138248,0.0754154235931046,0.191497975107875,0.0121967504872076,0.0100364244355487,0.309880136779463,0.0644193664705801,0.077947225531716,0.513550804653925,0.492407274917468,0.648627371762251,0.527321041832542,0.201022320745521,15.484919382871,6.03438309695739,10.4558540394012,1.33935941575243,0.649323741818898,0.00107235797115376,0.0118588489955869,0.144931335061534,12.852525333435,36.9089394816898,11.0658120754997,2.0731376350975,0.0729704265310342,0.413283927339589,0.281073704551319,0.017307077396554,0.803858796020192,0.118039445640695,0.492051918741248,0.466287044517291,0.177198647795571,0.390194822626039,0.112388211993611,0.0485375293449845,0.573187585183938,0.847920013979697,2.60547446640111,0.150118225930881,1.23446516821172,0.163789707455966,0.0708138239076657,0.107745100769434,18.0341035929789,22.5188691838714,4.2282888503154,1.87644333601764,0.398750456416929,0.228873975727188,0.0677410090995333,0.121799995973995
14.955620995976,16.2209738206295,3.4420700963426,4.02536262397266,2.11439403398247,0.324353821637141,0.266873761922965,0.120647988900538,0.224789023230129,0.304431139882596,0.0054489983100361,0.329380246171803,0.0810099334756106,0.295075383137603,0.58085743945333,0.886463181310831,38.5521544983154,44.7274264250011,6.76785921447334,3.2488012440923,0.125202238934122,0.438830424951796,0.410919767849841,0.0192107240627218,48.6271710966826,2.94664621686803,8.27468957229869,2.02855174922427,0.137917185458982,0.778655254401379,0.00841388255464242,0.0595674617370451,0.551216998941068,0.155791978547289,0.324919231299602,0.848891922952948,0.285157268129373,0.853405030089948,0.325802448939376,0.00808611773102919,4.24815441057441,9.20912325694513,9.45998288205887,0.769067821370566,1.25949017498891,0.00097261194273947,0.0225412420767357,0.0753596572210851,13.3114570783882,24.0771219076728,5.17760067295833,1.61184724503476,0.0587990641485196,0.488202309082959,0.43100013865411,0.0309568311284467,0.653482112327376,0.429484119612671,0.520803885975155,0.0663401804431831,0.279524993358507,0.132252874053131,0.0934258805685807,0.0489598172088207,0.71127956608412,1.90148766913029,0.571712204655856,0.183672215656055,1.47203031630666,0.0916890673510442,0.0832577945442791,0.173007996205619,12.6428488568922,21.3584787316395,3.90331821596681,2.1425858931437,0.352882027319635,0.0278025584541054,0.0622651698461249,0.0786138759391364
13.5793225647338,19.2469746343116,1.07652565907955,3.76181128755304,1.8802634291701,0.232406730529813,0.242258605951033,0.132792973256381,0.269769209916389,1.02700051738595,0.00735628443078103,0.164277128605488,0.313422012177979,0.624463086302094,0.594533988492199,0.521102192045842,37.508825000858,18.1746385479316,6.93173807249247,1.78593040784899,0.109751278553157,0.527266010759646,0.843306766958118,0.0495025804757866,36.2179288878969,2.8337434165036,5.72133503553405,1.01048853914768,0.240256964222211,0.474060742681628,0.0104800048479258,0.0779554566454145,0.253579158400931,0.143543343363104,0.144387511084329,0.973410509096922,0.351582459225563,0.224121377779049,0.3346952978554,0.491549920267639,20.4915340510264,7.80679807799198,11.0213686917905,1.15635617565832,1.23035896420756,0.0010388554546284,0.0159458732353474,0.0927699332538718,22.4082210145142,30.8470334525987,5.96555989297816,1.55734322048313,0.0477495963772636,0.110580853331263,0.321183936739119,0.017869661136452,0.460107129044479,0.124083986240948,0.668831005422052,0.29875789370025,0.323813314866493,0.378143514952764,0.15571942375046,0.0468418390548411,0.461288634573889,2.10067168486415,2.9101851044499,0.160950470153842,0.557451336238424,0.269424775045254,0.120702552003192,0.203340237846854,10.5387219328926,10.9489975247816,4.67516090781091,0.98928113135247,0.0661089940392386,0.0969581344418352,0.0661045447098676,0.111617217535169
7.59680942076334,22.7105643611862,2.58629361946307,6.06344188480495,1.5628974464508,0.555292828280703,0.296101261789176,0.151985246423756,0.121957681471409,0.708846452141574,0.0062968277209304,0.166412426112519,0.196232765303956,0.139827991855125,1.04830367202718,0.662772941075778,31.2725293159337,54.3742038623612,5.41962264548745,4.37694674188401,0.0904783866746043,0.416327693292536,0.301778781853754,0.0766968035188677,44.3888171747951,1.88166403155811,3.52587546524267,0.496757087829124,0.0917831571488574,0.278650818004683,0.0185783317797885,0.085913791564046,0.601330089790678,0.0793490037868355,0.208424439231403,0.676341114738431,0.270707642546409,0.728285582895714,0.131175988482834,0.253108296083745,2.69113064707795,1.44475391553949,3.96533792694263,1.30207134450993,0.996612742457235,0.00135547027916089,0.024097272013491,0.117455171304364,14.892803971233,50.4151903343986,3.2260281402133,0.950568567786159,0.0701844311463288,0.514270187567379,0.189479540804314,0.00705132796947628,1.01129990966547,0.375688592935143,0.654436398608182,0.47840307024482,0.270915531838758,0.48720193844167,0.0663577343585207,0.0754731372268817,0.462915501683051,1.60836219778279,2.08888398511304,0.161165541013868,1.24426405313554,0.201808313762069,0.125095385764727,0.131086558631629,13.9192558573543,19.1379523525815,4.94263396736785,3.67466702883719,0.3952898256924,0.0533320013518919,0.0202836830487358,0.0990207779103064
23.3509820233008,4.04606421744032,2.4676976329151,5.01690721943275,0.960542823949107,0.106888469444436,0.366219157683233,0.197659963996535,0.265160964558615,0.696988213676112,0.00462023922031271,0.435641227957149,0.2350217160712,0.268705332495323,0.592159520520892,0.780471336912698,13.1840712497324,29.3450009513016,6.29150369530045,2.91312222344638,0.44526502665369,0.0394597014770413,0.469916453656135,0.0381327829259203,25.3936480533567,0.938022860115508,2.88739095735792,1.1639868176555,0.0989205576908576,0.198323768455652,0.00726541364956229,0.0632521949682361,0.311290017305288,0.110913976599118,0.142644671295291,0.350908008509977,0.207107185050337,0.509615519390989,0.377441201617875,0.249597801496005,17.5009759425107,7.32570726157187,10.4079342889895,1.40607270057843,0.555334483233197,0.00183694179840166,0.0254894886774281,0.0842873897115253,10.3013920364175,28.826926711289,15.5126137463382,1.80201368904451,0.0823060371924998,0.270297610135687,0.163062811009167,0.0152467711249754,0.572755208844153,0.18243547260142,0.595655335704632,0.58235649572907,0.216139738631656,0.358447440424351,0.0982087089944598,0.0420815514932579,0.525443216843818,0.543187299142177,2.12440587835552,0.218012896128577,1.44435421429669,0.132328184564657,0.103823939693346,0.166586684978723,22.8101529114586,22.1371510278143,1.46267603304308,2.15649644974241,0.277365048774372,0.0947149389064961,0.0199737479999761,0.0576025361988302
17.683459908298,2.24760368755492,2.00327506464925,5.05063722407071,2.4358298190907,0.162794837479692,0.0218908891160082,0.12863591420265,0.139106461622309,0.23346698103112,0.00555583289922138,0.292791886110411,0.371876129044376,0.444825541768187,0.715131639170094,0.71435410290351,11.5172352995062,36.1224171473422,1.51201648173506,0.963031569680645,0.109898293318894,0.520375664525978,0.671903868722972,0.0557291904431634,29.5860785639293,2.17426706863994,7.17226354333823,2.90409590811786,0.189921927415031,0.283757627215399,0.0161633211728348,0.0935867797413374,0.563085905902153,0.0917751923685284,0.32446845817956,0.663779805147421,0.441941979144023,0.554978614986038,0.236593057105504,0.290540036065321,13.0133041316134,7.33611613692393,16.4754848882169,1.34865486514304,0.934472271415659,0.00149171798231089,0.0100238246034868,0.0819192033054464,12.0858426714391,32.6150221724358,5.98206874061646,1.73953597527874,0.00273183787395741,0.421553534148172,0.398033087549186,0.0159162637601888,0.504189080341648,0.37588092718111,0.298334467302325,0.320857098155224,0.155438237537982,0.206645936511043,0.103626894241278,0.0254368707897678,0.907669734281899,2.36656985927573,1.81016355708198,0.073183713102827,0.907957348629643,0.126743715719802,0.152194566730527,0.170560251545424,24.0390403654356,26.129934028253,4.89196529867239,2.24943959261175,0.375360542004595,0.200602471688757,0.0141689113548676,0.146168475834033
13.6274102905967,26.8439908054538,2.33808496519683,4.19249587490338,0.946796903072709,0.153462437248148,0.259620897503648,0.160504664932272,0.197514296128867,0.250080520193478,0.00175172970358804,0.282788308131738,0.41836897156375,0.488700004367327,0.46696469600925,0.64352001785396,20.7569184404218,39.8430326899761,5.63021394489165,2.59261813331963,0.249553276688878,0.312797377878038,0.325386698119333,0.052311077074054,47.4507924082316,1.14731680908549,6.40052237181574,1.36019269956135,0.0885763320374953,0.217331052337052,0.0132826952819475,0.107671037124506,0.609154730121772,0.110465388623272,0.0920243773314896,0.325321485975101,0.210567994025753,0.557806741447849,0.361687810980898,0.405505183698864,21.3005995926085,9.74268767745782,14.3042993085967,0.791042838762451,0.584597913700013,0.00174897139854557,0.0304914740325537,0.0647669063421767,8.41203821626845,27.0945241343175,11.5266949032994,1.38587341768099,0.0965997268215956,0.595013473089926,0.25514113983133,0.0118931187991841,0.929783479894649,0.356519898832708,0.33081892976466,0.795170256100867,0.241796993522295,0.215332454875608,0.0652586779563571,0.0332076671968142,0.656022529753813,0.955938521577521,2.05272981457264,0.110307442033854,1.01596641185722,0.169105615125802,0.0856386787726922,0.251679535156326,7.78913054996438,25.6727010941413,2.21467223663715,1.75099361446925,0.205374876228333,0.0404854669830069,0.0503001426457126,0.181882033769987
12.9594701742415,16.7871627592955,1.52218268260494,2.80753262811823,1.36336675743,0.382085633122808,0.244392046541644,0.067171889767481,0.200916654007781,0.439803817921227,0.00178686119441074,0.161553701617075,0.26017385731806,0.410624952528927,0.853643885790421,0.623179272094352,32.7840554247212,31.2466274587264,5.98011961688584,1.52242192231154,0.22127071324816,0.349412047257626,0.400665627620948,0.0588993183337671,37.9673705854282,0.629414590971821,7.21641170087039,1.28481705560166,0.116771951135037,0.529615213457986,0.0145029083414859,0.0392445136786614,0.210640874932536,0.167771250702262,0.280189272565243,0.828086198637218,0.511865524243033,0.40578311061937,0.265862477048921,0.502105608941213,8.82554528493333,12.4100936105134,17.4739940438075,0.2199489466653,0.679096855090667,0.00131896102441143,0.018273349570807,0.0518630621326042,23.7735357174186,33.0312795771376,11.8259719412935,2.53012127993843,0.0848130712706828,0.183380156467765,0.134249455798482,0.0219339363529991,0.827136817713,0.260814304639589,0.508028776301638,0.525978696576216,0.111772110374546,0.219565154765345,0.0757313871002397,0.037867060198518,0.451004704741036,1.76439447348615,1.00477402482317,0.0878820673702362,0.801953405769323,0.184518941566714,0.136502726467939,0.110548857352231,15.4374701171871,24.975296552423,2.83809157610298,1.28539279863842,0.349955160230341,0.0871785035923242,0.0268668246488978,0.0514861362418542
8.17103623793457,20.3860235647846,2.97869431349015,2.59465078299509,1.0287561360935,0.269980343512263,0.301591262707845,0.182578010502126,0.251967645207623,0.499815561059778,0.00253204014615741,0.227470503045624,0.33504906665236,0.259128957778015,0.517104084381326,0.641624824039736,33.5798116977082,44.1417745150233,7.05275812085246,1.4245306337029,0.225243052875342,0.3581517111797,0.135828817750907,0.0811856628637437,27.7366891224239,2.21804455423611,3.39258061345625,1.47077687227128,0.190703131010664,0.482014680210208,0.00789542088293974,0.044591118109992,0.344607362654621,0.155843579580422,0.162556648063257,0.80939572629061,0.282311705456452,0.832691599858432,0.469920620002062,0.304263019785613,15.1938524783478,9.5325410609544,10.9477068355016,1.17209449109831,0.264573980600123,0.00164730419411718,0.0255149248243461,0.095361243980783,13.5938557195455,25.4252329800168,11.9914782979148,2.74612910571909,0.0324435774654676,0.0853850702531429,0.221836865789599,0.017508194875267,0.867308835336123,0.0687537967286012,0.602579041710646,0.327719475684578,0.164146268060122,0.211503717291122,0.120229999826476,0.0309907428155863,0.459756943741653,1.14217776870609,1.50501507799761,0.0780490004898645,1.17656697450581,0.150604175741896,0.103839859283439,0.139126138253663,9.51726502862368,15.9999881522212,3.3505886830787,2.03268060752025,0.217841042172102,0.109868091595397,0.0499964131987909,0.0847032005908587
17.8713386847673,24.0119444972176,3.33606394087135,3.99422395082949,1.5016620204853,0.503759827334572,0.300993081820557,0.111544127208431,0.197237891893807,0.225633384604416,0.00429080553752488,0.364557443319115,0.331619721767709,0.404053009982673,0.601875533005764,0.650830273548447,24.384048778667,43.8335050305404,6.27617664689154,2.65328638594312,0.336270318982073,0.276612748452073,0.67859790551011,0.0576866673421556,13.3417830870128,3.65974869257655,7.89895957728444,1.94570862100131,0.234062365397181,0.391020911111245,0.012518214207794,0.0168818064587249,0.647547961304218,0.109100955070862,0.32311344344117,0.468996395283361,0.393731246948431,0.618937558280527,0.415477904700978,0.263030498142986,9.89517990966274,12.3098472298843,7.00219086708322,1.11698330267299,1.11334835801243,0.00107386631879229,0.0189247043571987,0.0799729888491321,18.6138244640348,35.0783818864513,8.54380410211247,1.61558042912476,0.0941177075257084,0.53291394218338,0.228256671878079,0.0177128033034585,1.02941456423323,0.403637186506563,0.798803938258304,0.403726620337782,0.280025145573747,0.327282772894025,0.0807586126944416,0.0391464168297768,0.555674847023733,1.02818551933398,0.963000418941436,0.116649757608817,0.841747344817584,0.279095082319568,0.109660062512072,0.168016069592852,17.3357275654716,13.1821262520693,4.32951114869646,2.34957713297568,0.0968995100888121,0.174710073982097,0.0573669231508341,0.122749613034511
7.04553156750256,14.3849679587971,2.0915668937542,4.11880920076852,2.14109479624645,0.532816587494231,0.411961602460238,0.169518416167908,0.382303668422958,0.508447736156998,0.00681228867011163,0.515244078306561,0.450493856215976,0.378903084574766,0.484168824863778,0.670176282191488,10.0930968841884,38.556262597562,2.8920859838309,1.67453722066501,0.293253358886286,0.418116468475339,0.355031185561526,0.0915080966077039,12.8219443180801,4.59746123097932,6.18374867657254,1.81310739780134,0.125764824994052,0.306523743223143,0.00866337398534674,0.0694534980141494,0.575052673741964,0.0778510974727045,0.195887297746662,0.490424900969687,0.344049922903037,0.495576051591116,0.515750239524209,0.389355739247572,21.4736889820433,12.219092374615,9.9011244940001,0.525793267620384,0.312909873161812,0.0011656915026077,0.0135150104202148,0.0906227594556934,14.1106160943008,25.5985131117222,11.2164062070624,1.22578775406279,0.108893558183602,0.222127580311343,0.396686022250736,0.0224866774483148,0.55463455541192,0.134690606379786,0.274448971528084,0.468482669973017,0.325560196468294,0.423888681255763,0.112750708008362,0.0415189416088239,0.161446549540382,1.02647954573496,1.89613792166321,0.0275411626413137,0.376102298433563,0.0785897008266006,0.0848736278479535,0.0959922723793934,21.4651471798927,24.5925838343075,5.55794975412887,1.29529060373506,0.220029595928352,0.077640645766779,0.0403436293400577,0.168623158594498
23.1286710185549,21.6254348019277,3.77872791443616,2.65586911305145,1.35497241874343,0.104737370193073,0.335008062008271,0.0763270730530585,0.0996288398762871,0.627491110968369,0.00268222958094736,0.442241699025162,0.356945929389827,0.251181954451406,0.668367519184147,0.45242097357098,29.6158221323632,40.2622009893443,5.1365462087806,2.85214417205987,0.380018294518436,0.215222031843926,0.25243699995528,0.127077634741686,49.9140056472788,3.36401876565295,6.20883744946621,0.42156259414524,0.0871465362461068,0.577153246132619,0.0159698377733535,0.056704373262527,0.631585248053401,0.129222681289074,0.178365928148932,0.649087092800965,0.511228210519675,0.92262169686176,0.35422477495545,0.495947726435306,16.3767433451841,10.0732298180434,8.34729803347318,1.19106126492992,1.17970527018713,5.43437247622464e-05,0.0229221522792652,0.103473338024006,2.61995238738338,18.5033878615159,10.113518408326,0.251148451086909,0.068956244032375,0.56084350132313,0.172034715924568,0.0206665983179997,0.753746373434527,0.272450122244841,0.387156819738863,0.334293409662604,0.11232329713301,0.252620478895922,0.0815383600281295,0.0750361079971461,0.572915155454222,1.5963393120935,2.50731116399121,0.200382602682004,0.593839867362948,0.112571232127632,0.160096121572804,0.226414493768834,23.9565152860453,24.8945438734774,3.60742985824845,2.73540556022473,0.268582997605808,0.193509112879047,0.0275151816137574,0.126836222562221
25.0414739270169,22.7471204681753,1.31207167526448,3.04109672562222,1.71018533450595,0.57967167371882,0.340235490648571,0.100610059747586,0.235274786688398,0.78258781216328,0.00410604635856648,0.419312606921124,0.131521079007864,0.212146808290578,0.693660722387723,0.618021628045614,23.7803626504125,31.7553007179564,3.55252817688402,3.03158743453439,0.30815820409028,0.579382425259562,0.328212854475315,0.0578865694595144,46.291434627124,3.07168488269426,3.62827557945358,1.66415122753235,0.156898535709274,0.827090603534015,0.00563862500757513,0.081442043132231,0.602013944857949,0.141198495091056,0.158602329909695,0.637200214128578,0.530728384765891,0.396247965509741,0.287135922544854,0.429827979711184,9.2757330692313,5.95551601921702,9.49971495669554,0.988390081067445,1.14571651450669,0.00101689485570282,0.0152641571302805,0.0750843737974424,12.72797047137,35.2801967130755,10.5442978781744,1.95759961072428,0.0759261951599174,0.490205813762812,0.470162011694799,0.00881030291026609,0.574117262830332,0.496322815251052,0.376702231595036,0.481420202506059,0.211474310547607,0.674599347508177,0.0285148984596638,0.0237478044651711,0.790649177219843,1.35144485548336,1.43610666133082,0.0778589045308219,0.794192884311291,0.296180159308229,0.109040989152404,0.157688375706755,24.2800346876646,10.2246959085056,4.30487560826561,2.94386325890055,0.292334343405352,0.044848316543662,0.00870633183132016,0.135112956156872
13.6593261210217,12.6154653499138,1.76833148191113,4.39966240801113,1.50765431337313,0.239188482240848,0.40503781695147,0.0829703949009365,0.200150753661098,0.195433324826053,0.0037715003497358,0.50004480844073,0.261317207738042,0.434331413488187,0.579582235780738,0.629135854231975,24.4863664405919,37.8617276499191,3.47912747441392,3.22180412244961,0.258102417677246,0.412333944265289,0.273499396654708,0.0606884566430398,34.6184238375175,2.74384085937079,9.50242394520917,0.545599748969915,0.0546613304426656,0.558388632696017,0.000537219518691153,0.0399060241862869,0.38891657827033,0.129911004632743,0.202275070683431,0.633070965366609,0.241567813079397,0.577167694791346,0.377022163296669,0.390494544549167,11.6060984406586,9.91971365802383,14.0478186850675,0.955680978019689,0.528362044929042,0.00104293600968209,0.0160187559496973,0.0837911429907186,13.6397996290504,35.4213003595373,6.30477788556098,1.82291490523752,0.092357820754085,0.410939444530685,0.388414784472594,0.0104578154215394,0.644878404215231,0.501791965618823,0.200527020854081,0.389490169138836,0.195113806686727,0.197444124385336,0.0860900686765981,0.044100296553469,0.325853729543824,1.69271652704807,1.8358190786842,0.198487804631247,1.13994450305254,0.127130847959028,0.165894052476205,0.138625589512608,13.6097142739062,25.0413436242868,2.60391885004876,1.33141447607053,0.328455814076379,0.0972973980507737,0.0496995018550757,0.0774431021154498
16.6609881816797,23.2679969742284,3.4976025390014,3.24174063647449,1.25682746709824,0.452062834079507,0.474354473057106,0.098580640541847,0.369924259771134,0.159243723740195,0.00434753564388261,0.484102042876585,0.168065862703234,0.2816164438572,0.837422836123936,0.719950862772884,4.85991446194076,31.4713583797588,3.03105531414797,1.94261580448745,0.259374567488088,0.467866884013589,0.0475745083341601,0.0701390946654831,26.1043502964101,2.96392616459475,4.34688408583221,0.42603799999628,0.163469227311362,0.389713261169721,0.0130034146526448,0.064129609387016,0.369561246920573,0.122298341532676,0.100875568690499,0.254623027138126,0.55143956617075,0.623732666544434,0.0930568610111642,0.326811954104802,22.4171732904762,11.2993059016342,11.1937885341752,0.709495853634428,0.290699196502846,4.45702353743251e-05,0.0284095318511212,0.0690879835717562,16.8282926846004,35.2743883346242,6.21145082029933,1.71228475238422,0.0788230181185528,0.394641048730539,0.346542445086089,0.0292289442278156,0.945087632067175,0.248164321863376,0.109574418677093,0.544831388894727,0.244373682012706,0.421573493688458,0.136646041559862,0.016656365381039,0.466589245589181,1.88174240443669,2.47130415953303,0.135828108502117,0.83113223858738,0.0491284518689184,0.102966967535038,0.0980388526564808,18.3910773479464,21.5111409358749,5.96525249415486,4.01798246828269,0.32502190636497,0.111473632053907,0.0291088624995568,0.129350811745358
19.5192107482843,11.6388620479334,4.07140832699825,2.77435381477081,2.29323736074652,0.318199443287,0.30075251112855,0.123777273130519,0.30224725134222,0.750854969243704,0.00264291143696375,0.0438756824088443,0.310859817246685,0.372203787857009,0.688862442729139,0.651084799695838,24.8489870260002,33.987675412673,1.61449917036658,2.00325998143843,0.384162437220572,0.609459584539003,0.548252338545217,0.0581717849396057,39.4519122428714,2.07109623757464,6.47952696881688,0.839111654408069,0.0819833039164393,0.479152509283367,0.00892288651786701,0.0370176504838641,0.468188536054226,0.13565008102554,0.106176961614909,0.907907582265077,0.382518916252912,0.612422610691868,0.326254778473645,0.259352691056854,16.3901478154837,6.21416639851929,10.0321384227608,1.15399829149973,1.95024116344505,0.000592821642822781,0.0158374869062599,0.106873076502262,9.76843525090353,27.7777555554694,9.71055340773038,1.26941822109768,0.0776652134593113,0.663653413725996,0.284303073701996,0.0138642521740253,0.68481026477176,0.132230690347391,0.289126396942238,0.559212018005297,0.0950369696830533,0.163298016328337,0.106233615672939,0.0453315726817996,0.606449525440524,1.15690392461376,2.20350183070092,0.118568521454908,1.18049062425728,0.14878895311347,0.0967090963609781,0.21010617290479,16.213577892056,19.7481398774841,2.63439991107426,3.74154863982618,0.376862560857421,0.103604800966347,0.0492237464432885,0.123196283494301
21.8861248483005,25.3551240455544,2.91593275553068,3.04393907657753,1.36978624980672,0.182956782652784,0.148558483580668,0.148725843313025,0.245375026950189,0.48344198306319,0.00237615198625976,0.497378700204252,0.452341918761892,0.350464325581384,0.657633265424805,0.61825413151582,28.7882013718596,30.2470832196942,4.83332514210741,2.00564965798242,0.340630067931114,0.0511833656846422,0.634942018847325,0.0737566306446237,50.2906581936838,3.1541206596355,2.24829661514193,0.740597588226286,0.0640403007498747,0.267299727128215,0.00868867150177729,0.0585917936168076,0.515089417009168,0.0975273447794935,0.25819129632926,0.449496377507603,0.12823343447755,0.638221859328523,0.345665402784035,0.282384627848407,19.2669684293803,11.4945252538386,12.4068011839217,2.06081189010876,0.764442148835616,4.06299452675829e-05,0.0166610165416829,0.112370523110571,6.31476114948368,15.7723589734275,12.7160090117211,1.49554787254038,0.0771412679102979,0.486588303883459,0.399584580961419,0.00360528955779526,0.332543681374171,0.363318394465495,0.201959920385828,0.625343093288933,0.0806632376320126,0.358768487136623,0.0801836968223751,0.0140231125892829,0.742096161610246,2.01820928997374,1.49480172078246,0.12396087728885,1.15839495372556,0.239294387618312,0.0938842592791389,0.205164011474804,9.05393550576218,13.8325349335943,3.76821365702591,3.08601270868402,0.258554149645916,0.174188413717362,0.0586255508969956,0.0919403921937253
20.6768793102121,24.8908160895677,3.23926722272023,2.61259200748734,2.23453383031582,0.308153258800093,0.14725713034317,0.0877671305772036,0.217125541496526,0.467278844059755,0.00513957926656891,0.494205028862682,0.382893109664716,0.600517021668287,0.75826044246578,0.672179747889538,29.9826730667676,45.9029294725217,5.2981031904842,2.31537817447355,0.490658108714827,0.839897379826188,0.705026491264755,0.0197747818294503,44.4855826965896,0.782852661075161,3.05727066205616,1.97969168103785,0.125163218712091,0.307496651154297,0.0145377993760073,0.0505702328235316,0.165604769242682,0.0555681428944767,0.2135540987455,0.755418528936943,0.44572053824354,0.207341232885754,0.332466901067245,0.326489636467842,3.1573296119464,4.76488237707288,8.56177482693102,1.32966033853963,0.944757399991554,0.00100288505105275,0.0240354042951692,0.0752635453272547,17.9231324497746,30.6293041551579,9.32034540877947,1.40268078602655,0.0358479539206811,0.437762317362991,0.442308846864961,0.00111293236885592,0.461784528888946,0.351707506410074,0.550524877740849,0.287702252721038,0.0730988932386117,0.194513247505138,0.0298863448116309,0.0424950173858411,0.408809721493231,1.76323146729715,1.00608240534097,0.131864217949539,0.535933520295313,0.227852707629891,0.0485979409392196,0.247020088727398,4.98131192012732,27.9646379653918,8.23987283844192,1.99592536035838,0.441287501931027,0.0941373650699993,0.0215687266482801,0.0949764141480362
19.5192107482843,11.6388620479334,4.07140832699825,2.77435381477081,2.29323736074652,0.318199443287,0.30075251112855,0.123777273130519,0.30224725134222,0.750854969243704,0.00264291143696375,0.0438756824088443,0.310859817246685,0.372203787857009,0.688862442729139,0.651084799695838,24.8489870260002,33.987675412673,1.61449917036658,2.00325998143843,0.384162437220572,0.609459584539003,0.548252338545217,0.0581717849396057,39.4519122428714,2.07109623757464,6.47952696881688,0.839111654408069,0.0819833039164393,0.479152509283367,0.00892288651786701,0.0370176504838641,0.468188536054226,0.13565008102554,0.106176961614909,0.907907582265077,0.382518916252912,0.612422610691868,0.326254778473645,0.259352691056854,16.3901478154837,6.21416639851929,10.0321384227608,1.15399829149973,1.95024116344505,0.000592821642822781,0.0158374869062599,0.106873076502262,9.76843525090353,27.7777555554694,9.71055340773038,1.26941822109768,0.0776652134593113,0.663653413725996,0.284303073701996,0.0138642521740253,0.68481026477176,0.132230690347391,0.289126396942238,0.559212018005297,0.0950369696830533,0.163298016328337,0.106233615672939,0.0453315726817996,0.606449525440524,1.15690392461376,2.20350183070092,0.118568521454908,1.18049062425728,0.14878895311347,0.0967090963609781,0.21010617290479,16.213577892056,19.7481398774841,2.63439991107426,3.74154863982618,0.376862560857421,0.103604800966347,0.0492237464432885,0.123196283494301
17.101032569799,15.3008487072548,2.5986283100928,2.74242237806701,0.884612715472819,0.182064441747597,0.149920364175018,0.113653244866845,0.118766270325071,0.27823865407447,0.00560084525638455,0.0537939063325797,0.106624622723891,0.247180354592909,0.707725787161702,0.661039032088755,26.5309915882473,31.6224937834015,5.30355668672693,2.93347378452937,0.403294177035707,0.342446186476583,0.449540234168108,0.0505334528371238,35.056910111151,3.25825197003354,10.5666647160045,2.05442334678661,0.095779198038552,0.428469913241142,0.00925122150846522,0.0555788432853872,0.248222741994665,0.232741560656777,0.316901903190411,0.944671152891099,0.515028493296905,0.499680076439769,0.298709985405711,0.432469066745131,8.50725270354506,10.555853702791,13.4572908086155,1.02753196033993,1.18461727032879,0.00159481531229975,0.0210144552390828,0.00694024312120725,15.6209535140038,36.0916424536094,6.50184147235745,1.19361992737793,0.0806952044400424,0.302279327247852,0.159079318447215,0.0218500158550705,0.798718793420784,0.175589695992443,0.469405454548317,0.263305429331062,0.21948328501135,0.55011278883656,0.130466130268877,0.0662370243726807,0.439115260016482,2.0301701664063,1.1483167212322,0.10639163187043,1.01412628946525,0.241778228240189,0.0967519097540252,0.202343153797068,22.0265301514736,32.1496080114154,4.42734243060764,1.29521856557376,0.216608176389609,0.165869167632836,0.0587224007703381,0.0636860007061052
8.83456958288807,7.4808957103301,2.08038843625834,3.57115382369074,0.910956280909018,0.449404573515014,0.533776441238527,0.0831610327717164,0.26368800296361,0.180060933351994,0.00188488651919735,0.215755590042058,0.46022081078476,0.386585053267007,0.743035256266232,0.550119876275992,30.8237245877287,38.9783011865647,3.71361749638116,2.29141817015193,0.464106195287303,0.590999005580499,0.304867350698244,0.0456299570308775,32.2137538845581,3.53375199310404,5.24234865807762,1.41703787300485,0.275564803023341,0.27251085738093,0.00841847709128258,0.0212203146889711,0.0199987538569317,0.0991925021426074,0.0765017790132908,0.869661904569682,0.187253200904624,0.650784301044002,0.490799019309297,0.302520934694702,16.2474748463763,6.52403540580542,11.8413719557255,1.29230560745826,1.62193031725517,0.0012184373381178,0.014318779280582,0.0769006982623719,14.4430582300125,29.570220356252,11.8517022777934,2.62256606322651,0.043977923490115,0.722767627683351,0.504415479499475,0.0160039086929228,1.15435189639107,0.392657419101495,0.152728436263158,0.273812703108935,0.201289828787504,0.432575597306696,0.0812409959167576,0.0459364967652028,0.57058361952024,1.38116845382424,1.35177003089742,0.0309398703693163,1.20799231494718,0.173036706714081,0.0414930063548242,0.166489794140506,5.68077704358295,2.64114189893431,4.11870933809076,3.03394384897179,0.352353632612913,0.168397032217969,0.0292027208460503,0.00448804854625312
8.02189137740292,13.3200111529318,1.86187736867367,3.53375403919454,0.413771933588543,0.179748897504995,0.290116649025647,0.0717828012586272,0.318422359827929,0.729928005393641,0.00486226721424578,0.0814516215804791,0.422410886895239,0.191480304935863,0.591119105721174,0.576469509747315,19.2186500807441,28.257059113585,4.9675143537903,2.40048643261136,0.252637488814415,0.216666653484052,0.666676491803384,0.0354759487192416,29.6828988384431,2.03817226892493,6.89060461595754,2.33242563942401,0.115202302787994,0.595116636069201,0.0159914367081946,0.050117602030599,0.77040769195972,0.126020457512262,0.00363557910722004,0.715195720074847,0.20004828774811,0.892882664932553,0.38477537228269,0.453303633740467,23.5259870151818,6.73987705267912,10.0848063256144,1.52683607784808,0.770560755036879,0.00108223386491768,0.0201713631619816,0.132798268918257,14.9522827765062,42.89718039631,12.267927895427,0.596001962492769,0.0264305771999157,0.474737758590813,0.332844065644217,0.000546927378995119,0.611501043082793,0.495739849387992,0.624509303460944,0.637094626873102,0.286715412989997,0.242257865472768,0.129088470357567,0.051162342085828,0.247496887160294,1.5829452454193,2.44396172332446,0.0773698234892007,1.01240340336594,0.189570117021419,0.0865126533658361,0.096002410576815,24.3335145611836,19.8295366436905,3.89317395071722,1.10649453976836,0.126616109104625,0.185243416142548,0.0410375494287337,0.0369655091827337
17.4751449458806,17.3403350300217,2.42491604304583,2.97285622489144,1.7656614636439,0.460624566207037,0.441943575658788,0.120097018804626,0.285205995791537,0.454522428036844,0.00227104460542647,0.600021809105488,0.284355823626329,0.518126396228707,0.829090961115436,0.645307190820556,31.065335992142,62.3677512788934,2.51391091066291,3.36579398632075,0.0785220815373641,0.405278481331721,0.5501396708177,0.0871854576744592,58.4979561462934,4.16286009286881,5.44331972100667,0.829152012405903,0.16434866697604,0.634065443527891,0.0174198236567677,0.0853365063513186,0.615335805290456,0.13386685020045,0.0469996244360973,0.519639687257001,0.385435946069408,0.325636212485463,0.209225772213495,0.300659271480929,8.97948892240727,0.338954648717222,13.1041418014974,1.48359324905588,0.904711042693939,0.000869464138643238,0.0116341506557081,0.0706773169537293,17.5459879562675,38.219279435582,5.99225256640593,2.50186788786768,0.0278411294852464,0.511939553602484,0.235374504599438,0.0108276203773762,0.836312652740012,0.172781606650117,0.392231293566196,0.258656008989908,0.128810704994691,0.427802346268574,0.0464108358321136,0.0997774560096924,0.434651415893739,1.10195181687286,1.48406978907881,0.130363664350265,0.985816782605885,0.170970750360782,0.157936413501477,0.0344134350759414,11.7476994385342,13.1719173242494,2.75915309983383,1.67643238493751,0.23354337335908,0.203341111888875,0.029400640348269,0.136790428843365
8.98016956509492,22.7448827138227,1.69525529044261,4.4778275393392,1.76078094454794,0.353434044832448,0.233884965598457,0.0805425712519338,0.228930522013345,0.512846273702724,0.00273199087433705,0.146906544689674,0.405889237871564,0.409850472030005,0.478230260689015,0.639763856098823,22.2656529791052,40.2982490052981,3.07385571764288,3.16127375028468,0.355728117839611,0.767028879964902,0.590810542229439,0.0697305180406635,38.6918020028797,1.49669517343906,2.69405291331413,1.27519156611021,0.224524426718352,0.26668828273801,0.015578345404145,0.0800852136954761,0.616180965348447,0.100218504640134,0.27526169855298,0.689494768045437,0.694529673261994,0.531544873174743,0.539815435465232,0.418276584330157,21.0468980340006,8.63359250825923,10.8786087485736,2.03166346640029,0.885259405454556,0.00198550144336091,0.0216464299718002,0.0993910368358726,7.6768126148735,23.9941182094091,5.5743464588489,2.34333960775017,0.096904217970106,0.325344603847574,0.292643748171762,0.0157612470581022,0.397704027205417,0.266478108406286,0.379673135936976,0.382407875466399,0.340176026092117,0.260992326396972,0.0746564993788895,0.0562516526283229,0.411787976788462,0.75707890667467,1.03968659491739,0.161050858614648,0.113041088355186,0.0443157252435829,0.0579916043388487,0.168108090364161,5.33189230506958,20.6939068952643,0.223464014194843,2.99735130415202,0.38698663444236,0.102986237926784,0.0130812541473011,0.153221546847842
19.4565157929786,23.6238538504949,2.0751223102721,2.56917406468612,1.80618552130917,0.399468185873361,0.277359165708827,0.16255656880183,0.339745688837386,0.36827175637756,0.0067996415291915,0.345277288695667,0.056780039309962,0.151374951291301,0.387068106168289,0.788296312001127,19.7096332339069,31.5968387730832,5.40606147469802,3.05336970597986,0.289304018416673,0.42458895719785,0.355548745738482,0.0617758281975403,48.3805479478629,3.46643309816649,6.58374044973233,2.30708794915106,0.113833441985967,0.96138622885169,0.00934558336570556,0.0767063235752727,0.266385674658047,0.0695138393067964,0.213896778665667,0.608568233456686,0.480711411884314,0.880970052123703,0.610093943153712,0.338694155123164,21.6049566592312,12.5197103032738,9.47321243337156,1.707119301332,0.902221748561352,0.00119997565497706,0.00507368332388708,0.0251215640533256,7.02917397132954,22.0534099731884,10.0902336166352,1.11940928818169,0.0596847671922105,0.30461373375044,0.303832469122364,0.0248456148657411,0.728292780392111,0.330212366077948,0.188717428928175,0.393690190194397,0.187353072885772,0.297960228824541,0.0913882756749282,0.00913574073561453,0.328067795805568,2.11863713148775,2.04561971312084,0.0721971999702085,1.34755742682127,0.141736211158455,0.106545093753498,0.183737200014838,9.05210726969925,36.4157944269972,3.15240079020524,0.963055018678919,0.377691592269031,0.0929505171968525,0.0663454003947064,0.0934262609292473
13.0992856116859,18.5137068978839,1.6722242369591,2.03843577515116,0.967248307748094,0.183767841848423,0.269696785372939,0.0816004309100647,0.227999237596349,0.0204629949302031,0.00409923902532911,0.512679139838923,0.334523841067027,0.320071317915689,0.652166114717609,0.522766137552743,21.9301777362248,33.1770101299362,4.96648635357102,0.515767571855954,0.142096259010341,0.241084346809245,0.622094563583236,0.0751317560385765,34.6554486265758,2.98634223893365,4.69217345902617,1.41434976056205,0.155529614100658,0.302609605258749,0.010573956742934,0.0280989669386483,0.60515151636414,0.156607586998735,0.423436856464437,0.591098418857026,0.508300680931611,0.573203055964953,0.3588509845108,0.511939540531722,14.72200028068,6.80677236176553,13.734347534256,1.68421316861192,0.883505783184627,0.000908774637186123,0.0251311509955907,0.048790164306551,11.5936724093437,34.2493172703509,6.46960732451655,1.62899500613965,0.0491404857148666,0.412284052182808,0.161213713382228,0.00297959684152987,0.677122853795497,0.209239676882216,0.351503288965237,0.336536848096011,0.0600376123168351,0.413188639180267,0.0458832508161924,0.0605671159501273,0.363719702420218,1.06233901129615,1.83447456851135,0.0958138599721487,0.822676279229146,0.166902148676465,0.116468433769374,0.12084032494641,13.5161184611693,32.5567442685455,1.99235369629558,3.81062448999369,0.212667397122478,0.0453074424886477,0.00419275906574861,0.141658267190254
7.23455604343911,11.6899734288052,2.93206150751431,3.58402039848515,0.515874673190216,0.190563233395074,0.331679928190002,0.0917959460301771,0.184356146785136,0.123173571704769,0.0024196368371287,0.386116835970743,0.309994712448626,0.259144596668002,0.586760097784464,0.64560397036261,30.6719416785643,33.2239464638697,3.01927574062591,2.42934398033682,0.154287615850772,0.364452096153885,0.605166389658252,0.0488079594979401,43.2192511557389,2.8064560438469,9.61396000345412,1.68610122743013,0.111092107990358,0.417337258668119,0.00495873212535341,0.0388736213160951,0.594987629774621,0.104772650224039,0.287411577403791,0.645269399208735,0.585575046597644,0.647027951993896,0.500305019850569,0.176376114871722,14.0031477707198,8.94568707819216,12.1730983575845,1.92631077544085,1.29603847036677,0.00193014663639126,0.0103298060713178,0.0557689829554101,25.0177555101404,25.8090837244942,7.14782239689663,1.98620652473756,0.0572116091386208,0.628910141036784,0.475695219925135,0.01357568588703,0.0982605002369954,0.429504090348614,0.122925838174323,0.318610945690138,0.189396683997233,0.524147040876609,0.0942079274623802,0.0644316647523484,0.464911897016747,1.49843693347833,1.71392018870393,0.104846355142207,1.00865814622408,0.175258518522082,0.140224748737799,0.15856904634493,13.276802728168,11.4187558132992,1.91653564667672,1.10662448561997,0.407352705242312,0.0720017042530111,0.043525834357205,0.0688899824819979
13.2684583678909,19.3665525027644,2.08897036438429,3.0397763613297,0.821965470529003,0.327094618970981,0.204918251088338,0.116027149152999,0.422526495298226,0.510240968802803,0.00688282497257346,0.447189444894667,0.218964756089037,0.34287432472916,0.704199133294062,0.69131730071299,20.4064622845458,52.7460057479341,4.66787770638876,1.68654572491624,0.386774883494651,0.41943903754683,0.396350497290471,0.0858890789694065,33.4177500684213,1.0236025604009,6.35722100025266,1.64969751154496,0.220459203618857,0.449869427830811,0.0126693707472677,0.0855515913835354,0.644370907030017,0.144321576433791,0.171544786758137,0.721300163348845,0.369734310213464,0.400222067613097,0.386458132921034,0.35146592922193,10.4222555163077,5.50360844840204,12.5987260354486,1.17842677973495,0.528982510112509,0.00131265126930281,0.0158346428187278,0.110993220982579,12.0732972816427,43.5138128188675,9.85908027173305,0.0887482660036478,0.058625103206983,0.164094483267983,0.362350929832078,0.0233554332833432,1.06142180306804,0.360708299298082,0.884065487627481,0.411093890179194,0.250151083505934,0.320201031104158,0.029009692153933,0.0394598200673246,0.187528138261853,0.69805784321339,1.6559944399026,0.133384392915981,0.89023153544,0.316518400960053,0.0970902375568423,0.189355448592837,19.1599892328274,23.0077026625866,3.66954012236368,2.30514523428494,0.291541471773766,0.0731247244335496,0.0194057687669279,0.0860735873714317
21.8861248483005,25.3551240455544,2.91593275553068,3.04393907657753,1.36978624980672,0.182956782652784,0.148558483580668,0.148725843313025,0.245375026950189,0.48344198306319,0.00237615198625976,0.497378700204252,0.452341918761892,0.350464325581384,0.657633265424805,0.61825413151582,28.7882013718596,30.2470832196942,4.83332514210741,2.00564965798242,0.340630067931114,0.0511833656846422,0.634942018847325,0.0737566306446237,50.2906581936838,3.1541206596355,2.24829661514193,0.740597588226286,0.0640403007498747,0.267299727128215,0.00868867150177729,0.0585917936168076,0.515089417009168,0.0975273447794935,0.25819129632926,0.449496377507603,0.12823343447755,0.638221859328523,0.345665402784035,0.282384627848407,19.2669684293803,11.4945252538386,12.4068011839217,2.06081189010876,0.764442148835616,4.06299452675829e-05,0.0166610165416829,0.112370523110571,6.31476114948368,15.7723589734275,12.7160090117211,1.49554787254038,0.0771412679102979,0.486588303883459,0.399584580961419,0.00360528955779526,0.332543681374171,0.363318394465495,0.201959920385828,0.625343093288933,0.0806632376320126,0.358768487136623,0.0801836968223751,0.0140231125892829,0.742096161610246,2.01820928997374,1.49480172078246,0.12396087728885,1.15839495372556,0.239294387618312,0.0938842592791389,0.205164011474804,9.05393550576218,13.8325349335943,3.76821365702591,3.08601270868402,0.258554149645916,0.174188413717362,0.0586255508969956,0.0919403921937253
16.1950840679853,12.4901113905024,3.63054989572228,2.02182219401927,1.11849888020265,0.268896875077325,0.237567942778155,0.0560959950267499,0.13852189076099,0.316467826430665,0.00155799743317769,0.276412689501613,0.185719655048362,0.231838452943718,0.58890366678929,0.71636142375056,30.2387932832608,26.7913940357466,4.77367120076548,3.9696769356012,0.296928144334435,0.474796560834198,0.197737533588299,0.0850514355051362,54.5328217856659,2.666460707457,7.66072327356646,2.08505130915795,0.139531891906392,0.465775998907995,0.0119673324055041,0.0760151760336669,0.49303113434379,0.10176847478115,0.180023360300631,0.758308684844058,0.607006444763148,0.859800228204132,0.321116191885156,0.226448544784227,14.1037213437292,7.08800269471469,7.90183263836665,1.74799903856386,1.14083084642854,0.00172989989883878,0.0213455221647601,0.110719852719135,9.38208814680225,25.9655460822351,10.499462534479,3.07129620859956,0.0843452548556041,0.220348313502815,0.249634414765721,0.0337951576288979,0.850603970522196,0.364053210615877,0.778546787552925,0.201203765506865,0.275983219330481,0.22074658803204,0.0847605681359699,0.0393938627184289,0.707981870253546,1.15589511051147,1.41248979929679,0.11698673246392,0.772818312299162,0.210720139584922,0.102232479645446,0.200360862910168,7.89622017718196,27.1040683113057,2.61676488981999,1.69275378671248,0.255166626053678,0.2426795765021,0.0622122508402936,0.0549542545274437
14.9811869751568,8.19680507483652,2.28952909065146,5.73229394605965,1.87087111322766,0.204945624624272,0.141710818242867,0.115498147951157,0.31782870206869,0.400056452235484,0.00399331436670112,0.140940460259192,0.21037829384585,0.197350768162867,0.811418989811245,0.634720974279696,30.8645201854351,43.8656408275422,2.09515221348736,3.23039103130297,0.239880720555574,0.242740436621788,0.892233877339872,0.0291055953871992,33.6729334956138,3.53523943011665,7.98587504762758,2.48680621073636,0.212868623849239,0.983103040116866,0.015934789074934,0.0406763065045377,0.562769280252728,0.188604869072889,0.27653311608171,1.03990852866254,0.335138345128775,0.780635196914878,0.238964208160804,0.339701452716344,9.61552619553066,6.74165458950092,11.6238391212996,1.64565882851194,0.424918218593423,0.000600582176295624,0.0227616251660068,0.119244402360101,12.2043597988863,25.878649790671,11.045941015232,0.306608233580045,0.102604667425486,0.171509630326925,0.145977989617106,0.000328145299141212,0.476524004974881,0.387215761129776,0.322738025740577,0.206945678039247,0.334636911803282,0.611320579611687,0.0804052664247389,0.0327695589856439,0.201972644821759,1.87597722344814,1.89311496087165,0.103945010468187,0.998652755075674,0.207039973127841,0.147468050596452,0.0765960650959383,7.33071560072484,25.3393675558782,4.41653910671897,1.33077724119272,0.114071719688088,0.0576976368392565,0.0354406056651512,0.113687043650059
13.4206223583803,26.2911408309773,2.06064745855231,2.91049098607814,0.615683241389686,0.358130586819805,0.3455877626749,0.169407759064144,0.236835465854648,0.345536507775378,0.00498311846578043,0.105437941114434,0.485879948182556,0.242112989688262,0.870755735199019,0.678484146248861,35.7653744102513,33.9905923207515,3.32203977635024,1.88357940492427,0.353988745824433,0.509950839088469,0.311600323607868,0.0043361320756934,10.4229754834761,1.7436058526745,4.28274709839949,1.49007639224539,0.142806321551351,0.266472668943988,0.0178318646188404,0.0320287298468583,0.533626337071449,0.0696444741716397,0.349690945835331,0.827537373904734,0.663933555696243,0.477164369470593,0.105035956660289,0.391943134790931,8.16699709146784,9.67761402712545,9.34611342265855,0.997832411986314,1.6181079592756,0.00258677499074834,0.0162719882487789,0.0606004607294909,16.0452659182514,25.6993784931359,12.0905039050381,0.973593887847314,0.0727607189262539,0.347341437498228,0.179579891944186,0.00936195887290921,1.10869954648207,0.30562999442371,0.491586789336956,0.406782737092256,0.180421592421072,0.499242953901641,0.113063927841629,0.0336302523655486,0.376045738110034,2.87449297080556,1.27858428834908,0.087891288567087,0.0275259548111527,0.179815463519881,0.103313959250551,0.0497773544937907,18.2380730845081,12.2874501903652,5.9840706786888,4.02428758436997,0.349202409003596,0.0563903109914296,0.0486678865769589,0.136647542720467
11.4661845849567,7.54769689345472,1.99164520377249,2.86098737966734,1.07743131738823,0.367675029505763,0.225804872335257,0.0585018764223335,0.216906901492604,0.39755802594306,0.00157980504331104,0.488948692452216,0.402737730722305,0.125559340236439,0.649201006289591,0.774656953670006,28.2658580211596,39.8259062153463,3.23998714741746,2.90224993758038,0.126765768074347,0.13419198717358,0.193722865272793,0.0726793184488001,36.8881779791805,4.00415999171582,4.41161820387254,2.46104977320804,0.0730555880492834,0.641550646068266,0.00857267366030876,0.000871639562166904,0.406781812393808,0.228577259847019,0.172684268128922,0.375215661105372,0.536826711106526,0.62106933085297,0.386434962935433,0.237779247085656,16.8023970429343,9.46089711220395,8.37876825437416,0.563652338507144,1.28442072116613,0.00109622779493829,0.0261619133131185,0.13171007408059,26.2937754918661,22.792562432342,8.02930842964777,1.55164963202968,0.0474686866042345,0.339030661110119,0.516151766198309,0.0179061781447621,1.39617477174037,0.363000181605726,0.563985484400661,0.468406177448314,0.285569903216423,0.555082483986656,0.0790702669985724,0.0250980427186511,0.383164077387257,1.37056313129052,1.18613768257778,0.046216380792152,0.567311570673207,0.201821096400972,0.217216925500775,0.0608080311534626,23.105539928388,40.8346193250426,2.35297406991774,1.44447041640138,0.166547188077733,0.0930436679820522,0.0641151981111696,0.0546783162155921
8.02189137740292,13.3200111529318,1.86187736867367,3.53375403919454,0.413771933588543,0.179748897504995,0.290116649025647,0.0717828012586272,0.318422359827929,0.729928005393641,0.00486226721424578,0.0814516215804791,0.422410886895239,0.191480304935863,0.591119105721174,0.576469509747315,19.2186500807441,28.257059113585,4.9675143537903,2.40048643261136,0.252637488814415,0.216666653484052,0.666676491803384,0.0354759487192416,29.6828988384431,2.03817226892493,6.89060461595754,2.33242563942401,0.115202302787994,0.595116636069201,0.0159914367081946,0.050117602030599,0.77040769195972,0.126020457512262,0.00363557910722004,0.715195720074847,0.20004828774811,0.892882664932553,0.38477537228269,0.453303633740467,23.5259870151818,6.73987705267912,10.0848063256144,1.52683607784808,0.770560755036879,0.00108223386491768,0.0201713631619816,0.132798268918257,14.9522827765062,42.89718039631,12.267927895427,0.596001962492769,0.0264305771999157,0.474737758590813,0.332844065644217,0.000546927378995119,0.611501043082793,0.495739849387992,0.624509303460944,0.637094626873102,0.286715412989997,0.242257865472768,0.129088470357567,0.051162342085828,0.247496887160294,1.5829452454193,2.44396172332446,0.0773698234892007,1.01240340336594,0.189570117021419,0.0865126533658361,0.096002410576815,24.3335145611836,19.8295366436905,3.89317395071722,1.10649453976836,0.126616109104625,0.185243416142548,0.0410375494287337,0.0369655091827337
16.5212253177224,26.227433062553,4.99744331741825,2.45367281188622,2.24062054148477,0.221443771729582,0.223281738019247,0.129284817446574,0.227135509700358,0.329221222776439,0.00117966448599113,0.400266396269708,0.282244768065064,0.258734243427112,0.690226849359683,0.76036732755847,34.1191880595671,41.9689099108231,2.86130205648751,1.53932829093904,0.454055302028456,0.221918636957307,0.0785399573402597,0.036884255098451,14.2772986014266,3.41370962676347,5.89924782385547,0.443873639188297,0.0462430908744651,0.18458852912854,0.00315502543962573,0.0465285799716931,0.348064097894689,0.162279157649687,0.423081575386399,0.686103514690156,0.148991383483719,0.705653002590836,0.349396325613654,0.187353853044563,6.87716690685201,8.8477865506277,11.6686031467735,1.60269100214424,1.38470407517138,0.00153549015390542,0.0227805054062982,0.0939217760472203,10.6380484719656,29.2730133453149,5.60784237906563,2.54398538697295,0.0591297535464375,0.676874633366436,0.435490777488356,0.0225244168328293,0.940306044493821,0.41799271728168,0.561979118945027,0.047395464647636,0.185326109564195,0.314477086754187,0.137286118206563,0.0265683216383157,0.735868735500167,1.43451179004648,1.7333997970494,0.0964209773118501,1.19343761558187,0.178627092939231,0.0580559756667634,0.136342791045349,13.4871681205204,26.3064259331941,3.59972313036528,3.12336854012902,0.122801305773969,0.141694564439658,0.0443630619380773,0.103959301085125
20.6768793102121,24.8908160895677,3.23926722272023,2.61259200748734,2.23453383031582,0.308153258800093,0.14725713034317,0.0877671305772036,0.217125541496526,0.467278844059755,0.00513957926656891,0.494205028862682,0.382893109664716,0.600517021668287,0.75826044246578,0.672179747889538,29.9826730667676,45.9029294725217,5.2981031904842,2.31537817447355,0.490658108714827,0.839897379826188,0.705026491264755,0.0197747818294503,44.4855826965896,0.782852661075161,3.05727066205616,1.97969168103785,0.125163218712091,0.307496651154297,0.0145377993760073,0.0505702328235316,0.165604769242682,0.0555681428944767,0.2135540987455,0.755418528936943,0.44572053824354,0.207341232885754,0.332466901067245,0.326489636467842,3.1573296119464,4.76488237707288,8.56177482693102,1.32966033853963,0.944757399991554,0.00100288505105275,0.0240354042951692,0.0752635453272547,17.9231324497746,30.6293041551579,9.32034540877947,1.40268078602655,0.0358479539206811,0.437762317362991,0.442308846864961,0.00111293236885592,0.461784528888946,0.351707506410074,0.550524877740849,0.287702252721038,0.0730988932386117,0.194513247505138,0.0298863448116309,0.0424950173858411,0.408809721493231,1.76323146729715,1.00608240534097,0.131864217949539,0.535933520295313,0.227852707629891,0.0485979409392196,0.247020088727398,4.98131192012732,27.9646379653918,8.23987283844192,1.99592536035838,0.441287501931027,0.0941373650699993,0.0215687266482801,0.0949764141480362
17.3533749236351,19.1210605968239,5.74044123814218,2.43506137242894,1.11471719409751,0.449829279163753,0.141982293146647,0.124409192954506,0.267887902838627,0.233406638144334,0.00256347261671771,0.398919185006781,0.186378797829033,0.405800861398124,0.815323076342191,0.711197854547862,16.1943118894148,39.844273434858,1.79876607743713,3.24887122089291,0.0195339616385304,0.678965986610659,0.518901498020843,0.0920364881310156,19.7686721345228,1.63928314610782,6.24701646871261,0.551503614139334,0.214559190495396,0.678450601514379,0.00132292052017223,0.0909803244035056,0.680211498602064,0.0876030666677602,0.0789232247930985,0.565069970697328,0.277083828650233,0.509746839435934,0.153510031847699,0.358750735744594,11.1717972467596,4.83875577744911,11.1163062175812,0.880217384291471,0.819937472408368,0.00182903446751846,0.0359206810560139,0.0546739558994874,13.6198949451341,34.7067987984407,7.50680167832178,2.97297288709791,0.0721185956536303,0.442158748945507,0.356586585343196,0.0121528297490423,0.420925265639727,0.288170646509601,0.468264980162311,0.428561999476253,0.275239963874853,0.264712893008505,0.073973885005691,0.0184091301145105,0.158580884421141,1.66342243152759,1.60736773241926,0.0831854077887514,0.751256366680751,0.104094586731325,0.025123304909725,0.040700554795519,14.0483338959774,23.1546919994391,5.1442977130248,0.610435148124826,0.0971166134558126,0.115921144879895,0.0239905225427127,0.047700967900866
8.6708578470192,15.8134820760375,4.29163099097886,4.4043805098865,1.08998343239064,0.259736101968863,0.188996192838155,0.223887924397352,0.322226601001531,0.422308639930545,0.00446655519974651,0.347524110640276,0.229865355214782,0.242335165472151,0.409532785639221,0.860488482470532,28.3261444644125,23.0540898040767,2.72429989070432,1.82699582127741,0.194551865293576,0.598111566695088,0.875450182990166,0.03278010119228,31.9971587579054,4.1357601365828,4.95454218419039,0.318584144936784,0.243996669133849,0.490565149720159,0.0126897320348039,0.113218856853777,0.186964542881552,0.135847500528543,0.106170829872662,0.722092165303137,0.611031265047371,0.713601536030944,0.529733232734738,0.13508011110314,19.3462881727249,1.52540286534643,6.52670106187204,1.97056592585116,1.58065784399165,0.000269231070323907,0.0292622503961093,0.0514659862539031,18.2302898549531,61.0856128421045,5.74568245958232,1.28775919853416,0.0252656521411821,0.630054886091029,0.251796551595822,0.016426581009407,0.936225566296738,0.261192227662841,0.897069360636332,0.320586762859866,0.309426077348133,0.349419396659286,0.0874836759471662,0.00584580420045,0.512273562782272,3.02215748375837,1.1679413069843,0.162849475540878,0.485405586155104,0.193616226456074,0.132249921592518,0.0496707271738584,5.89504366889977,10.3703774991813,5.56414642236167,2.42054923961346,0.258547715847289,0.120979193191484,0.0511188952108149,0.0422466492939259
10.5139645851217,13.5454437779323,2.30971517141111,5.127275674379,2.34085240701493,0.318037106718267,0.181334398791611,0.0992815321721645,0.297308055928958,0.438770504203252,0.00431170628728873,0.439292518150114,0.355144541557653,0.498490726959416,0.480141199109195,0.77844872582541,19.2021304375067,31.9600728684428,1.85832314935082,1.41731591846733,0.302178011260929,0.575729865747244,0.436690466835477,0.0899804209966924,47.2209182238296,3.82439277565801,3.60068556887391,1.19505398068227,0.0882120694773467,0.520428372876922,0.0216633153893929,0.0290462411120953,0.498772311132008,0.0862707000590983,0.12480631918011,0.291901030767627,0.446838119665606,0.196563185772457,0.387452802241913,0.317905048370722,20.7133169066894,7.57923897242958,10.342884267542,1.96615455495945,0.677025927780724,0.000364587413372458,0.00530241984734498,0.0709873597762682,20.8387146695521,34.9408972459917,8.17572133400602,2.3114483918089,0.0444756853947263,0.291863352248338,0.507621107566856,0.0138811970848999,0.874361402518224,0.278889316637501,0.404125355315459,0.509058584522117,0.261137058380716,0.400772276491578,0.0579287525920687,0.0629944252934475,0.463010848028578,1.61326016974862,1.81056572489119,0.122015198946785,0.320217342919301,0.183897937581707,0.0550272623110255,0.102337038899477,5.7221370597698,23.4645556123161,3.10150086693907,2.41340836778389,0.126270657658228,0.116985855922721,0.0363463955342636,0.0798225552414527
13.6950961540039,16.4734902004721,2.75048161502871,3.51469902840092,1.40423388235758,0.176531463609223,0.290267017601687,0.115358316898251,0.186986767290511,0.561473639003719,0.00351452468517847,0.47621294888937,0.0307411119142678,0.318340294702799,0.653575388700787,0.812827364025723,26.5135014536609,37.1259206120082,2.85030757040962,4.49031994595516,0.225380221910181,0.550092883053108,0.119774905278158,0.0217963011261808,39.6129057520135,3.66277686232464,6.84174124962727,2.45720240169911,0.139896027256166,0.621034460975285,0.010753947819341,0.0598555392523121,0.638252212856856,0.0150097439048479,0.368223243966349,0.537720382842674,0.574430877580913,0.624202906277747,0.211243287568369,0.359873337017087,10.0159401364141,5.64405564646929,11.5109883702065,0.469885846367348,0.575246454491506,0.00103872502622701,0.0220423427317848,0.0917241372772446,6.81393434200069,40.0067634437525,7.60383920218681,1.45873772623114,0.0792263378013785,0.100799479112598,0.348592124234711,0.0224479746224522,0.199301676872042,0.36840725044839,0.465713526476407,0.299908637868826,0.209583340618413,0.249404853817134,0.0805396880027881,0.0329074986919384,0.214262466862707,1.10039535655065,0.398543033659553,0.0411586543069159,0.918196221385292,0.143132337302903,0.128171382708755,0.0965994402029656,13.7050536465949,9.99625496501051,4.13315374011765,1.10996309710255,0.166321246579035,0.190142150009362,0.0461443773671904,0.0399836011384746
13.1750527812345,23.0316273961717,2.53556447264927,5.02277481526569,1.64393442286877,0.240453940935825,0.106820354958388,0.16326475643151,0.338039699227219,0.428087719878478,0.00382009550275429,0.471211356416462,0.383025809607319,0.558230547786654,0.801517251226345,0.646583060298962,24.1523078351384,38.5374308121737,4.67970138895623,3.13410834161633,0.290002955958745,0.208832620471671,0.737643889787523,0.065460035049151,36.5651514085494,3.03602701578433,4.63468978244498,1.79048642698941,0.202492956338457,0.612473769512086,0.0171437333007169,0.0373938242665053,0.480241197562383,0.188749880628463,0.157715153839096,0.572120857988324,0.100436034736491,0.253717410515436,0.20617706721051,0.342929067615341,7.83231320376199,2.47205576728609,10.8795780229996,0.462955228974009,1.37997462783702,0.000898614435753675,0.010748759218428,0.0401596809529813,17.7142534025336,10.2881901062647,14.0524070090577,2.30314253921199,0.0662677862336787,0.464671260280809,0.217285755658229,0.0166016570435654,0.247360934034149,0.4289564184159,0.203650387655912,0.361289556559976,0.22862306575088,0.24796607363574,0.0972137322765893,0.0304192276028449,0.665250464695559,2.08413307858704,1.36743675691749,0.0815127359022138,1.55309234616824,0.214723404786988,0.116540302164443,0.113545405296405,13.4983740616274,22.1645465153459,1.70147352904489,2.0887528235403,0.0802171970783677,0.075468142458329,0.048114053517004,0.0642247745010695
17.8592156989443,21.4839848524143,2.05613051642004,3.40572388916399,0.635963422297628,0.592727095213111,0.313875884924503,0.0844112952963825,0.404279083553451,0.240776364844239,0.00695830181912081,0.28418729064302,0.458961379921531,0.351243601691594,0.604081941256937,0.735717616552466,21.6979322601787,28.9751633020002,3.70950056259431,2.68457812806274,0.478026399014086,0.34591208353501,0.452475383123556,0.0958446639758925,21.2280639098855,3.05393670105043,5.14921661738799,2.44202876144726,0.118116753691438,0.260161578681338,0.00458844819438871,0.0603580087235631,0.509126626678525,0.124381476428735,0.300647744399273,0.576494584237858,0.206676676916578,0.453954519958387,0.314029706648317,0.230487938665297,13.9336932341391,10.5002381872025,11.9187119370557,0.722898470641527,0.663549069681039,0.00162590287701974,0.0230901414592078,0.0650845440615982,17.8427426039912,40.6462333011409,7.32220797803448,2.24252035614525,0.119091869777062,0.212492308798358,0.261179814570609,0.0197560742954915,0.926878543772944,0.307643922977508,0.346578152174307,0.678442722796555,0.142217640226308,0.366885158777602,0.102823327980962,0.0353654734943164,0.261720987641373,2.35973695181555,1.06117180635125,0.134698462599742,0.919685984646254,0.294684018020363,0.219604283608729,0.04152553271657,15.2188235061152,17.4712423492447,4.19074006666292,1.28707189061225,0.300152727035448,0.074621997115454,0.0173699466393902,0.181266290647964
19.5192107482843,11.6388620479334,4.07140832699825,2.77435381477081,2.29323736074652,0.318199443287,0.30075251112855,0.123777273130519,0.30224725134222,0.750854969243704,0.00264291143696375,0.0438756824088443,0.310859817246685,0.372203787857009,0.688862442729139,0.651084799695838,24.8489870260002,33.987675412673,1.61449917036658,2.00325998143843,0.384162437220572,0.609459584539003,0.548252338545217,0.0581717849396057,39.4519122428714,2.07109623757464,6.47952696881688,0.839111654408069,0.0819833039164393,0.479152509283367,0.00892288651786701,0.0370176504838641,0.468188536054226,0.13565008102554,0.106176961614909,0.907907582265077,0.382518916252912,0.612422610691868,0.326254778473645,0.259352691056854,16.3901478154837,6.21416639851929,10.0321384227608,1.15399829149973,1.95024116344505,0.000592821642822781,0.0158374869062599,0.106873076502262,9.76843525090353,27.7777555554694,9.71055340773038,1.26941822109768,0.0776652134593113,0.663653413725996,0.284303073701996,0.0138642521740253,0.68481026477176,0.132230690347391,0.289126396942238,0.559212018005297,0.0950369696830533,0.163298016328337,0.106233615672939,0.0453315726817996,0.606449525440524,1.15690392461376,2.20350183070092,0.118568521454908,1.18049062425728,0.14878895311347,0.0967090963609781,0.21010617290479,16.213577892056,19.7481398774841,2.63439991107426,3.74154863982618,0.376862560857421,0.103604800966347,0.0492237464432885,0.123196283494301
21.2749374137314,27.9519336813496,1.42692010644807,1.92458092069441,1.7139775400075,0.251868633122478,0.240400139821254,0.205186427133418,0.283094503017489,0.483586097657611,0.00723323076135972,0.416393930241914,0.265643194168598,0.291135430191443,0.523754142966688,0.721680770701187,20.0170029455829,36.9433014904224,4.12299931490564,2.49479158112097,0.309231702315918,0.300796395406649,0.270350151788855,0.0567984024550268,34.3411049070741,2.6205810570301,2.72802573024232,1.55854677903535,0.146703369532698,0.170765069878385,0.0150252910672797,0.0147950129012586,0.464172571478747,0.154030584026507,0.135264244038268,0.83769371893545,0.34058933287344,0.482696502261108,0.470253716674273,0.146010645177693,15.7171884446612,7.24747852537229,13.5020405515822,0.987745175110189,0.288939236385895,0.0006291691120812,0.022960857799566,0.0629678962711638,13.0650485785004,23.2738659248276,12.6130916540189,1.2189420004558,0.087928078101597,0.410869415001792,0.43337816365564,0.0254073021250097,0.933581852681611,0.467787822652795,0.923293330448843,0.258501267746806,0.177366592093688,0.713895534381066,0.0313146846014945,0.0475907738890919,0.474890743417135,1.45866441728877,0.992248708663824,0.0632215908355879,1.09777250848277,0.174744119350557,0.129430155211526,0.124596638552941,19.5676579789675,27.8836657036717,3.04575851411312,2.78817998871556,0.443083544582176,0.10476646115528,0.0595768462901611,0.0845966655293793
1.37828026502859,31.9542250812144,2.73580211515005,3.17907864383041,3.08061569423875,0.409203131746857,0.290298044937946,0.129702957944045,0.0826021438024621,0.296608631424025,0.00618068593126096,0.376528593933593,0.217667252250821,0.422342501256614,0.853066315147655,0.45358542898666,14.2646574806575,15.6778805005751,4.36431328981481,4.91325957097546,0.0511745878289128,0.278450680997504,0.824040214717568,0.015927574196429,23.8527969455558,2.13827692945801,3.89664892688643,0.523689802600683,0.237960217137145,0.649718200474484,0.0136943861720701,0.0514704992004952,0.277127905998955,0.120741654501928,0.177254154297073,0.751054969613884,0.322590532370653,0.465299468095885,0.13923356196789,0.521690431267218,15.1522091447448,7.39564341746608,14.0575431411069,1.34551739128756,0.660258972762543,0.00105211177830065,0.0133922485513803,0.0457702861127985,26.60562383504,21.4064733417964,11.5591873489325,1.37190068278748,0.0279987000010721,0.457561929116442,0.406317911742887,0.0154866206290816,0.826195704258143,0.314094409418949,0.803406997475556,0.213400618067869,0.295682998896031,0.394333986035578,0.065649642260979,0.0288478373985967,0.837829600563868,2.20580451936676,0.519365585332998,0.118722299262093,1.1444809089695,0.210104242400766,0.0929654311584727,0.17574476909894,19.3318245484921,12.4671824017142,2.74917761695812,1.59434414074391,0.156485723744511,0.143108091056177,0.0386146262813575,0.103232709271369
11.0028777538288,17.6975321976522,3.91576062016944,3.57859686982926,2.47272254568741,0.419102658149407,0.297646077726221,0.0977193288485553,0.355053457080905,0.231278925125543,0.00433195802975735,0.70170488672451,0.297032006565302,0.431882558832603,0.479547150715681,0.727967480910659,14.8362968734579,19.1652377730625,4.73338559365513,2.63940566205423,0.145478573410677,0.568219095000445,0.699105846123198,0.0591043598977083,16.8295412622817,1.39654553398046,5.79752766483713,0.892981490988986,0.174588282887586,0.284279434775993,0.0100480031197796,0.0774417456525186,0.227989073717864,0.0707519147404693,0.291760511841613,0.467082428321287,0.327511968669045,0.281598702411359,0.490907122947912,0.225580559105629,12.2108501074991,9.8594351955768,7.74218960306132,2.17946333750297,1.09684105600361,0.00142671181231578,0.0118352564161174,0.0900607178713252,14.7408533432865,31.1385927975863,9.86511406555779,1.4667597807498,0.099684353513795,0.61542229631374,0.349778249677723,0.0220242314371175,0.837733493873025,0.664563253133069,0.252175332716015,0.19089645015788,0.253028056607871,0.380374879149298,0.0851140064336185,0.0181445987955499,0.144308395824582,0.36013434074836,1.42537571839146,0.0343911146017452,0.928210127036671,0.239603536629553,0.120860800138923,0.157039547869647,18.2457103335474,21.5744470623121,1.11608011855802,2.8727139822892,0.0985464856224583,0.163205875095961,0.0604382044846003,0.167852814374027
11.7590429849457,25.068346288434,3.044330700567,2.96525910887748,0.332404956742169,0.380006319110872,0.0637946506834653,0.150395545872646,0.272129336511787,0.112466970395662,0.00243294293308734,0.240497104312529,0.230137662836462,0.35103120868272,0.409238087979107,0.892583735052455,27.8100166058125,43.238241773582,4.17675447552179,0.724746739865332,0.263396469486082,0.336824562776413,0.569691566248334,0.0898165625441664,38.0747351255145,0.782995374645994,6.4780503053274,0.061352554195343,0.147094860467928,0.370208432073345,0.00502647342956019,0.0557105526673195,0.480772097791511,0.0218780993136145,0.356826748417636,0.641828575628908,0.636529350336776,0.49401917602784,0.590722820312363,0.0398268708014606,21.1190594892442,7.64284072170461,10.5664167572455,1.82404672314277,0.634301236145344,0.00172683494980641,0.0171476885826887,0.0836242856162591,13.4868161820496,22.1151290061153,12.7522030898748,2.68143690356167,0.102736381528637,0.141326611337567,0.438410197052687,0.0296228719253631,0.235153578158681,0.42079389790198,0.424356271115054,0.301011310147652,0.17016003850814,0.5036855718871,0.0901009927720246,0.0100757116567765,1.20726242934236,1.01185972981688,1.81224479699452,0.115991295134271,0.556670353023234,0.162568937395244,0.122552253441269,0.0958536157051643,11.5448290000882,18.8099943580549,3.98883708515228,2.00387408379466,0.0266222063376985,0.0788459537280372,0.0401174946019328,0.0688005055859424
18.1107083426607,12.2414234417747,3.24100236969262,2.83251121107498,2.69184201490317,0.442112247848176,0.293697648344585,0.0768671667599193,0.249907213175397,0.283005061380168,0.0047153322895548,0.219137314220323,0.300604631952539,0.491287902065008,0.445723158918235,0.812666195967261,36.9311812855637,32.1166313703528,4.41328172400752,2.50651653710528,0.241226178269813,0.18850667646856,0.48676965005325,0.107453006046634,36.5559013057816,3.769455323556,1.62746258698149,1.27763310659988,0.109622710986789,0.469269584453474,0.00644190525417157,0.0653066470303823,0.663431197542579,0.129123500926812,0.39120485236186,0.302398065094122,0.349273276078137,0.457984435337719,0.498936900501884,0.258686956712399,13.5963816582815,4.46330177284228,8.41694886209942,1.83346422796954,0.389767859091995,0.00082578765520767,0.0246477530814274,0.0187662989839453,9.35277109013736,8.48888470510474,16.7101371799396,1.84601972896482,0.110002058659347,0.28919547358082,0.450106858999095,0.0294760472792076,1.2731008437577,0.179944786124925,0.465981910487926,0.346238333043545,0.241864704033281,0.410116824913079,0.0679517876186144,0.0471839149811836,0.234087389168448,1.9249012200463,1.61886805815607,0.122451448761585,1.0723405766841,0.00161203506220155,0.15271281297722,0.0738668351848198,14.480340158417,38.9245830157641,3.78910798699261,2.39365432928748,0.307245058089414,0.162883271214966,0.0523539004512434,0.131568322942863
15.555044877248,12.3796938143964,1.31364985865407,4.32714474738662,1.36160271037547,0.299036791796456,0.220679582868951,0.0356955933633777,0.197419762985538,0.347510976975887,0.00220646449940798,0.318005682677709,0.0912666177596191,0.357071058064757,0.438016255126153,0.809443473144623,26.5182919749051,41.0207660251516,7.37158095866831,0.638880296467229,0.322072764600621,0.457996939373951,0.442675448182785,0.0650333870027131,56.0374015388997,3.62312378773116,4.15603351585754,1.17632441050053,0.175680640784347,0.463901348874229,0.015955056732166,0.13466577984749,0.549344933206963,0.0755741437486265,0.259010449484566,0.730608108697414,0.492602792908221,0.686098901075713,0.475763365364447,0.0600284397909563,6.16787834583647,12.738078747264,11.0611833326357,0.790689158439181,0.918255450453806,0.00229186157902945,0.00892184446177714,0.101124798529601,3.53548153661917,29.4995873943098,10.7014697830666,2.36395769838084,0.0321453179358227,0.116822059296419,0.25666483135892,0.0193676306479264,1.09987364028212,0.305043890781005,0.474565552712924,0.370036140228836,0.305232482188545,0.23180411632957,0.136471902633842,0.0647832901134016,0.40660395884566,1.23798271841623,1.54825528993495,0.148290170014352,0.818666934860413,0.244500955603308,0.146167666818757,0.171956630387748,18.9458325467431,13.9554669632077,0.708574139215191,3.76298375116896,0.123127543022745,0.11003572017806,0.00349763576446482,0.127583295965551
7.02263471562243,16.7384960929787,1.19661834859583,5.4540336162674,0.820507303062751,0.339475157328267,0.102295999266199,0.146011713958945,0.204237801445991,0.180851827969883,0.0034011244286254,0.131981782684904,0.323942999198314,0.263936033845005,0.464601017398878,0.699217994560902,11.6046915162382,47.1952033112231,4.24013792920198,3.0149151625332,0.147499984464829,0.600627990904704,0.301613583779498,0.037743488355995,71.0455690291108,3.91617691251748,3.14789209281717,2.3973023245373,0.231504036742206,0.229371592615529,0.0129580148773125,0.0659173963023896,0.562163043804156,0.0365916266276029,0.11032298264787,0.7950884763405,0.349778175093391,0.712397823154402,0.535642182888775,0.325309777823448,10.8947210292738,3.18963360700142,3.12798424012795,1.62076483102718,1.17021322757469,0.000499472416907388,0.0183254219747151,0.100329025159126,8.2614386983762,32.4237718084674,13.6273811724274,0.287054081212508,0.0769605513421387,0.275052991744482,0.103619312722776,0.0203074003958607,1.12281764187401,0.26647499058307,0.640513617838772,0.424963701863593,0.200328648924606,0.335637950557753,0.0752408136583324,0.0607658993707021,0.403469828610789,1.5228570756436,1.58626421721161,0.140373692226709,0.831980346076032,0.0391570095441207,0.159068666013622,0.129254014561177,19.3238768595473,21.2911806983024,6.14496841205293,1.89907130768704,0.29794888244536,0.10237725006633,0.060598015953551,0.0761933478308498
18.4112688574902,21.5343573672988,3.31366662177031,2.91736809104296,0.536915512843547,0.23852888081473,0.317304150880467,0.105745127139815,0.240446234557046,0.350283266484114,0.00563535710574282,0.591559408342373,0.327738842226745,0.308089333155654,0.448027447652078,0.698296347471708,30.5840425091785,26.1380903284772,4.67063037675278,1.8843675732093,0.357438262289907,0.48239741886902,0.260371463414198,0.0688738529657881,33.1196663412709,3.11176768280479,5.02349202000696,1.9669358046181,0.119931841966172,0.295559198286108,0.0100310013830382,0.0723481623860937,0.526763339538016,0.0633547387507747,0.364017776753326,0.507020472100084,0.113086673308259,0.482665854428718,0.5739850307014,0.325832307697081,11.9852595974184,4.24930371151281,15.5111054152175,1.52353533219753,1.03506707884941,0.00134814552406491,0.0180475611672308,0.110033582218679,13.266207773962,19.814590356258,10.0655202193506,1.35063100435491,0.0939313624633508,0.406226256375463,0.208620101176473,0.02077386469914,0.627201369229087,0.534020318095273,0.365074533314352,0.34472896120836,0.233510664012291,0.475939079237574,0.116642758321022,0.0267050112184275,0.378270532393789,1.95893539527922,1.9113971853816,0.101510247344096,1.10059495245791,0.168400402798319,0.0554111364040252,0.113507126558791,10.2681027547832,23.0023586048228,2.87443445760372,1.68739590300783,0.167962464768548,0.183701921495128,0.0402485770136786,0.0392328289066765
17.8383411099644,24.3462805495099,0.672385357840475,2.25984463784727,1.52099546242166,0.280079347914215,0.469777107812531,0.0818683124607067,0.216375506093809,0.198113630248147,0.0043053094926788,0.495788028143453,0.21639707403596,0.259779073549714,0.652951096094548,0.560089907040192,18.4258003754946,39.0329268574047,4.74769878556031,1.13432929584118,0.334385418940688,0.734641068802305,0.616497257115709,0.111083232428299,52.7086467923519,4.72226684186031,1.52579155558633,2.02882822304198,0.238136143233484,0.374238433376562,0.00233043269949419,0.0493371505850613,0.208324955698706,0.11857331169327,0.235513129321888,0.454854388384683,0.455084109070635,0.738427455811635,0.643716532980246,0.293099221938516,18.9248871664084,10.4606768621196,13.8612203922056,0.620479873355553,0.365293790487523,0.00143046170865521,0.0153579699474916,0.0359770385402714,10.1662636432874,43.4765102260561,11.4907608139953,1.52182776310552,0.0890200187656545,0.380381650251447,0.367030574487975,0.013934697103102,0.451664706460747,0.114339582302709,0.528232327501486,0.660441637840951,0.230030979471672,0.41018177226328,0.104595264920761,0.0285046341742786,0.355210768863941,1.8814415280786,0.753350048763873,0.211356534054353,1.24474356194948,0.289625579777688,0.122964590947931,0.0998339940643731,18.8847979467087,34.368304284737,1.11273002479286,2.9875255232212,0.329061693391535,0.154696133358576,0.0422292005790689,0.142933309421296
2.78226434736155,25.3980058621675,2.52793783002066,4.03405173011899,1.90420471887094,0.228336975474434,0.416902449382794,0.0884932238495601,0.179848667209634,0.305369102690125,0.00486660924761575,0.163832456396261,0.276948564724007,0.497198659890364,0.799935136727647,0.55016857213317,22.9842441855119,51.7614131222103,2.8628635177731,1.78370786814146,0.264297615764589,0.567081404102471,0.388726619230204,0.0280895334491192,39.3781475560498,3.24066081787422,8.95888093629597,0.396665127490489,0.0336681531837989,0.603421458584821,0.00993541643682296,0.0446650876594388,0.591677586205387,0.0391778660277073,0.241679921664176,0.902756714964326,0.575921969598956,0.383226606459851,0.264820786422059,0.447768590899484,15.1621865903305,9.95417155070017,13.3154271738764,1.07264820511825,1.08998904554979,0.00170259646304106,0.0253540738198505,0.0468479500823383,12.2211319145171,22.5954139217372,7.92442471898816,1.90408814876433,0.0641315749047162,0.144257140490582,0.453238436848079,0.00782873421263129,0.608832793914861,0.403399427871587,0.57832447067431,0.3390118291314,0.103357384484511,0.434215657170167,0.128229191564568,0.0243629763700311,0.868950020719944,1.77391293435078,1.69006511868651,0.144960022835362,0.876637699119822,0.178595029083231,0.0155524374639305,0.101248000242766,18.2479598482505,21.3257314769341,2.66578559251818,1.83415512875871,0.456681885473868,0.126593536180378,0.0389649312742537,0.180271729033341
14.4254813747441,16.0395755594226,4.18581094439186,2.97405860802647,0.95396844601582,0.273199680196237,0.299499674871771,0.209433655633489,0.331484185207772,0.609221994819634,0.00557186266551624,0.193637555230427,0.39967057132132,0.25051456009338,0.592987471600356,0.725637445605973,17.8732809536568,32.9162308287794,4.13207453112623,1.30002049248464,0.236782101411827,0.139369090866964,0.620790400333498,0.0868854589524057,12.3606539656492,3.57178441465378,9.99927321224612,0.851199119429483,0.0636098244626927,0.0645195310154871,0.00775701757475064,0.0868154368680263,0.839033744732398,0.148032979655308,0.26991269419127,0.620090677728398,0.305043059241169,0.600548521908064,0.423729436291944,0.266404200609796,7.667266345023,5.15652780950716,10.4934680873689,1.6625641812392,1.325750714518,0.00253492346434423,0.0164810535985577,0.154399310576978,24.9743713607939,52.9429169601727,9.06300888864571,2.21359518578678,0.0566850664511462,0.121033477465361,0.267446649492554,0.00706640301779857,0.609312553904592,0.109314552014423,0.44423816206882,0.44728320938653,0.2599567693811,0.444179494394742,0.0443615342573624,0.0225802802573671,0.29525422964278,1.48175933070615,1.39710113944331,0.237046071026474,0.682628740427815,0.233320997019477,0.134112012155258,0.217374308008253,13.4876174722835,17.8490392926247,4.51535494550496,1.11787718388733,0.127233045742456,0.283266477536547,0.00842992189506409,0.114677606989268
14.955620995976,16.2209738206295,3.4420700963426,4.02536262397266,2.11439403398247,0.324353821637141,0.266873761922965,0.120647988900538,0.224789023230129,0.304431139882596,0.0054489983100361,0.329380246171803,0.0810099334756106,0.295075383137603,0.58085743945333,0.886463181310831,38.5521544983154,44.7274264250011,6.76785921447334,3.2488012440923,0.125202238934122,0.438830424951796,0.410919767849841,0.0192107240627218,48.6271710966826,2.94664621686803,8.27468957229869,2.02855174922427,0.137917185458982,0.778655254401379,0.00841388255464242,0.0595674617370451,0.551216998941068,0.155791978547289,0.324919231299602,0.848891922952948,0.285157268129373,0.853405030089948,0.325802448939376,0.00808611773102919,4.24815441057441,9.20912325694513,9.45998288205887,0.769067821370566,1.25949017498891,0.00097261194273947,0.0225412420767357,0.0753596572210851,13.3114570783882,24.0771219076728,5.17760067295833,1.61184724503476,0.0587990641485196,0.488202309082959,0.43100013865411,0.0309568311284467,0.653482112327376,0.429484119612671,0.520803885975155,0.0663401804431831,0.279524993358507,0.132252874053131,0.0934258805685807,0.0489598172088207,0.71127956608412,1.90148766913029,0.571712204655856,0.183672215656055,1.47203031630666,0.0916890673510442,0.0832577945442791,0.173007996205619,12.6428488568922,21.3584787316395,3.90331821596681,2.1425858931437,0.352882027319635,0.0278025584541054,0.0622651698461249,0.0786138759391364
13.5234822855895,19.3464440838441,1.59944664858067,3.73519308372466,0.187104171040402,0.478006936422484,0.338139116818244,0.151477495296473,0.288953806343824,0.296095683949317,0.0048924728840618,0.661838960366255,0.22974405402013,0.278785387863086,0.654266415880071,0.685930764047094,22.2816365985749,26.185837727495,6.36351073482101,2.08849904978281,0.196699602670486,0.377788970341415,0.232745010143095,0.0894068854720549,29.5568632915004,2.71950852540345,6.61424024925185,1.76182094977302,0.119937891691423,0.191260998973978,0.019418537753098,0.0504928341134575,0.480036457262155,0.117817506210617,0.141009160877062,0.418027226629533,0.389721968316689,0.585172434134463,0.308458566037285,0.298870341947003,12.1807824200198,10.2350059921329,11.2658824750381,1.64688982272284,1.01967750199319,0.00219765744605408,0.0215856525306999,0.0292071186757304,14.8369274377173,26.6118192974541,7.96207794980041,1.27837222375494,0.0411736230208697,0.168150218877057,0.330502182054313,0.013437362313934,0.686111036979293,0.297079692633337,0.191962142341148,0.288904999697945,0.399296875379582,0.362917217990739,0.0796019519641583,0.0489007494062285,0.597922747939725,1.85968257310181,1.63025434545684,0.0783897850870926,0.761268201128463,0.159171105029107,0.0908679178459109,0.147140758546644,16.22129391428,18.2922243897259,5.81524807196886,2.17905029864647,0.260787470412533,0.0930325068707038,0.0415177621144767,0.0477672712706605
19.4158821134964,14.9404148717206,3.2319703547646,3.16365039584288,1.23434992961405,0.347527793147471,0.276856586748033,0.0799404834407918,0.141842762374036,0.614663965293011,0.00481986767875177,0.35844576124041,0.310617211209866,0.390535777141574,0.760183873350997,0.748229700504879,29.6368849335564,49.0113402223367,4.40173580187222,1.08808333624936,0.143183193745227,0.404643205386326,0.331949371685132,0.0914211076505001,56.2823215493534,3.18191378176697,4.85045623160536,1.47327024127229,0.094665940661479,0.602119610401836,0.0137273781956625,0.0467706882829171,0.321495806422526,0.125336852607628,0.192582206628263,0.687473902290832,0.557244101725544,0.500223452544511,0.204768855802837,0.0779702671613268,10.5151594536413,4.69759724124666,12.3685784832488,1.41889212104102,0.992742479441907,0.00170073146249322,0.0174795801704796,0.119807333450331,15.9693343545666,17.6229447722416,13.5276047745321,2.2554757093115,0.0634191830237364,0.209213882174257,0.582966115619184,0.026991952891949,0.492503023905106,0.302941839062576,0.377642045328787,0.448588654348195,0.23933519452976,0.448196193238556,0.107325235461489,0.0499812006275322,0.550865920542792,1.41645425440424,1.74570251757961,0.120097593144359,0.619925878188968,0.142001730152407,0.0633479660771496,0.0573925424224718,3.22670488971929,21.754289960242,4.54593794471168,2.3098460123584,0.332544425109285,0.202697444545634,0.0540881713901652,0.0784680399506062
24.4748655465173,21.0136832276118,2.04246397074853,3.50933646621766,1.80251405820063,0.345876941658581,0.1880687587756,0.121582300053829,0.233082777564041,0.44069570338323,0.00537131760350877,0.0583548307170784,0.172553356980744,0.284916458156303,0.698984087296246,0.507981720514109,28.9315593413482,22.4587198907306,4.3385523394133,2.64883028278599,0.178845460684187,0.183661063873856,0.316524023092194,0.0685609950951125,41.7401798030802,4.60718468113406,7.80557353571362,0.899771835023452,0.215520679854513,0.695031522256421,0.0113311416156822,0.078471533332922,0.488393896639173,0.154752940247108,0.358933933994153,0.785692335651761,0.180529096217509,0.742546126722532,0.273343734025881,0.622591756450579,7.08852802927922,8.46811075116325,12.5835385721617,0.505254734746116,1.32316289546248,0.00262637505399304,0.0210589498350651,0.134866317382587,9.08006703404401,30.4844079900065,4.85245394932591,1.78604948357617,0.0529010520075614,0.480712137289873,0.10778516745963,0.02250239453027,0.979977448376797,0.171082634997944,0.799379930913934,0.587453325953085,0.344278632649923,0.320870657175614,0.0523498743452288,0.0627622560224025,0.512076791369195,1.32074754323321,1.37791407133687,0.194582208827117,1.24585885277362,0.162040666886118,0.0259529978214582,0.15853170390274,20.0432468803607,19.5084706555084,4.7028737149809,1.35152522289053,0.133460415718585,0.15557855792991,0.0222868670328811,0.0870649714668052
17.4708454619792,9.41143728436565,4.24058450559404,3.21185709557273,1.89514936984269,0.360428054265048,0.0625320058363403,0.101832984800067,0.272663385039593,0.186917756984612,0.00729107631347084,0.483607579741359,0.266202887738755,0.491298617057534,0.847856458695807,0.536710600797492,34.2223320256734,46.2454237517054,4.65478008988306,3.58064172448904,0.268799122623702,0.575524749874541,0.170873181744211,0.134366991538955,24.1196613505581,4.18008006663455,8.45400699503534,1.01322742441534,0.222976404734794,0.760215873957964,0.0111881788996998,0.0283439487536089,0.286261932369295,0.139801760030197,0.0907677003651862,0.71253438136296,0.451800553410567,0.566128767638375,0.154020989392693,0.442912593344022,4.34089443354471,4.01348984161536,8.81578417387137,1.74462974156241,1.39003298653227,0.00161597224229371,0.0175902980166849,0.0403944844450759,20.5835939519167,44.9748603282112,6.60838411058644,2.17118540369696,0.0612699241186283,0.120292626164479,0.31284012140951,0.0232823462344717,0.88469575658057,0.298848677153486,0.638940663546426,0.218457258569605,0.116641056712863,0.311682972587667,0.0530437685538915,0.0489087241354425,0.463293208807215,1.23679783925878,1.1250135108258,0.118623335561175,1.16431703217499,0.0744534879626491,0.062716498412184,0.194945016807446,11.1079547535758,19.8098088460265,5.23099336963372,1.40801794210301,0.342345831424419,0.201363411243565,0.0595525879599278,0.0705356460196835
14.8037656670923,22.5658423634281,3.01056004698135,3.34357947358061,2.18264396751284,0.360462437902915,0.345571713101896,0.186853181443161,0.223581489835669,0.201146430392967,0.00511021028937458,0.329018453958848,0.386361939019977,0.196855845760784,0.590264212610588,0.722125163276925,27.5606260925862,38.2224175067486,5.68551183031972,3.26360440410991,0.133815006273171,0.328756715960342,0.324609752425161,0.106706443536282,35.4166931634188,4.01944450531471,5.81063939792932,1.3653091419885,0.206374946420837,0.532269294958829,0.00970832142931435,0.0342094841984142,0.243607628812385,0.201952796362209,0.248430341172591,0.820324134419766,0.435957174987763,0.601071094155737,0.423811788033223,0.206403612492715,10.2336309808923,4.14213633976769,8.0344628657868,1.65871894078095,0.560666921814394,0.00111420060395013,0.0232155663359053,0.0982167383382803,17.3230623595557,21.0597301918725,10.3280448288293,2.12524640088101,0.0791826862949177,0.345607430347712,0.417316591902494,0.0167108202977174,0.874373375096429,0.439540147788577,0.323796404027562,0.387287145367389,0.174956672697598,0.398123979235857,0.0760497868147359,0.033270360520684,0.739718758920183,1.35015783824836,0.837290442492001,0.116270568719223,0.775721790825656,0.138047640768111,0.11183159518183,0.0834566569922038,8.64089475023049,18.3579943392084,2.99392463095903,3.18754298041716,0.430805047038309,0.12725312268617,0.0617981399894972,0.0887253211611351
20.4393447257275,17.0110086318654,1.69370269036006,3.67201759238856,1.20836592812211,0.363449366737212,0.211245400474728,0.108561447251152,0.278319756570401,0.393027055405181,0.00478889023083621,0.407216397562345,0.256133646809611,0.435139959942495,0.76442521407399,0.70121409587214,31.7015961706785,30.8998208828142,1.21960318295741,2.47797757784999,0.246766781946885,0.351429078460149,0.512012267469446,0.0561462341690998,40.8817128089761,0.796751197179761,8.39599105962741,0.888808261126681,0.146259200381364,0.448997925251388,0.0165513031567058,0.0432273711466918,0.502480199260168,0.123737168402827,0.168962488137319,0.515179567108609,0.375377436853495,0.292584433987303,0.174839385496951,0.247810545850052,7.42059223500351,8.97094732740299,13.6000525122693,2.10653954749175,1.17214148036352,0.00120009090410808,0.0182099028365582,0.114647382723394,7.24688256722954,41.0998315805475,11.8190076235258,1.94837351507373,0.0599122857307983,0.184909442391628,0.258234599758045,0.00772199219295737,0.912968663240378,0.168677183214711,0.602892131507471,0.290678317479105,0.276359163702785,0.444622227033329,0.0620485159797923,0.0372541596936325,0.330676760557573,2.629346247214,1.34779548859721,0.111153135457223,0.774935341086326,0.242538531867247,0.10055116145169,0.0943089035667916,13.1589816826851,12.1776108449777,3.05733105599456,2.52271315030077,0.351137626768242,0.130229814669323,0.0356264627744784,0.0935532282972368
17.8592156989443,21.4839848524143,2.05613051642004,3.40572388916399,0.635963422297628,0.592727095213111,0.313875884924503,0.0844112952963825,0.404279083553451,0.240776364844239,0.00695830181912081,0.28418729064302,0.458961379921531,0.351243601691594,0.604081941256937,0.735717616552466,21.6979322601787,28.9751633020002,3.70950056259431,2.68457812806274,0.478026399014086,0.34591208353501,0.452475383123556,0.0958446639758925,21.2280639098855,3.05393670105043,5.14921661738799,2.44202876144726,0.118116753691438,0.260161578681338,0.00458844819438871,0.0603580087235631,0.509126626678525,0.124381476428735,0.300647744399273,0.576494584237858,0.206676676916578,0.453954519958387,0.314029706648317,0.230487938665297,13.9336932341391,10.5002381872025,11.9187119370557,0.722898470641527,0.663549069681039,0.00162590287701974,0.0230901414592078,0.0650845440615982,17.8427426039912,40.6462333011409,7.32220797803448,2.24252035614525,0.119091869777062,0.212492308798358,0.261179814570609,0.0197560742954915,0.926878543772944,0.307643922977508,0.346578152174307,0.678442722796555,0.142217640226308,0.366885158777602,0.102823327980962,0.0353654734943164,0.261720987641373,2.35973695181555,1.06117180635125,0.134698462599742,0.919685984646254,0.294684018020363,0.219604283608729,0.04152553271657,15.2188235061152,17.4712423492447,4.19074006666292,1.28707189061225,0.300152727035448,0.074621997115454,0.0173699466393902,0.181266290647964
17.651024656293,24.6246566118912,1.96317553089237,4.19726339664452,0.452866184524612,0.240185252142597,0.237144038543204,0.226319853563752,0.287598369308442,0.31252986972059,0.00107274891425524,0.246766383290517,0.339340940370677,0.263493710691432,0.557637134920262,0.605327063793658,17.459360484833,31.6148603876477,5.90040091001265,4.45759846892936,0.42796604230182,0.524273858370701,0.593123769594075,0.0510573760059587,27.1977593309338,1.51830183844941,5.5622244713627,0.598190783675683,0.179122197952183,0.267532648825329,0.00891347077985746,0.0861014368093501,0.423449269833529,0.147549190837815,0.34434656546962,0.895454738964978,0.287719398492828,0.69977106606469,0.384090614458959,0.401180747043792,14.3476915377096,12.6615218070097,8.50753728176424,1.29121156831239,1.23597411660507,0.00122009383465147,0.0157967144544657,0.0553200311874965,3.19312595929468,22.2763177330903,11.4867429877072,2.24935818931047,0.0457842308973783,0.533187190676987,0.363639425119548,0.0079116041618186,0.375419241159661,0.418511868140653,0.0540896208610723,0.311319064048552,0.176923981872982,0.236382768289736,0.0967536940855573,0.046603388415441,0.381218332285782,1.87458038293649,1.57211111869251,0.0750699576793461,1.03337233434776,0.315830505073,0.175119831319324,0.247748941390939,21.8791165188233,31.079548022571,4.26170268763935,1.36487093435465,0.317226496979203,0.0983064827956613,0.0750067183786395,0.0802447644274995
17.0887273230779,20.293769158611,2.73467780336956,4.96560855786594,1.60716884340423,0.261641710346605,0.197674592492926,0.163371720611578,0.071329793107863,0.475408327288074,0.0074530424036529,0.392571176336983,0.175505907649629,0.322036328100959,0.58386763583385,0.689244271611382,20.9133642146796,41.6185283439074,4.76169197851842,2.3146787464481,0.452109239377427,0.283347755217331,0.555820478851697,0.0679969209615063,22.1951224321147,1.90825431154567,5.22117515560772,0.807477259138248,0.0754154235931046,0.191497975107875,0.0121967504872076,0.0100364244355487,0.309880136779463,0.0644193664705801,0.077947225531716,0.513550804653925,0.492407274917468,0.648627371762251,0.527321041832542,0.201022320745521,15.484919382871,6.03438309695739,10.4558540394012,1.33935941575243,0.649323741818898,0.00107235797115376,0.0118588489955869,0.144931335061534,12.852525333435,36.9089394816898,11.0658120754997,2.0731376350975,0.0729704265310342,0.413283927339589,0.281073704551319,0.017307077396554,0.803858796020192,0.118039445640695,0.492051918741248,0.466287044517291,0.177198647795571,0.390194822626039,0.112388211993611,0.0485375293449845,0.573187585183938,0.847920013979697,2.60547446640111,0.150118225930881,1.23446516821172,0.163789707455966,0.0708138239076657,0.107745100769434,18.0341035929789,22.5188691838714,4.2282888503154,1.87644333601764,0.398750456416929,0.228873975727188,0.0677410090995333,0.121799995973995
19.8008674934202,13.4709219077277,2.75034784693843,4.55358971401667,1.99705337897311,0.54681792289457,0.378066507748413,0.175527617670933,0.0890156181728544,0.436791235921841,0.00604918985851094,0.404313314102223,0.422971074874131,0.439339535367426,0.489874727126476,0.774780414939033,25.6053677576134,34.6335896203863,4.02974005353391,1.14189110002918,0.298037850816877,0.303612400309929,0.384491069293087,0.108317151302841,35.5616819396938,3.57961152577582,5.89514008776293,1.28256505630909,0.120626731955723,0.636194411058842,0.00824901481404756,0.0329161836440355,0.350605629672077,0.146542384591112,0.232720644712964,0.603427328633582,0.336749217099408,0.265875177626814,0.425322961652566,0.14875082846139,18.2432944690469,5.80153425055687,13.6274768994115,1.11186422253718,0.819155247986714,0.00172516246255423,0.0102282946589761,0.0573166862917469,11.5876761361912,34.0483008558252,8.2356840979571,0.957250638954473,0.0652962887415098,0.447938509239232,0.534757360081456,0.0163021404122877,0.701676132459468,0.351598036428414,0.137806356377853,0.204265359044503,0.121312398808967,0.563302919793489,0.0872626083580629,0.034474400765613,0.721753502239722,1.3488054526419,1.4323980133523,0.0820281471943932,0.924419017660127,0.108130963350559,0.230141478301846,0.210351789102532,15.518178297652,24.3115417715555,2.15658691824727,2.84433856799837,0.347940382470833,0.135840126612839,0.0572014680227487,0.116856962856709
13.853739892031,18.9145648862413,2.22500624358987,4.1133168642697,0.928729373237421,0.258069569976803,0.37303428411745,0.155729469040292,0.275027488877152,0.547596525739629,0.00356188830652894,0.454016022269013,0.309723587840529,0.375718659170197,0.558685753079052,0.696340608419241,19.9985270785553,27.467223848302,4.3538103793703,3.32217241676882,0.188454481138501,0.526082002518412,0.366306266326045,0.0594068717096608,21.416517255834,2.28177073775324,5.63653392523265,1.46349094891638,0.172003386165697,0.188952153916213,0.00833306951368873,0.0427604251844953,0.605162570264795,0.0713418708254488,0.292611889285067,0.484679170737641,0.658736271775321,0.718382110474049,0.334612829288425,0.232179938311807,14.7718316241957,4.67388408389622,13.5322015278586,1.51528321445218,1.12186414153955,0.00144304168231603,0.0109898766012466,0.107786950442434,10.4594687903706,28.9249639377679,6.21756989725983,1.9477968740904,0.114211801241872,0.575458522301894,0.329684598220339,0.0268117277327945,0.807898683613703,0.326278521385956,0.759851203430789,0.30505306096789,0.068407136264479,0.252306242128736,0.131573250243614,0.0426206723884464,0.648921324630295,1.73570842764249,1.2583018735755,0.136514611061358,0.861032251865607,0.191772630780449,0.160636880561584,0.123761321123329,15.3901365867026,22.8605362589095,2.73980281221103,2.12103926421261,0.27824277412992,0.122418219807547,0.0327523361553838,0.128260677502597
5.81225488268103,32.5152487735569,2.71979636875934,2.8446126978458,1.87190183994937,0.4378540396918,0.391168598512627,0.0643746752462644,0.290164129664735,0.568496548979476,0.00515224341045969,0.115585498111262,0.198229275789533,0.291120071662486,0.775087655770478,0.615907715341228,17.6927855869027,37.0371190700417,4.36785985491778,1.96785539469878,0.287682105656643,0.430692964325391,0.681951035916998,0.0818228889750671,31.7612787736741,2.54128616912931,6.27914675547528,1.09253117837356,0.0902837176402064,0.47647937698261,0.0124135461772416,0.0628983351953269,0.489329800783581,0.0481192538441384,0.202237079841216,0.986852868210565,0.664603353328921,0.798824000449596,0.11805096877666,0.410912060161408,10.7510614927669,9.16785123265189,9.44333962073777,2.12324605129299,1.26989686598979,0.00183268292912412,0.0183102538747783,0.133843330125405,16.4248723965766,30.80456721191,9.22911613404215,1.3693325047721,0.106708237579561,0.459953955740098,0.147233341875266,0.0249267122805983,0.713204209280974,0.210893860595884,0.244672057180429,0.332275489975068,0.166419057520846,0.224125599106904,0.0582588650825465,0.031095579364799,0.909129576281226,0.939418532288389,1.68743736314515,0.225683456654633,0.93196144442724,0.140756720552318,0.0282980327378876,0.0976166360338656,9.95716825661927,21.2839254494356,5.55740707198976,1.67453848788611,0.254233107405126,0.126099140586735,0.0445223765296816,0.0200942882791674
11.2418996423132,19.1928535371645,3.02945363866745,1.75392787515379,1.37725876816033,0.4162080160519,0.271873278004055,0.0968084410360006,0.301377831404741,0.695595661835164,0.00460919618052621,0.394802267894372,0.49094092798015,0.256634341867814,0.6932019119793,0.690866899752812,20.3130423424299,39.9486983160384,1.93967273347406,2.88424567739498,0.408693808044143,0.243778477766203,0.592116200535621,0.10328261658994,33.8579963146105,1.95686550533378,5.89424871081475,1.25931608609161,0.0826066700995439,0.271664241127464,0.0144451146523316,0.0608120575550223,0.406651029719981,0.141669440583046,0.314313450015172,0.837341986225292,0.430165616352142,0.614225851275058,0.248381751319786,0.260031424379235,20.9590815300101,8.6468264034477,11.0728508876716,1.47116089286644,1.47643588215904,0.00249910746732769,0.022472617831918,0.0574213734776535,19.4961791302909,27.5396286515426,6.04534764843664,2.24416972443743,0.0797423174374312,0.422604761189992,0.144143926998738,0.0288274771155893,0.568427250202369,0.472253864133397,0.209337751071222,0.226193974418671,0.0625617406404273,0.331318225922346,0.0543114609691712,0.051908932552188,0.00115008879795064,1.90503959453074,1.32882937483014,0.138726002385488,0.444734211391728,0.258996361028902,0.0526673770375654,0.144373576645184,9.48898070297567,15.1786996300516,4.43140197595611,2.52132396058718,0.382499922167942,0.153569150185415,0.0441984239090556,0.118970635283885
14.2348607487147,22.815883547976,3.26318010224208,3.91371601144414,0.418378473430852,0.247941123267442,0.178707497451998,0.140287643803748,0.355511212649716,0.270121982624396,0.00172158360500183,0.292449193873074,0.278599778420845,0.508477001434538,0.492735490137145,0.816528880413653,27.239358924176,42.2063617951956,2.66984386244099,2.33689742472408,0.254519892129795,0.630354321622435,0.410715742907246,0.0916951953917265,40.3638325351317,2.6462875318786,4.36201961999692,0.745045081395872,0.13045312770463,0.094631261084788,0.0183890335016768,0.00487888710746513,0.671202613572084,0.167085828960314,0.313107647991108,0.513880166199337,0.447284231457232,0.401075204735028,0.51324899363427,0.17435851816373,20.5974628225571,9.64967253437109,10.0403560156106,0.51062175008987,0.98195195830811,0.0021640629650352,0.00657697436380749,0.0529382567987835,4.68126605372088,21.3250261637447,10.8649047016738,2.52947506921525,0.108223889270728,0.385691852911689,0.350609433822286,0.0195798126053966,0.0380855336200638,0.32595980609815,0.434033903839389,0.439864135259768,0.24298653330279,0.159692069043133,0.104755852387109,0.0529300642521565,0.667568265783636,1.00344763609813,1.43488086193873,0.105226535336738,0.828799879027766,0.0878271418583532,0.148114007038861,0.133836308599214,5.8019951112357,21.1664582433087,2.4953345803578,3.21841864673754,0.274454288059967,0.136911564249678,0.0156778708247007,0.212333259860962
11.7590429849457,25.068346288434,3.044330700567,2.96525910887748,0.332404956742169,0.380006319110872,0.0637946506834653,0.150395545872646,0.272129336511787,0.112466970395662,0.00243294293308734,0.240497104312529,0.230137662836462,0.35103120868272,0.409238087979107,0.892583735052455,27.8100166058125,43.238241773582,4.17675447552179,0.724746739865332,0.263396469486082,0.336824562776413,0.569691566248334,0.0898165625441664,38.0747351255145,0.782995374645994,6.4780503053274,0.061352554195343,0.147094860467928,0.370208432073345,0.00502647342956019,0.0557105526673195,0.480772097791511,0.0218780993136145,0.356826748417636,0.641828575628908,0.636529350336776,0.49401917602784,0.590722820312363,0.0398268708014606,21.1190594892442,7.64284072170461,10.5664167572455,1.82404672314277,0.634301236145344,0.00172683494980641,0.0171476885826887,0.0836242856162591,13.4868161820496,22.1151290061153,12.7522030898748,2.68143690356167,0.102736381528637,0.141326611337567,0.438410197052687,0.0296228719253631,0.235153578158681,0.42079389790198,0.424356271115054,0.301011310147652,0.17016003850814,0.5036855718871,0.0901009927720246,0.0100757116567765,1.20726242934236,1.01185972981688,1.81224479699452,0.115991295134271,0.556670353023234,0.162568937395244,0.122552253441269,0.0958536157051643,11.5448290000882,18.8099943580549,3.98883708515228,2.00387408379466,0.0266222063376985,0.0788459537280372,0.0401174946019328,0.0688005055859424
14.7823013979387,14.9554382244272,3.195540380326,3.46158661248364,0.902685215510508,0.221829340173258,0.245259783645016,0.136339528714913,0.274107987763809,0.388932560531383,0.00543877246726023,0.273792927346201,0.119933416428024,0.178934545593591,0.576522958341367,0.811800031880211,23.0885658404271,44.4517883171343,5.33450502011852,2.05847252103016,0.242403928849381,0.343059020350528,0.525043454436807,0.0758140193044873,46.8234423492516,2.37208403351337,4.57168056635393,1.68610853808504,0.165159031137339,0.252889891977228,0.00971523037678045,0.0709983769052207,0.660073369845637,0.0858893174894116,0.297770731898699,0.766873880092596,0.5941995663962,0.870029707514252,0.350569774123208,0.130158121155472,15.5709340061746,5.01213839406048,11.4492128720515,1.68276793719785,1.02962835344046,0.00134797538401604,0.0206332042653892,0.0919328285596642,7.40618886756028,37.2587890959484,8.93817700423434,3.03639580702016,0.0787210834938498,0.631885981157324,0.263271176953547,0.0247913481526877,0.69927535417685,0.219009177013438,0.498380124891759,0.306590816950492,0.122712588529456,0.344291881400478,0.0845476124754208,0.0393094230049839,0.705951627925096,1.79267770463561,1.18605998620421,0.0407557269067952,0.869407320684269,0.0898598031968193,0.133771535359255,0.128133605867724,9.49370359038926,16.1167489871885,4.09466212667567,2.88784834786554,0.188390200295065,0.0750422302375985,0.0439803574426291,0.0711799433751598
3.5319738176889,14.5948034772536,3.12947647407332,4.39765125699338,1.68412278162606,0.0340554096541952,0.151505804162918,0.10103505913379,0.154244583376848,0.342379762990058,0.00165033823403423,0.177608750354409,0.470088927959053,0.420234763349583,0.625707532420606,0.792513757115775,23.146478204085,51.4842576497135,6.46675950423321,2.10050587352824,0.349935157477481,0.341360302813985,0.849246979090857,0.0270891279963179,20.7765481309254,3.22037410024053,6.94021138336712,0.950166717378767,0.123982294176554,0.415724222086048,0.0115223591417853,0.0935489600538235,0.57973258137525,0.0408727973734558,0.194083041685954,0.651641020281692,0.36212849389529,0.517180301799204,0.453891532452028,0.10131258980371,20.3417659028169,10.7603645373775,6.53231359028387,1.52528225452809,1.15172691171319,0.00167679429503469,0.00537605212322367,0.11558310993284,18.1386597694677,26.8391339330217,13.0062094676377,0.821843334715674,0.061757937897559,0.546270171980487,0.435042019687147,0.0259159684893453,1.28051413241934,0.109915029957833,0.463023028489378,0.482701244091423,0.3310870728282,0.204081213220261,0.0903782373917133,0.0551279255616657,0.178894025646876,0.332403640044626,1.95660742703173,0.0964196552642052,0.315637308624419,0.154405653160547,0.105746386191325,0.187631492241887,8.61795377509523,17.3910918073133,3.63820718076393,2.9209624903561,0.356682159116313,0.0514151909205358,0.0470945065460908,0.0414097574102205
10.1723015864181,20.9995667895123,4.26261789156846,4.0388416375042,0.909927706457249,0.493231823571516,0.292143597362109,0.165872783828661,0.267468372689166,0.521494155910576,0.00385386290078377,0.385057799028046,0.261962953981463,0.694460587496764,0.757165798905396,0.609265765111755,18.5252271941388,48.4389891180141,5.36961232173527,2.14374449594413,0.285870850214633,0.600504984777103,0.452272567599974,0.100464741695194,22.1183964284708,2.53932500771168,7.76810576089406,1.22212809205214,0.153218175383852,0.528234960221976,0.0120701960709336,0.0503010409540104,0.325002559196479,0.111964680069675,0.197007044478386,0.58799826386383,0.410070926565004,0.0953110039683967,0.320495445398678,0.44291767975628,9.51633214551581,9.24709099184846,15.4793056559302,1.95291445963332,0.680662481439879,0.00122895604701747,0.0252114908562381,0.0909971642914349,14.7566258365879,14.7809108294411,5.76281382557609,2.82975026538979,0.106391021018988,0.14299438529601,0.261626107667636,0.0270765653707405,0.648692863060551,0.331875794409803,0.425523555795095,0.352406154904702,0.247405421097534,0.324444267555688,0.0815053505930743,0.038955594979317,0.371158506053981,1.34269226786001,1.16594140136223,0.138988061805455,0.664195023959244,0.0851144601673248,0.131858270942317,0.113142153414855,12.7131520478066,20.7001644902343,5.20133892363185,2.13623512208125,0.254605939812709,0.0561972990224497,0.0512633914244819,0.0924666870832533
10.354556966598,9.91493103698858,2.36360986791629,3.18076648068526,1.69470248775898,0.373489209209564,0.382796771390115,0.0792586412524793,0.180123562621369,0.356008747025366,0.00302649275942332,0.373274664787006,0.312988065761406,0.249340916184454,0.547301322582568,0.818371095253825,16.125800125524,47.6987779831908,1.90405647561629,2.09407042357147,0.137986813327096,0.484362221307499,0.381148058001558,0.0723089464693307,32.2582879512955,4.24169275301342,4.74327927897101,2.05449934528523,0.136383316667107,0.458359359579737,0.0173290858841517,0.0186738842522943,0.379631641266056,0.0326010440971797,0.179911058369586,0.703620958180676,0.305880850187242,0.681204590370804,0.325094829197752,0.189794547225139,16.2018857582538,10.1335147265395,13.091264271811,1.53979367034376,1.45570483255761,0.00104375942328852,0.0158174582712513,0.0733495763095593,13.2600427422499,39.7165926032828,9.44802298347526,2.17343444163387,0.0966931407596442,0.420043118573208,0.356325291494157,0.0263328390321407,0.649640398344273,0.615782448041666,0.357116856569639,0.434232195436415,0.0502315259727888,0.258817354048138,0.128042406121503,0.0379859611421509,0.558826725772311,1.95569098375651,0.935267015555604,0.134214477276947,0.911681485900335,0.322067803246965,0.223257734000014,0.0505046279019239,11.4001773759625,4.10128482664144,2.17818615237362,1.30710648471554,0.149679192083317,0.196234560371552,0.0665405536180074,0.155912780213083
18.6642844535344,19.0904940521965,2.30357325291448,3.17389708943005,1.00174659239296,0.400533423186016,0.221316352023593,0.0767825219350329,0.142968261735309,0.206986894233799,0.00572737696660493,0.549582223988077,0.31316304884349,0.339480052524085,0.438816419708431,0.698218411660269,16.8021364203197,47.8717006322491,2.95111969160754,1.36020527077949,0.296336596297535,0.289631328572356,0.445339400003694,0.0632631314353755,23.364926835333,4.07807169918348,5.92717449587689,1.5820177927677,0.12589671182798,0.703417808556704,0.0228510310372402,0.0896730715014448,0.278237357247585,0.120872539191605,0.258139406249833,0.549003893085232,0.364999364023459,0.511608525149146,0.621883008410275,0.25285716986081,14.4270553104253,0.200153128451438,11.8245392657218,1.52507929413615,1.41300856555345,0.0013333519269054,0.0135294591208851,0.079577731254149,14.643162760916,39.99123930998,5.41444188345684,2.53842704905416,0.127584165558482,0.287958367672645,0.251176100635637,0.0128127365883902,0.82717454771342,0.290841703064194,0.339858286948785,0.345986119394899,0.139600544205005,0.428954422114936,0.086459921820743,0.0499359073214338,0.526045630536998,1.40874747269477,1.84266056663968,0.04987003326915,0.959447290527731,0.228565242649463,0.168612782038415,0.104517294938796,9.39349960712895,24.9608776698257,4.14567148071106,1.34348294882277,0.214702797638892,0.131015823722968,0.0319906292720135,0.121269443352667
15.2972763652212,14.2884391340673,3.5177670617597,1.32377847440226,1.82139400698018,0.193777232243388,0.230109359975484,0.0870922074578641,0.258291509804128,0.530364816512442,0.00179918068526023,0.460746871461605,0.281105652069387,0.235402755217479,0.759578370929294,0.686335936783041,21.6057691446921,18.3862705764563,6.1586145816042,2.64259071912494,0.335603174856025,0.479886279450136,0.270060428956092,0.0874911581310394,33.1583825505909,3.72818933194126,2.94267371486556,1.28523509354512,0.156441216903834,0.483476835360248,0.00788005053460856,0.0586699853526534,0.430136121465344,0.0640879108394249,0.487516447431065,0.447108971125406,0.393731299199452,0.808617599607947,0.337939823809603,0.287058911654348,22.431437083569,11.4279015336169,8.8978542571693,1.59763418407962,0.812228167142777,0.00211694671793052,0.0180537104218349,0.106967316985185,9.23453745386137,32.0520774496127,9.73410117043669,2.37111378266975,0.0494793604228696,0.209090947511493,0.390016307465625,0.0132995574931679,0.936871906064782,0.282787149448153,0.456726469635621,0.606945112610299,0.182272082878978,0.0802183808928394,0.0875343214969996,0.0305925178559373,0.422396142570331,0.692684469686693,1.07568974882907,0.174670060799422,1.01948028455012,0.186089405976203,0.155797298336655,0.0966217274391115,6.51091267581184,16.4256613410127,6.88010276918262,4.54704123343895,0.332398287205738,0.0694151856772657,0.0357477452289256,0.121717659388986
17.297624954545,20.8429567794861,1.56470955186196,3.94366396453607,1.6318342756547,0.296212606227469,0.231051882201315,0.127074603524252,0.161439101266717,0.610671591044424,0.00404204790947828,0.365458631548074,0.417274103839026,0.312736227886924,0.679819770616564,0.769669494176451,10.340195640408,38.0871990500377,5.23349360917968,3.78117965232979,0.108252835765816,0.545353854791844,0.219569931867316,0.0528448004476962,21.8135418694477,3.58811887244404,9.30684295890898,0.993876074045468,0.166144238834793,0.332379082886032,0.00896731552105424,0.0670670831539871,0.526206335779957,0.145646621958522,0.321973414786324,0.802554774245873,0.224078220296536,0.594456560061833,0.294283364603852,0.175046718896142,13.9401292736124,10.0936542950514,11.4341663807418,0.5275213598733,1.45615406303498,0.00217873403285437,0.0274399549445181,0.0638834587318085,11.6664281836946,23.9130494288345,5.55369728698231,1.79763965186645,0.04057288614976,0.0378960867509016,0.317027645518618,0.00655968511235403,0.562828990765572,0.470569501258179,0.323251176125614,0.124240674942031,0.279732533684782,0.343425341205169,0.126765939620938,0.0575065406613094,0.579366735556103,1.50988941968053,1.45751772939071,0.105595832360831,0.858210938551994,0.293205821698866,0.0749606040663754,0.186186682474086,17.6952475894696,26.7448871202811,0.461266637292699,1.95532036590572,0.345264881564975,0.172135625787877,0.0692001519175004,0.0994486856802687
13.0769125972645,20.3096516952147,3.06777538777115,4.05190499191808,1.53856800600576,0.275576750255097,0.387146597119276,0.194899349714745,0.156096309877698,0.539621283777449,0.00494746202564984,0.485700490743653,0.351801763526772,0.224167824355441,0.457811927486405,0.844747133771868,30.1577544483033,41.0529936000438,5.67670844374997,2.39754341376367,0.401091163175153,0.32442831087585,0.224996373236038,0.00927024664377605,10.8903987131636,1.92204724214359,5.07403655935824,1.16514933223552,0.0807258291850233,0.467979228026153,0.0112854995170302,0.0852141032920138,0.850021009207186,0.0783849746977174,0.190603387199484,0.50919465585291,0.290427779800331,0.774558800587689,0.411530599364177,0.137627625327476,13.9741918798884,5.62986958855564,9.68889736826216,1.12270971669355,1.34516446725377,0.00178441265663296,0.0280576049338925,0.156101285891579,22.0695641653642,47.4533179061979,7.54523429760409,1.81303935039694,0.0387566621125637,0.581966244408726,0.148173655472786,0.0211200247380161,0.817537803460365,0.161862668545969,0.528394263184239,0.258144958449855,0.307599574688332,0.295225529320866,0.06559012471041,0.0251206979895783,0.561995040096281,1.66712214080419,1.69012128869498,0.142770350464777,0.733829025150487,0.0465312845877516,0.110053300498157,0.261662658118061,18.0702816582106,23.2442583185427,3.13853349367394,1.36466559392424,0.32531211406015,0.163559787453586,0.0419981470437535,0.151559061428686
13.0967534559732,15.3374900259254,1.68750453560845,2.77091620446161,1.69841064928818,0.227284395789453,0.323210386171968,0.175012615934975,0.187968580532437,0.451244154757776,0.00532141840737694,0.482898781767341,0.397480277529653,0.477860865675807,0.728120843079538,0.682222660494632,13.2559654620462,42.4843535896238,2.52286691985594,2.23339570630368,0.282554223973959,0.240466890956681,0.508090167753485,0.122957878346723,51.6002899856717,3.60752306044539,7.59618054326394,1.73451655057584,0.228824656527441,0.566859956862631,0.00744463779374465,0.0538212173986022,0.318613729641195,0.218582626295105,0.151146421384497,0.685497015141504,0.506206245037966,0.156703540919993,0.248120853300452,0.287022475310947,11.4320220775659,3.90178687909942,12.7205016690395,1.01829729940983,0.459260296007534,0.00248959978094387,0.0112452582398545,0.139925112287308,21.1454554994756,24.2983326913241,11.5998877642215,1.61951935494854,0.0939881590189811,0.591924350720188,0.228381300446701,0.020430325704439,0.563230123240539,0.116629489537434,0.738075908812417,0.273269853246132,0.235089300455228,0.362077253581202,0.0777060581884938,0.0530171452323638,0.766681070454225,1.86182709481546,1.29300343005719,0.093539149699823,0.565157633779341,0.121895193565675,0.037083223857711,0.164330270316856,14.407364795414,22.7786178366784,3.46558678182352,1.59122947582731,0.250279659910025,0.22409171901676,0.0256170740123842,0.0859340047134668
17.3533749236351,19.1210605968239,5.74044123814218,2.43506137242894,1.11471719409751,0.449829279163753,0.141982293146647,0.124409192954506,0.267887902838627,0.233406638144334,0.00256347261671771,0.398919185006781,0.186378797829033,0.405800861398124,0.815323076342191,0.711197854547862,16.1943118894148,39.844273434858,1.79876607743713,3.24887122089291,0.0195339616385304,0.678965986610659,0.518901498020843,0.0920364881310156,19.7686721345228,1.63928314610782,6.24701646871261,0.551503614139334,0.214559190495396,0.678450601514379,0.00132292052017223,0.0909803244035056,0.680211498602064,0.0876030666677602,0.0789232247930985,0.565069970697328,0.277083828650233,0.509746839435934,0.153510031847699,0.358750735744594,11.1717972467596,4.83875577744911,11.1163062175812,0.880217384291471,0.819937472408368,0.00182903446751846,0.0359206810560139,0.0546739558994874,13.6198949451341,34.7067987984407,7.50680167832178,2.97297288709791,0.0721185956536303,0.442158748945507,0.356586585343196,0.0121528297490423,0.420925265639727,0.288170646509601,0.468264980162311,0.428561999476253,0.275239963874853,0.264712893008505,0.073973885005691,0.0184091301145105,0.158580884421141,1.66342243152759,1.60736773241926,0.0831854077887514,0.751256366680751,0.104094586731325,0.025123304909725,0.040700554795519,14.0483338959774,23.1546919994391,5.1442977130248,0.610435148124826,0.0971166134558126,0.115921144879895,0.0239905225427127,0.047700967900866
15.9778978883318,13.9888150025703,2.37743077115295,3.43300684852491,2.23990553460035,0.402072570011408,0.430532886229799,0.193707772180928,0.253843244589121,0.235107174320699,0.00437609722745679,0.679540548934689,0.229683309002053,0.195114375714921,0.61835513127317,0.824043222455481,29.5109369563403,42.1774678203356,2.30476745394063,2.76546680596032,0.538967414354664,0.620461399506289,0.27642679656877,0.0578445676540142,25.4058448700472,1.1218663083187,9.11084937040039,2.60282383777449,0.122385688630638,0.127549609075012,0.00827695861404795,0.0395137437650168,0.814249422902133,0.0917366615137578,0.0956414605883685,0.340902787652876,0.464920807166145,0.679241941421592,0.247604512457353,0.224722353754077,11.9853859632044,4.76993556815804,12.2244508103482,0.976110977438484,0.693063168374888,0.00120263125275766,0.0283784882610898,0.107167250113196,19.1878081474544,30.3166451539179,6.13283530969383,2.07842570412548,0.0631017950608691,0.411376787773312,0.328693256014169,0.0217564460879064,0.326214812284204,0.693705526589163,0.337295153967943,0.264149194186538,0.358929542499596,0.257979173732253,0.121529877274887,0.0112999065076142,0.349141407083364,0.353556812742989,1.67523916797645,0.075127096729493,0.76176984167121,0.274791123110024,0.0759462044167085,0.0276465145251097,8.86991909863598,18.982765245504,4.16246357555167,1.4295102376289,0.14447445056588,0.142243598776545,0.045745926198186,0.0927920675472248
11.4126426042006,12.2200548759656,1.25282987227304,5.23477423603194,2.01052539475525,0.203203489600978,0.0266670705920329,0.120743537566931,0.260785988324446,0.675128412720781,0.00327773903829604,0.149640953761211,0.415516125079958,0.392802504457167,0.706893130404704,0.625680249285234,35.958202393937,50.322690269007,3.52838271959429,2.10486822332249,0.299599434591498,0.155935957851747,0.514908003622898,0.0803272058233783,40.6637202268822,4.65034146382638,6.3839491663675,1.1780749337464,0.0951755317096581,0.880390453045256,0.0126436022664741,0.0431624696210638,0.310073226273635,0.1374863471727,0.202711237123545,0.493996085735772,0.714297930871488,0.605301606707719,0.333033883601236,0.285329444196814,14.3635673515283,5.20279282870117,9.92690434748539,0.0239281010217919,0.539345661488696,0.00189357703565075,0.00891833363464835,0.0839966292273288,5.21054095727696,30.5874201988123,11.8211086787844,2.15811120316054,0.0475211554485124,0.569241752281382,0.561575238286729,0.0149148793262908,0.936659783029069,0.0220678079279914,0.265100672454702,0.506212154954848,0.241336413321207,0.493780428441499,0.0447451147289714,0.0346015469212404,0.265621670492199,1.98267492888736,1.54695514669962,0.10401194431561,0.190737555900876,0.0641704288112081,0.14794816181226,0.119628595638881,11.2360883200683,4.85857859550999,2.72853969694607,2.86542599845853,0.309472031764966,0.12729681472885,0.024745176670989,0.125292189926139
10.0989561238804,14.7316048295019,2.82782426243175,3.42468092152506,3.08494790053295,0.0722593772831271,0.336840423591746,0.139596628031792,0.341158421535338,0.0196628144195354,0.00362857837204814,0.399509437506712,0.270671202861663,0.532282938751362,0.67925138448632,0.696220112091659,23.2252752496778,47.032387183281,4.14338789437242,4.70223122465826,0.131835364619685,0.300836461344547,0.324519073752097,0.11008778419599,41.799109144343,2.04906524777415,5.9155490718389,1.6679457449827,0.123290642138808,0.452203497454671,0.0133735963908535,0.0936894715277522,0.183702286736986,0.105912837007166,0.320460387598519,0.572225017040232,0.451750810478142,0.357495099183174,0.337472051810843,0.276063268128482,13.4669085399245,10.6328479712282,8.11403554701664,0.591325692649631,1.93558856627794,0.000961953190164265,0.00291132248723954,0.0614492817339067,7.19628813456341,40.977236906536,11.4387492329768,0.563532687254036,0.0702764718837624,0.264136779328211,0.386393781625335,0.0122079321073591,0.801164315152315,0.42835965541492,0.382012605271783,0.368436233883227,0.17159861725885,0.356758748140715,0.0972436258251086,0.0468633344104594,0.386458181665797,0.394305598976094,2.22140643766627,0.120783254591053,0.828111367066072,0.0559538040589678,0.0116157899870395,0.0858978246423069,14.5290152511995,18.3529329777674,2.94133273221322,2.88277790563194,0.378350727514911,0.128264021628839,0.041734032662659,0.105151904262845
1.68326334961331,8.2496083239328,6.23353957561662,2.84369093217086,1.86096246587858,0.508123355997353,0.367893817064664,0.0716046630732096,0.354350088048678,0.551829650099823,6.3452952669049e-05,0.62763864494714,0.177772108542877,0.31213649035908,0.710311942667647,0.776520115831803,11.1337450211147,44.5619662008995,3.76632771564294,1.89971048375067,0.0885601029580388,0.239235971605863,0.659079859154763,0.0394998309825373,30.165866155605,3.48472311585665,4.9308675561368,1.60133939928648,0.122985575765913,0.632669362117721,0.0152612840524137,0.0736829973540512,0.378794204790259,0.107128835364315,0.285300900471212,0.488876615286865,0.357798006308743,0.588990931668312,0.354057956480796,0.148201138238588,24.8482031336806,8.0213104399479,11.3898845823525,1.57866651883231,0.905531746948391,0.000618770365037265,0.0239577893426319,0.0784492688152376,19.262065312774,38.4689993766093,8.12242452402105,1.65960697462073,0.0308469634744619,0.281749440425098,0.370573790713221,0.024436148689833,0.831815772185781,0.312321736551099,0.0583131638890144,0.179768119319553,0.345842099080488,0.37822685228192,0.0811936617848638,0.0170397778418735,0.278554601288503,1.70793247688396,1.58742546513378,0.0422807468595998,0.984499650337213,0.16735760161539,0.0631444395143867,0.144840519421901,8.70016733162142,26.4668964303613,5.01252940416051,2.32018839561414,0.196079106982736,0.104723644503964,0.0730805302379782,0.0417030474389277
15.5964137210823,9.23908041886471,2.22714347468022,3.76260760178297,1.85255668682667,0.331267665720218,0.300592866384407,0.11438003252604,0.345439639057127,0.27012200505786,0.00466996565817326,0.295787393087317,0.400841773135301,0.31279553772626,0.494029489866998,0.858035444901412,19.6806649883125,48.1758939713754,1.85696320944404,1.44500591894569,0.178876733284042,0.280942799062222,0.452996115022253,0.0288335103705847,30.2572451227412,1.2001675821414,2.96485218318724,0.762330781058173,0.221920386353322,0.165600460245472,0.00728459896077295,0.0612735280062475,0.592892441845379,0.152714019886997,0.164392263133715,0.717054200235527,0.377750902915683,0.612500804089888,0.519409896912437,0.18780218783747,17.5367165063151,4.93320468654364,14.1618797744581,1.79770498129304,1.05023044294925,0.00139274140385458,0.021747806153061,0.130177454535691,11.142751479928,34.858180902479,13.5688608541712,1.09198974740024,0.0320002332074701,0.550204455925031,0.296559934120442,0.035278937215671,0.680919837966082,0.501118865515959,0.192083513541695,0.252667466499018,0.237382467853919,0.329195272864619,0.0812799052862061,0.0541560728968401,0.336848079468317,1.20230584066407,2.24640317261397,0.0973987629987202,0.670097529779404,0.160739418328057,0.0837340377004844,0.0315739218521045,19.9465780868165,12.4153828256038,5.51292596107658,1.65780303366488,0.21279564369955,0.153031683465092,0.0403985214018432,0.154625109755714
14.9811869751568,8.19680507483652,2.28952909065146,5.73229394605965,1.87087111322766,0.204945624624272,0.141710818242867,0.115498147951157,0.31782870206869,0.400056452235484,0.00399331436670112,0.140940460259192,0.21037829384585,0.197350768162867,0.811418989811245,0.634720974279696,30.8645201854351,43.8656408275422,2.09515221348736,3.23039103130297,0.239880720555574,0.242740436621788,0.892233877339872,0.0291055953871992,33.6729334956138,3.53523943011665,7.98587504762758,2.48680621073636,0.212868623849239,0.983103040116866,0.015934789074934,0.0406763065045377,0.562769280252728,0.188604869072889,0.27653311608171,1.03990852866254,0.335138345128775,0.780635196914878,0.238964208160804,0.339701452716344,9.61552619553066,6.74165458950092,11.6238391212996,1.64565882851194,0.424918218593423,0.000600582176295624,0.0227616251660068,0.119244402360101,12.2043597988863,25.878649790671,11.045941015232,0.306608233580045,0.102604667425486,0.171509630326925,0.145977989617106,0.000328145299141212,0.476524004974881,0.387215761129776,0.322738025740577,0.206945678039247,0.334636911803282,0.611320579611687,0.0804052664247389,0.0327695589856439,0.201972644821759,1.87597722344814,1.89311496087165,0.103945010468187,0.998652755075674,0.207039973127841,0.147468050596452,0.0765960650959383,7.33071560072484,25.3393675558782,4.41653910671897,1.33077724119272,0.114071719688088,0.0576976368392565,0.0354406056651512,0.113687043650059
17.5741190711944,3.82088171993196,0.957725229935868,3.20690253755858,2.00807956636365,0.389666959304105,0.0192193532913666,0.0988875599120516,0.232121167916445,0.296705297280813,0.00280807153611023,0.657156092644622,0.347823383720334,0.346930327259568,0.629943108090614,0.779886952824217,17.8752427634265,45.6482862542264,0.627274657258001,2.95827711601747,0.407878438051403,0.468416525850394,0.46298296333058,0.0507826169264844,38.0688269740813,1.42748042717713,5.82973854989503,2.4719773237525,0.134335342245482,0.458464406405398,0.00909889124596434,0.0819210093167678,0.364342923964,0.120476917243879,0.331777480262923,0.230914371385772,0.639395267623394,0.49636771682254,0.391877619278305,0.184298458646839,15.6594179284633,13.1660233282975,17.1120417727072,0.321643914698157,0.946852931958568,0.00127324987379289,0.00325405255700329,0.092824080264942,13.0492996714707,46.7552496685014,7.41692782692114,0.646936416684877,0.116721918212619,0.301848181341726,0.203076546193684,0.0180802388637174,0.482420640268458,0.291575785696058,0.579202790325566,0.311112232055414,0.237498786445844,0.37881458095661,0.0357851438859291,0.0126316166846966,0.414638632353807,1.46181685915323,1.21947733981685,0.136530616048229,0.15201951792279,0.212061307463374,0.14892721710229,0.0853308234780937,18.2938204859869,13.3927398255021,3.15844564963653,2.18868829710975,0.449737078674361,0.138498741427659,0.0219070076994436,0.162988478635872
17.0816911724787,8.22736961989422,2.51539420553495,3.67609791538418,1.9384839979286,0.445497435882817,0.264013707822372,0.0675776612545842,0.260851218028837,0.549563968868447,0.00654639150948347,0.461506828575264,0.30554207234935,0.220437521058473,0.62807515575341,0.695947479547416,27.4458801755234,32.4113730411312,3.99767585964954,2.50020391462323,0.209977250497995,0.225276208399428,0.46086083095084,0.0889675238267111,26.9305662363711,0.915521114918121,5.04386752896465,0.92755948852183,0.191504419716983,0.309143599263207,0.0173485719874926,0.0762629405301079,0.799643998693216,0.0816118772240112,0.357961483525244,0.5118349060373,0.454603702275706,0.61754257028925,0.423345705258612,0.342773580758061,16.9819601300467,6.85080942058675,11.484864373149,0.660989903848177,0.938298907137823,0.00288202481825844,0.0177032083335856,0.0480819319071099,10.2474305175876,21.9582811725379,9.52995731738893,2.39658250964414,0.0381425589949106,0.209488578234169,0.34318507353134,0.0173302141523802,0.513104991119073,0.37192195767988,0.370776177350032,0.212539693719365,0.180397615676931,0.390507555010168,0.099600720535236,0.0299333904817387,0.324043947796157,1.81513555791188,1.67850893109832,0.0243649437492527,0.67802525029104,0.0953779567969539,0.144596692352338,0.171035800375602,18.5673529853564,24.727634159946,4.15703635142416,1.48790410559496,0.311284094670153,0.109231419883376,0.0318271889097673,0.156904623412025
20.070809986367,17.3855480917175,0.17039804440557,1.8345009147753,1.41664956300048,0.522103997940709,0.192321785748154,0.0741285867944377,0.322188297825617,0.217293841562991,0.00239467718493178,0.638541827339626,0.331643268421833,0.197694843933137,0.471182329962395,0.752815202214454,29.1974287069911,49.5346851378611,4.08058196302165,0.431615008481151,0.321133665774356,0.396420541617159,0.38472686342792,0.0871360467788424,43.3500570792893,4.24494923934137,2.73721781688468,2.12623707828457,0.0886179509091602,0.411178544682672,0.000655255999939949,0.0427977898372532,0.199543429190747,0.133515320089463,0.145733633818046,0.199753710791315,0.146771659852816,0.791135477403988,0.521533943911214,0.157938543941329,5.55634520199,7.26651840178406,14.0462042880782,1.62616428234631,0.98656033366213,0.00186649938035861,0.0233922207461622,0.158671247459921,26.92744565172,29.8120559754179,14.9241576812178,2.25482650438799,0.053440553252025,0.379958488582597,0.123534142175347,0.0277383564888861,0.807468252949673,0.164502983056555,0.315727366690566,0.655895236211904,0.130095451946403,0.49022456806441,0.130725818663761,0.029325398069018,0.647756116975453,0.817104296081277,1.86094134618292,0.0561365135566403,1.12046354345357,0.199781604284536,0.168574272570462,0.143307874809681,8.55717090701124,31.7294803986047,3.37987556350393,1.30039651120478,0.530962599229424,0.072826789370159,0.0301971010926574,0.0211631172500669
5.97428289958323,29.9582323401951,0.605496181613066,3.27852656410512,1.88715829205691,0.343177292116479,0.164366467073214,0.120790902406479,0.379848825184978,0.421164403951849,0.00406109528354405,0.314457951780226,0.332582748128046,0.258768854864461,0.876824212350197,0.679151038720276,27.119602762668,34.8083115517709,1.95355195505313,1.23416279481282,0.261554617620948,0.360685913836776,0.473678580282006,0.0872324851414384,32.8102849976638,3.31898679666592,7.45509525720459,2.06949546638769,0.182609005185053,0.0775833866945209,0.00607804857728042,0.0246183135247288,0.510594574709631,0.185007791589042,0.0925695213146257,0.646469244431545,0.372616372688813,0.565132797572494,0.208698548459359,0.365306930927073,16.5043251236915,7.31342950930445,19.4120698590776,1.71007685993551,0.772818583313899,0.00069028577979236,0.0240158992672974,0.131100537316342,17.3255105006161,29.1531516488114,5.21470541101942,0.794343409821289,0.0620943642353996,0.593806521595374,0.201444610407009,0.0262543495153482,0.964667215176605,0.567810396170225,0.326231364218105,0.271383928412192,0.107710553062165,0.285245883032725,0.0336799564531591,0.0392140598290463,0.54166470074366,1.51812760345627,2.19184727925977,0.195316762987569,0.822031301626714,0.137114375159716,0.0251029268554732,0.131426815915354,12.0904823193185,20.0285406380051,3.08703624800558,2.01005389078102,0.156088621267988,0.0981537682971513,0.0156066851504699,0.0814982188627815
19.4565157929786,23.6238538504949,2.0751223102721,2.56917406468612,1.80618552130917,0.399468185873361,0.277359165708827,0.16255656880183,0.339745688837386,0.36827175637756,0.0067996415291915,0.345277288695667,0.056780039309962,0.151374951291301,0.387068106168289,0.788296312001127,19.7096332339069,31.5968387730832,5.40606147469802,3.05336970597986,0.289304018416673,0.42458895719785,0.355548745738482,0.0617758281975403,48.3805479478629,3.46643309816649,6.58374044973233,2.30708794915106,0.113833441985967,0.96138622885169,0.00934558336570556,0.0767063235752727,0.266385674658047,0.0695138393067964,0.213896778665667,0.608568233456686,0.480711411884314,0.880970052123703,0.610093943153712,0.338694155123164,21.6049566592312,12.5197103032738,9.47321243337156,1.707119301332,0.902221748561352,0.00119997565497706,0.00507368332388708,0.0251215640533256,7.02917397132954,22.0534099731884,10.0902336166352,1.11940928818169,0.0596847671922105,0.30461373375044,0.303832469122364,0.0248456148657411,0.728292780392111,0.330212366077948,0.188717428928175,0.393690190194397,0.187353072885772,0.297960228824541,0.0913882756749282,0.00913574073561453,0.328067795805568,2.11863713148775,2.04561971312084,0.0721971999702085,1.34755742682127,0.141736211158455,0.106545093753498,0.183737200014838,9.05210726969925,36.4157944269972,3.15240079020524,0.963055018678919,0.377691592269031,0.0929505171968525,0.0663454003947064,0.0934262609292473
11.7353272468043,15.108561597454,1.98248560404279,3.12291016372642,1.77806979824746,0.442764723406163,0.203962035883552,0.0895435859282481,0.341760719598759,0.431264646848111,0.00505246245366354,0.239982314908958,0.196531542102479,0.422476608054528,0.613778739884177,0.650822152517044,21.5489989308341,49.3446841494086,2.78289675340902,3.0070096425458,0.123961579953367,0.292811044374106,0.521516439287407,0.10847149698385,25.8742526716017,1.9685458922475,3.96537462229007,1.49808121867045,0.143411411165958,0.477520082829748,0.0173448113142413,0.0670193393487264,0.519814379519537,0.0367332775182897,0.294472700483213,1.06881901660009,0.708335145684978,0.753024816723777,0.474094694211293,0.251356666217455,16.6414949744158,8.03840143718382,9.80594526642821,1.47315578631064,1.03363491042951,0.0015659621013795,0.00873646402513058,0.156273912368146,17.6456383909965,33.4014813334424,9.78330038451086,3.47155447483416,0.0298126270832273,0.167080897561569,0.285435037633134,0.00877809694571867,0.197575050781737,0.520918166331911,0.215418467720789,0.199328472686322,0.197802226929262,0.452715263537912,0.0871138776525533,0.0523621920309823,0.585556658559558,1.43359333095683,2.08850880389442,0.0735398364308116,0.426369337385875,0.066556306102548,0.0954810065163873,0.103895508313828,14.3530151666127,13.2438790363052,1.91678055928886,3.43865886970189,0.241296662182793,0.102183426154138,0.0384210524374171,0.151451734458029
13.5793225647338,19.2469746343116,1.07652565907955,3.76181128755304,1.8802634291701,0.232406730529813,0.242258605951033,0.132792973256381,0.269769209916389,1.02700051738595,0.00735628443078103,0.164277128605488,0.313422012177979,0.624463086302094,0.594533988492199,0.521102192045842,37.508825000858,18.1746385479316,6.93173807249247,1.78593040784899,0.109751278553157,0.527266010759646,0.843306766958118,0.0495025804757866,36.2179288878969,2.8337434165036,5.72133503553405,1.01048853914768,0.240256964222211,0.474060742681628,0.0104800048479258,0.0779554566454145,0.253579158400931,0.143543343363104,0.144387511084329,0.973410509096922,0.351582459225563,0.224121377779049,0.3346952978554,0.491549920267639,20.4915340510264,7.80679807799198,11.0213686917905,1.15635617565832,1.23035896420756,0.0010388554546284,0.0159458732353474,0.0927699332538718,22.4082210145142,30.8470334525987,5.96555989297816,1.55734322048313,0.0477495963772636,0.110580853331263,0.321183936739119,0.017869661136452,0.460107129044479,0.124083986240948,0.668831005422052,0.29875789370025,0.323813314866493,0.378143514952764,0.15571942375046,0.0468418390548411,0.461288634573889,2.10067168486415,2.9101851044499,0.160950470153842,0.557451336238424,0.269424775045254,0.120702552003192,0.203340237846854,10.5387219328926,10.9489975247816,4.67516090781091,0.98928113135247,0.0661089940392386,0.0969581344418352,0.0661045447098676,0.111617217535169
0.150966793610617,12.8289751435424,1.40671614305598,5.50052034846829,2.63262151058471,0.304361383848575,0.253772588627783,0.148123067949999,0.250179281681327,0.184996244221196,0.00559298286914961,0.407054934098337,0.23836697175542,0.537132147886185,0.583766987484642,0.634231560266284,17.9668079055965,45.7381999979928,8.18785581080709,3.07053912298659,0.149530180835868,0.343219558864707,0.390230501520335,0.0720654594207171,17.1934774056013,6.93630451867231,5.84778014307785,1.28399177931218,0.133145891069664,0.64665921180114,0.0150452329246586,0.0712379285631996,0.460467171553652,0.0812245956817394,0.400217298060248,0.577753949720104,0.335522007920243,0.347283991203771,0.374932061782603,0.400515677349754,28.0469352710981,11.5979486713224,6.15932094527901,1.91831240405726,1.07697585886741,0.00110467653896578,0.00822400820165792,0.0341345338029418,4.24639817642981,14.4983604353277,16.3507262786845,1.53588319261857,0.0951068321702028,0.280724696130996,0.420167490196851,0.0138157504603392,0.441753291653679,0.343693158133138,0.506959875027983,0.5081492784904,0.201812854457513,0.301005888539124,0.0636812738101996,0.0345166822460305,0.670438478858847,1.73622093616525,1.24891748848067,0.0907402244977243,1.38528604076905,0.169829761491982,0.117924293738246,0.0451661775765486,13.940536198131,1.89661698635389,3.06057572913139,1.4448418903723,0.157838258205848,0.179549996341206,0.0251460438803638,0.115899267837709
6.64052759210028,11.6983658346891,2.15963169331353,4.97489806456841,1.23191950571554,0.323779865311711,0.291609488075886,0.164718809553171,0.282422000580431,0.230235373874478,0.0046418853023071,0.308977501529017,0.182222070045169,0.534345404208785,0.548883439377794,0.736085159841844,13.0975872588423,23.5046907679989,2.33338262832807,3.30433765221038,0.204342883693708,0.527444594016015,0.346206400372256,0.0426686668762462,38.0416733208487,3.77654684591419,8.11201683936869,0.954780175317143,0.227361989140023,0.627792594834768,0.0117485176197701,0.00439703502996448,0.727554843696135,0.233087663592533,0.37111251459506,0.730302662739688,0.560684575864333,0.172701010364435,0.429305198008473,0.235409335436384,14.199201289584,10.4822427765233,7.65543842371508,0.781376163971821,1.16536600229636,0.00271967545036269,0.017553532680774,0.0771321542802642,19.0585668010355,26.5059881733528,11.2690875012566,2.23373609865612,0.0694835314993011,0.497924600101988,0.69755457194653,0.0419034938143567,0.729652661748172,0.0963894892149485,0.524947598709801,0.339123833440891,0.14443362874988,0.328779001134081,0.15525042753172,0.0164474677715996,0.534536438999964,2.0022908145543,0.884298122991454,0.0928064181172199,0.851667246719679,0.195425130450855,0.223751400231226,0.131230857351723,15.8767390893864,11.8375273643369,4.50972687851433,0.677496214994411,0.236284928104495,0.113181620788766,0.0306466386457481,0.146040554715191
7.65990115249914,20.4923491509675,3.60201132159336,4.36637381200737,1.60963761336686,0.130602688830489,0.421854519822652,0.140280701264155,0.246036402645864,0.244525155690596,0.00609845161843617,0.396099488801127,0.290269731660763,0.482128727880619,0.663276358477873,0.545071070770436,28.0351501586459,48.0615518720094,3.88274138902958,2.20186147827391,0.227508364124969,0.557769754863349,0.58587858394097,0.0550432059481264,48.5564446614805,3.38953856390114,6.65232457972206,1.10116516534023,0.195019865669083,0.373249497832953,0.00204414623004236,0.0740210923469868,0.630090001287766,0.187582505102985,0.25989402638245,0.916790454106053,0.426125495389232,0.741413354483968,0.424434293616997,0.484700556981195,9.33926156137789,6.87017196725511,9.74482996739117,0.63568303104363,1.240509012879,0.0011280603056237,0.0177305436781618,0.0936373393289826,10.3015693133841,21.3786508050844,11.5121745453752,1.11286214882338,0.00424823832529044,0.297052720364196,0.147353999269598,0.0209158350244884,0.661855303539507,0.44850457807401,0.15635030759558,0.231340050135511,0.209016217589101,0.0875776886989331,0.0576305226471611,0.0338657821061927,0.312533182581573,0.878517725151615,1.26608171903448,0.139897857284375,0.466927567092916,0.0907878760818017,0.159424547398487,0.142418867572494,17.1731523150136,15.1452070046713,4.87513916563175,3.07017506963184,0.318467708276604,0.0794976375880792,0.0355862616055593,0.129967540694986
12.9594701742415,16.7871627592955,1.52218268260494,2.80753262811823,1.36336675743,0.382085633122808,0.244392046541644,0.067171889767481,0.200916654007781,0.439803817921227,0.00178686119441074,0.161553701617075,0.26017385731806,0.410624952528927,0.853643885790421,0.623179272094352,32.7840554247212,31.2466274587264,5.98011961688584,1.52242192231154,0.22127071324816,0.349412047257626,0.400665627620948,0.0588993183337671,37.9673705854282,0.629414590971821,7.21641170087039,1.28481705560166,0.116771951135037,0.529615213457986,0.0145029083414859,0.0392445136786614,0.210640874932536,0.167771250702262,0.280189272565243,0.828086198637218,0.511865524243033,0.40578311061937,0.265862477048921,0.502105608941213,8.82554528493333,12.4100936105134,17.4739940438075,0.2199489466653,0.679096855090667,0.00131896102441143,0.018273349570807,0.0518630621326042,23.7735357174186,33.0312795771376,11.8259719412935,2.53012127993843,0.0848130712706828,0.183380156467765,0.134249455798482,0.0219339363529991,0.827136817713,0.260814304639589,0.508028776301638,0.525978696576216,0.111772110374546,0.219565154765345,0.0757313871002397,0.037867060198518,0.451004704741036,1.76439447348615,1.00477402482317,0.0878820673702362,0.801953405769323,0.184518941566714,0.136502726467939,0.110548857352231,15.4374701171871,24.975296552423,2.83809157610298,1.28539279863842,0.349955160230341,0.0871785035923242,0.0268668246488978,0.0514861362418542
5.30354471626961,11.1402912205638,0.952473505389673,3.56320667340859,0.902727969685909,0.139170860470119,0.223481403213543,0.163047834576903,0.165412258837476,0.513963007159339,0.00596892974813682,0.174301766094088,0.277214015785934,0.426766548905473,0.378875408835989,0.674839548956134,23.4745289803586,31.1708161544974,6.65596734543776,2.94553959712349,0.130834833739738,0.601433216592468,0.844027941403193,0.105960257967628,14.7674967799169,5.10840405506854,4.2453717935207,1.37539141921345,0.250726772837494,0.652986179261023,0.0110973846635929,0.0420027898653086,0.540816545738866,0.0191050007574539,0.354534504169187,0.793238570125919,0.426066521005531,0.566270562896273,0.598760144556522,0.36745353421363,25.3423994493533,6.45025206981008,12.583342259517,1.45214694847951,0.596749003331616,0.00158351676645835,0.0146983067015305,0.075839161929558,13.8743179092935,51.1164844596078,10.5670507199105,0.596720000124755,0.0359948787255917,0.441325535461041,0.0522343303798032,0.0158774846664322,1.13758414608719,0.232527981346948,0.328636815284154,0.301711529842589,0.381395617196181,0.304990917093565,0.143120225851313,0.0269848425285475,0.707917792104578,1.54947879900215,2.40061749238427,0.108064759171256,0.575657600127959,0.0392289178716731,0.175203746633543,0.0290271428950653,16.3215741979817,14.227606002109,2.39320957828706,2.34702927997625,0.0446582183694983,0.274355673119973,0.0174458254471739,0.141587842541429
17.5741190711944,3.82088171993196,0.957725229935868,3.20690253755858,2.00807956636365,0.389666959304105,0.0192193532913666,0.0988875599120516,0.232121167916445,0.296705297280813,0.00280807153611023,0.657156092644622,0.347823383720334,0.346930327259568,0.629943108090614,0.779886952824217,17.8752427634265,45.6482862542264,0.627274657258001,2.95827711601747,0.407878438051403,0.468416525850394,0.46298296333058,0.0507826169264844,38.0688269740813,1.42748042717713,5.82973854989503,2.4719773237525,0.134335342245482,0.458464406405398,0.00909889124596434,0.0819210093167678,0.364342923964,0.120476917243879,0.331777480262923,0.230914371385772,0.639395267623394,0.49636771682254,0.391877619278305,0.184298458646839,15.6594179284633,13.1660233282975,17.1120417727072,0.321643914698157,0.946852931958568,0.00127324987379289,0.00325405255700329,0.092824080264942,13.0492996714707,46.7552496685014,7.41692782692114,0.646936416684877,0.116721918212619,0.301848181341726,0.203076546193684,0.0180802388637174,0.482420640268458,0.291575785696058,0.579202790325566,0.311112232055414,0.237498786445844,0.37881458095661,0.0357851438859291,0.0126316166846966,0.414638632353807,1.46181685915323,1.21947733981685,0.136530616048229,0.15201951792279,0.212061307463374,0.14892721710229,0.0853308234780937,18.2938204859869,13.3927398255021,3.15844564963653,2.18868829710975,0.449737078674361,0.138498741427659,0.0219070076994436,0.162988478635872
12.2356837737472,13.9577929240535,2.12433108265903,4.84911018854416,1.31505758019114,0.438573168678409,0.218779191894904,0.0683676772594214,0.254181498199918,0.415358171973117,0.00634648336440547,0.581530729832395,0.260539266318229,0.298376529976943,0.487551300385242,0.696821915341806,19.6464240517878,45.7916658586714,5.27695051453175,0.803552636544572,0.488275833533023,0.271097485722863,0.532926507008825,0.074901249208935,20.7789526729633,4.49034239447864,6.44091209588754,2.07480684151738,0.141641652824699,0.914976019393617,0.00787867672478352,0.0858299825614886,0.388946796211357,0.128616662367181,0.321710314253486,0.383685903041705,0.39290767468806,0.744764114158177,0.539353400593478,0.224853618341881,7.44640945449759,3.63180353643335,12.4455829871319,1.47312776534079,0.425477657435447,0.000748380789693618,0.00663701959945796,0.135102383813642,23.5311176515154,41.7875713741245,7.70892905373546,1.73750287183648,0.0389231798801547,0.342015180335437,0.308592241744927,0.0325483412658563,0.646438320052296,0.256132027308285,0.406872888267597,0.509560789601604,0.190380411804542,0.331554994884758,0.0956925708266801,0.058045555339329,0.481939899948052,1.40822792313209,1.55202819295009,0.0972254596574245,1.1354988208328,0.119366367305851,0.195101314025449,0.128845709158673,19.04620191616,13.7262319052443,3.95285329396748,2.13745848758647,0.110275833369445,0.0828154672484951,0.0268202596868375,0.0920695187489349
17.3533749236351,19.1210605968239,5.74044123814218,2.43506137242894,1.11471719409751,0.449829279163753,0.141982293146647,0.124409192954506,0.267887902838627,0.233406638144334,0.00256347261671771,0.398919185006781,0.186378797829033,0.405800861398124,0.815323076342191,0.711197854547862,16.1943118894148,39.844273434858,1.79876607743713,3.24887122089291,0.0195339616385304,0.678965986610659,0.518901498020843,0.0920364881310156,19.7686721345228,1.63928314610782,6.24701646871261,0.551503614139334,0.214559190495396,0.678450601514379,0.00132292052017223,0.0909803244035056,0.680211498602064,0.0876030666677602,0.0789232247930985,0.565069970697328,0.277083828650233,0.509746839435934,0.153510031847699,0.358750735744594,11.1717972467596,4.83875577744911,11.1163062175812,0.880217384291471,0.819937472408368,0.00182903446751846,0.0359206810560139,0.0546739558994874,13.6198949451341,34.7067987984407,7.50680167832178,2.97297288709791,0.0721185956536303,0.442158748945507,0.356586585343196,0.0121528297490423,0.420925265639727,0.288170646509601,0.468264980162311,0.428561999476253,0.275239963874853,0.264712893008505,0.073973885005691,0.0184091301145105,0.158580884421141,1.66342243152759,1.60736773241926,0.0831854077887514,0.751256366680751,0.104094586731325,0.025123304909725,0.040700554795519,14.0483338959774,23.1546919994391,5.1442977130248,0.610435148124826,0.0971166134558126,0.115921144879895,0.0239905225427127,0.047700967900866
11.0028777538288,17.6975321976522,3.91576062016944,3.57859686982926,2.47272254568741,0.419102658149407,0.297646077726221,0.0977193288485553,0.355053457080905,0.231278925125543,0.00433195802975735,0.70170488672451,0.297032006565302,0.431882558832603,0.479547150715681,0.727967480910659,14.8362968734579,19.1652377730625,4.73338559365513,2.63940566205423,0.145478573410677,0.568219095000445,0.699105846123198,0.0591043598977083,16.8295412622817,1.39654553398046,5.79752766483713,0.892981490988986,0.174588282887586,0.284279434775993,0.0100480031197796,0.0774417456525186,0.227989073717864,0.0707519147404693,0.291760511841613,0.467082428321287,0.327511968669045,0.281598702411359,0.490907122947912,0.225580559105629,12.2108501074991,9.8594351955768,7.74218960306132,2.17946333750297,1.09684105600361,0.00142671181231578,0.0118352564161174,0.0900607178713252,14.7408533432865,31.1385927975863,9.86511406555779,1.4667597807498,0.099684353513795,0.61542229631374,0.349778249677723,0.0220242314371175,0.837733493873025,0.664563253133069,0.252175332716015,0.19089645015788,0.253028056607871,0.380374879149298,0.0851140064336185,0.0181445987955499,0.144308395824582,0.36013434074836,1.42537571839146,0.0343911146017452,0.928210127036671,0.239603536629553,0.120860800138923,0.157039547869647,18.2457103335474,21.5744470623121,1.11608011855802,2.8727139822892,0.0985464856224583,0.163205875095961,0.0604382044846003,0.167852814374027
1.37828026502859,31.9542250812144,2.73580211515005,3.17907864383041,3.08061569423875,0.409203131746857,0.290298044937946,0.129702957944045,0.0826021438024621,0.296608631424025,0.00618068593126096,0.376528593933593,0.217667252250821,0.422342501256614,0.853066315147655,0.45358542898666,14.2646574806575,15.6778805005751,4.36431328981481,4.91325957097546,0.0511745878289128,0.278450680997504,0.824040214717568,0.015927574196429,23.8527969455558,2.13827692945801,3.89664892688643,0.523689802600683,0.237960217137145,0.649718200474484,0.0136943861720701,0.0514704992004952,0.277127905998955,0.120741654501928,0.177254154297073,0.751054969613884,0.322590532370653,0.465299468095885,0.13923356196789,0.521690431267218,15.1522091447448,7.39564341746608,14.0575431411069,1.34551739128756,0.660258972762543,0.00105211177830065,0.0133922485513803,0.0457702861127985,26.60562383504,21.4064733417964,11.5591873489325,1.37190068278748,0.0279987000010721,0.457561929116442,0.406317911742887,0.0154866206290816,0.826195704258143,0.314094409418949,0.803406997475556,0.213400618067869,0.295682998896031,0.394333986035578,0.065649642260979,0.0288478373985967,0.837829600563868,2.20580451936676,0.519365585332998,0.118722299262093,1.1444809089695,0.210104242400766,0.0929654311584727,0.17574476909894,19.3318245484921,12.4671824017142,2.74917761695812,1.59434414074391,0.156485723744511,0.143108091056177,0.0386146262813575,0.103232709271369
13.1750527812345,23.0316273961717,2.53556447264927,5.02277481526569,1.64393442286877,0.240453940935825,0.106820354958388,0.16326475643151,0.338039699227219,0.428087719878478,0.00382009550275429,0.471211356416462,0.383025809607319,0.558230547786654,0.801517251226345,0.646583060298962,24.1523078351384,38.5374308121737,4.67970138895623,3.13410834161633,0.290002955958745,0.208832620471671,0.737643889787523,0.065460035049151,36.5651514085494,3.03602701578433,4.63468978244498,1.79048642698941,0.202492956338457,0.612473769512086,0.0171437333007169,0.0373938242665053,0.480241197562383,0.188749880628463,0.157715153839096,0.572120857988324,0.100436034736491,0.253717410515436,0.20617706721051,0.342929067615341,7.83231320376199,2.47205576728609,10.8795780229996,0.462955228974009,1.37997462783702,0.000898614435753675,0.010748759218428,0.0401596809529813,17.7142534025336,10.2881901062647,14.0524070090577,2.30314253921199,0.0662677862336787,0.464671260280809,0.217285755658229,0.0166016570435654,0.247360934034149,0.4289564184159,0.203650387655912,0.361289556559976,0.22862306575088,0.24796607363574,0.0972137322765893,0.0304192276028449,0.665250464695559,2.08413307858704,1.36743675691749,0.0815127359022138,1.55309234616824,0.214723404786988,0.116540302164443,0.113545405296405,13.4983740616274,22.1645465153459,1.70147352904489,2.0887528235403,0.0802171970783677,0.075468142458329,0.048114053517004,0.0642247745010695
17.3533749236351,19.1210605968239,5.74044123814218,2.43506137242894,1.11471719409751,0.449829279163753,0.141982293146647,0.124409192954506,0.267887902838627,0.233406638144334,0.00256347261671771,0.398919185006781,0.186378797829033,0.405800861398124,0.815323076342191,0.711197854547862,16.1943118894148,39.844273434858,1.79876607743713,3.24887122089291,0.0195339616385304,0.678965986610659,0.518901498020843,0.0920364881310156,19.7686721345228,1.63928314610782,6.24701646871261,0.551503614139334,0.214559190495396,0.678450601514379,0.00132292052017223,0.0909803244035056,0.680211498602064,0.0876030666677602,0.0789232247930985,0.565069970697328,0.277083828650233,0.509746839435934,0.153510031847699,0.358750735744594,11.1717972467596,4.83875577744911,11.1163062175812,0.880217384291471,0.819937472408368,0.00182903446751846,0.0359206810560139,0.0546739558994874,13.6198949451341,34.7067987984407,7.50680167832178,2.97297288709791,0.0721185956536303,0.442158748945507,0.356586585343196,0.0121528297490423,0.420925265639727,0.288170646509601,0.468264980162311,0.428561999476253,0.275239963874853,0.264712893008505,0.073973885005691,0.0184091301145105,0.158580884421141,1.66342243152759,1.60736773241926,0.0831854077887514,0.751256366680751,0.104094586731325,0.025123304909725,0.040700554795519,14.0483338959774,23.1546919994391,5.1442977130248,0.610435148124826,0.0971166134558126,0.115921144879895,0.0239905225427127,0.047700967900866
24.1497073372986,10.2321172813921,2.66714450821153,3.11117648903917,1.48673093677011,0.431461085328472,0.246011429500589,0.104130010934195,0.143188507241578,0.397590033911464,0.00509287097244384,0.700920371731746,0.204585318231858,0.558204742631816,0.644976567697986,0.653782229117573,33.8651078424858,40.1596831504882,1.3007438262263,1.46546201302324,0.24712003329387,0.182987330269524,0.637710935416505,0.0464916214519053,29.6385034161677,2.02580374942425,4.21982144586347,1.94446284813384,0.0624256656407055,0.595783489654748,0.00989864846811346,0.088134700847381,0.403671277832398,0.151143267595832,0.435613001779609,0.272424894424786,0.608049185047596,0.360839421819843,0.386478132985578,0.408491343875484,13.114697977036,10.5204944395629,14.1577698485141,0.288932767530252,0.825810200676107,0.00160324447306179,0.0180564090082675,0.068291635927149,8.66195414437867,54.3822410830288,6.40772277918735,1.32253781251527,0.0816456303228278,0.406417753486198,0.104938638429402,0.0212608277618765,0.814803862573464,0.275438872884721,0.442453066797307,0.377558840466463,0.109736123307389,0.337527468027769,0.0086717606113107,0.0348019197128264,0.63672245296497,2.0877968129408,1.16243952950056,0.113502268956856,0.610067383976569,0.126198476389197,0.147368581730845,0.158680570750237,18.6509384060778,16.3951733654129,5.73188265850957,2.51526476179601,0.223986087476715,0.206595565511863,0.0390106035044738,0.112333259740946
18.1107083426607,12.2414234417747,3.24100236969262,2.83251121107498,2.69184201490317,0.442112247848176,0.293697648344585,0.0768671667599193,0.249907213175397,0.283005061380168,0.0047153322895548,0.219137314220323,0.300604631952539,0.491287902065008,0.445723158918235,0.812666195967261,36.9311812855637,32.1166313703528,4.41328172400752,2.50651653710528,0.241226178269813,0.18850667646856,0.48676965005325,0.107453006046634,36.5559013057816,3.769455323556,1.62746258698149,1.27763310659988,0.109622710986789,0.469269584453474,0.00644190525417157,0.0653066470303823,0.663431197542579,0.129123500926812,0.39120485236186,0.302398065094122,0.349273276078137,0.457984435337719,0.498936900501884,0.258686956712399,13.5963816582815,4.46330177284228,8.41694886209942,1.83346422796954,0.389767859091995,0.00082578765520767,0.0246477530814274,0.0187662989839453,9.35277109013736,8.48888470510474,16.7101371799396,1.84601972896482,0.110002058659347,0.28919547358082,0.450106858999095,0.0294760472792076,1.2731008437577,0.179944786124925,0.465981910487926,0.346238333043545,0.241864704033281,0.410116824913079,0.0679517876186144,0.0471839149811836,0.234087389168448,1.9249012200463,1.61886805815607,0.122451448761585,1.0723405766841,0.00161203506220155,0.15271281297722,0.0738668351848198,14.480340158417,38.9245830157641,3.78910798699261,2.39365432928748,0.307245058089414,0.162883271214966,0.0523539004512434,0.131568322942863
8.54775122694758,11.3222807582732,0.862021587619273,3.40717070924705,1.67650026615157,0.491564579340869,0.463304942116778,0.1128453881016,0.306167396398015,0.578521245066064,0.00379653915667161,0.514248049177287,0.229198161442383,0.262214486732922,0.496489757548694,0.683901415982234,9.94758911553259,26.4766498174947,4.98104371025166,3.35124763159347,0.26679027189114,0.20543061451685,0.678049265394559,0.0543580432280503,13.7879106553809,2.77994849862247,5.77651355262621,1.94798098964039,0.145844297188575,0.555197400313197,0.0129922265535456,0.0617878677718795,0.409879507010706,0.161363869089527,0.271907851665996,0.39632581368037,0.506866011382181,0.788620197421069,0.423660426951697,0.370961636496986,14.6883742325639,7.77198173136693,13.1025010678672,0.985987507767927,0.873152546069717,0.00157755890559504,0.0173451082965928,0.0693069467639914,14.382037026062,31.9694509131959,9.45570110019321,1.79106960141554,0.0932192624951846,0.309689555795307,0.395738332540314,0.0255503440044999,1.05530713891855,0.2631151817489,0.856140234026459,0.317109494956465,0.184246032743027,0.427740993297354,0.0293108952491436,0.0637525092241724,0.378137168795595,0.791196910942107,0.665829548898173,0.165421681104409,1.03389764711589,0.162055440141742,0.144044129215823,0.17227475034552,17.6777616603185,26.1574300761764,4.48149567077214,1.39559912019089,0.243866771654842,0.0781023015422508,0.0285851511416247,0.123121810393726
17.4599881127104,25.0556214973692,2.88236717379433,3.73266561396298,2.12494283111458,0.14773772474887,0.257614341009764,0.101510479826262,0.287968750780555,0.352915556864292,0.0037235212479329,0.366348955233839,0.501523062244087,0.317740061530771,0.649281370428874,0.701973332700108,22.1575298701442,48.803016340814,3.21537339320322,2.61451308503053,0.217968675341924,0.373769360355783,0.301659622233617,0.0283615969586837,42.7379612643647,2.25342102664491,2.49938768147992,2.11395077980855,0.139989588222969,0.334264587325643,0.00662260147051377,0.0676594458028105,0.77636559794118,0.134070734217873,0.32731989496763,0.550509467076469,0.264072732053195,0.618014928717475,0.27242210647683,0.20828269344192,11.9142727044061,5.80055076040977,14.7366243698687,0.936336373663151,0.659484040139987,0.00175673075894532,0.0163681873953526,0.0363964614603093,11.1240868800926,26.3207222942853,6.76852356311635,2.60693137738439,0.0653354411466492,0.653087721138218,0.250133622980606,0.0267130882021403,0.707930575074412,0.222152876314839,0.670932897730781,0.073533089416617,0.315484774733285,0.512211864823447,0.0943667383708348,0.0624829013318974,0.200347665209963,1.35591935504733,1.07896100192935,0.10789177786949,0.789964696857427,0.151401341670906,0.203685801643033,0.130329635775747,10.9261785616831,22.0035385739827,5.10866985663354,3.9417821717958,0.293679972375551,0.177044412389853,0.0217497435070649,0.0360784651219687
21.8691318774364,17.3459287250588,4.14379088575366,2.2354855742866,1.50497503767093,0.316192825418063,0.168199592398874,0.17965937071054,0.122562482340948,0.785769648175495,0.00371715471961275,0.387059042983732,0.446200262148103,0.415582590911828,0.771305079279574,0.778331267000704,26.8965916216445,46.1480735064588,1.45828409511257,3.31853512697519,0.34833414772069,0.172353833095359,0.531029595761014,0.0668942306480775,42.0110598715603,5.42390734147928,5.4597354130601,2.15929559760883,0.172217332095199,0.648304162736417,0.00765325575431224,0.103149078356552,0.658607050431784,0.111950114492129,0.20698528027073,0.685196127614689,0.293244986973336,0.461182486241511,0.225972014060929,0.131650332762703,11.2869118262538,8.99764011561738,14.7717606767891,1.32504403753744,0.952942644050137,0.00197875791345026,0.0213448228262397,0.0717789594995227,9.29861772302553,34.3586924584566,7.87721448644152,2.1390098491956,0.0488624943220171,0.230854769110031,0.33423131082257,0.0204018930189476,0.349791727205908,0.210021168249795,0.506882444071128,0.293825451899082,0.202900574676616,0.292144432432497,0.0625365765607037,0.0361070677794735,0.736316611072857,1.70701857011511,1.93121366304536,0.094370188195423,0.60413241000677,0.175608908963625,0.12691466211164,0.135809874857575,6.82953400251318,16.6342723355875,4.91563592776024,0.855684050391407,0.208919560097082,0.113718269637676,0.0638639278763084,0.153709264763821
19.3339998801335,14.2476108035865,2.90424977993642,3.24628833820034,0.867742733679296,0.44953092475444,0.448996654369543,0.102583867380219,0.266073634844095,0.418820228451066,0.00228050071530741,0.351260994332651,0.37751330091465,0.657809653962599,0.340762224929129,0.657213594314753,23.2761404316211,31.9797806950434,3.32364809442976,3.99559864394251,0.173942552522449,0.441343672415792,0.409758991206757,0.0688735732762354,56.6606295070029,4.14924687492695,6.36028215895252,1.11882107805924,0.108684063499346,0.45176693444368,0.0148562308144908,0.00364897871713161,0.202870124480654,0.106512902581134,0.187987824150144,0.738424508498574,0.4732110047326,0.253302789303473,0.400551475196277,0.399169545868613,9.95491775448202,5.42169142225094,15.2225664298549,0.689357627233545,0.986235205946591,0.00157163418722656,0.0162620063201805,0.0402742366785481,14.0680379551878,20.3886887848563,10.8682295549614,2.22393862690172,0.111460997652833,0.397011777555939,0.0964745895137577,0.0125889484204724,0.759588449459285,0.113669409617395,0.478018656222627,0.11190683140106,0.0774068068463045,0.372646850985406,0.0805554202339809,0.0683620392377096,0.706181503536654,1.1975904047716,1.27574903823552,0.109531900129083,0.826379212779151,0.122277481959884,0.168700475375127,0.112121483899237,22.1296334247917,11.8667008752601,6.46582646562147,2.11679356313514,0.43234435585998,0.125536581644531,0.0517202299921085,0.0218160580211038
24.4748655465173,21.0136832276118,2.04246397074853,3.50933646621766,1.80251405820063,0.345876941658581,0.1880687587756,0.121582300053829,0.233082777564041,0.44069570338323,0.00537131760350877,0.0583548307170784,0.172553356980744,0.284916458156303,0.698984087296246,0.507981720514109,28.9315593413482,22.4587198907306,4.3385523394133,2.64883028278599,0.178845460684187,0.183661063873856,0.316524023092194,0.0685609950951125,41.7401798030802,4.60718468113406,7.80557353571362,0.899771835023452,0.215520679854513,0.695031522256421,0.0113311416156822,0.078471533332922,0.488393896639173,0.154752940247108,0.358933933994153,0.785692335651761,0.180529096217509,0.742546126722532,0.273343734025881,0.622591756450579,7.08852802927922,8.46811075116325,12.5835385721617,0.505254734746116,1.32316289546248,0.00262637505399304,0.0210589498350651,0.134866317382587,9.08006703404401,30.4844079900065,4.85245394932591,1.78604948357617,0.0529010520075614,0.480712137289873,0.10778516745963,0.02250239453027,0.979977448376797,0.171082634997944,0.799379930913934,0.587453325953085,0.344278632649923,0.320870657175614,0.0523498743452288,0.0627622560224025,0.512076791369195,1.32074754323321,1.37791407133687,0.194582208827117,1.24585885277362,0.162040666886118,0.0259529978214582,0.15853170390274,20.0432468803607,19.5084706555084,4.7028737149809,1.35152522289053,0.133460415718585,0.15557855792991,0.0222868670328811,0.0870649714668052
10.159199900025,16.6274195601168,2.34246577913698,2.73616181944005,1.54365266409367,0.366352736659606,0.299552263646844,0.201630464477068,0.380798979410906,0.599173022028918,0.00587772101382813,0.63690971324683,0.42864562593837,0.37189487235497,0.498105785512332,0.559158275657322,32.442999965561,25.4341958098446,3.3528970994634,2.37393889103007,0.362186072419497,0.193359598849344,0.593031990053352,0.0801583037021414,34.6887195302398,1.07526880138188,3.27768506387399,2.17649107431968,0.14718189264812,0.720768194838852,0.0164778935871217,0.0321010710661039,0.725104771822414,0.0725428745623624,0.217966138092996,0.789218984085494,0.436335090758129,0.459301096835088,0.655489208551894,0.33044289696322,26.9119227217565,13.7397574313715,7.65029341402895,2.58156221531523,0.535561632738469,0.00129800127311615,0.0146508441061634,0.175838224320313,7.20753832399491,45.6549630870901,16.1553452433999,1.53408175710142,0.11362484345846,0.260743736807947,0.290572999786265,0.0221575486049497,0.6362591966382,0.427121029670208,0.583898592699894,0.0599088922381343,0.255891751515488,0.311084151224868,0.139992418012691,0.0957202918624487,0.555633248619812,0.305634211061143,1.20725777469818,0.137532493979855,0.554099529919437,0.226654083054057,0.00773948955437556,0.205484366317683,6.08457437590034,19.8084649516235,5.27377892271879,1.9005073315375,0.0566205135281204,0.0700655919307679,0.0476270353084043,0.188352287633239
14.4311556894397,23.6043872428572,2.96104836394689,3.3786614554629,0.779402419756207,0.325333312140318,0.0791324078561841,0.125092389646341,0.21025042760556,0.468353037801565,0.00413183151463453,0.318368634974011,0.29134507736682,0.306699009507001,0.571322918290592,0.77751412435205,26.8376049600789,36.3170735491925,7.21675207252398,3.29895166540669,0.182893463948726,0.464745029491108,0.656564931666166,0.0181981916398035,43.605278641041,3.85275916889381,7.02629681769423,2.65072175036706,0.186120410894984,0.522074581280046,0.0143302946628159,0.0739345332133316,0.656855371965167,0.0384523973431308,0.266999535743608,0.788518973125095,0.3677705450063,0.72221979381558,0.565169366398855,0.106933370128577,12.5448040061977,4.93114786845194,9.35557612597667,1.385170767453,1.07995040075933,0.00111810809608903,0.0214687138236142,0.055263424626956,8.7092952822373,24.3940304007591,8.66526421985393,1.87591956912958,0.102402501595975,0.164697864083703,0.292574650291204,0.0177079460358515,0.760272236461173,0.35357912239256,0.644267134778678,0.228754700433997,0.0380050897602167,0.342248623387106,0.058339334752998,0.0326586791473723,0.370194463492392,2.31661020502159,1.04488976275339,0.0707045213091052,1.07993827274884,0.178633943385719,0.143276199845406,0.149647997939788,21.9171088004662,19.6238704372644,2.63312223918858,2.20588874681477,0.395031962703441,0.0886845402101919,0.0404921204360853,0.0699520385151607
17.7396743852303,12.3284789917825,3.1312445717261,3.16358655871146,2.00987584499217,0.270919234295864,0.169472230639584,0.0478910771416935,0.273445012710293,0.624141932959478,0.00511335241910194,0.363477341749567,0.186795962105954,0.447174948123249,0.66592379468196,0.794726645663468,11.9643413465501,41.8426388790537,3.09760099540576,0.75667418394893,0.31556952149675,0.543140414823188,0.495870077289468,0.106789018604846,47.4807141774331,1.5430908979326,11.0245781359757,0.272089018250144,0.27206236176688,0.497163185454682,0.0163471822623862,0.0493025938959422,0.599673862188156,0.104072520889383,0.267735014686292,0.589877564166398,0.421857096596714,0.563235519834469,0.332283838628195,0.208093411661665,9.58917205704701,10.2790970505627,7.42474496189041,1.84219233957402,1.11424336208541,0.00158791784221641,0.0196058209962736,0.0724616773959005,18.050795827199,35.4659957664623,6.99079714907204,1.21770435828648,0.0942659325415259,0.401574272757566,0.3339114345294,0.0317412413994278,0.941945757150483,0.264206031982169,0.696230115403567,0.177288890111938,0.284562310858715,0.1227824094238,0.135362621257502,0.0508846716567348,0.257240095750224,0.745435435661101,1.09899427517994,0.130829772661474,0.822192010099852,0.0795034440416842,0.0783364414771005,0.16379945716179,14.7798776050408,21.3386723604806,4.56430482337948,2.32777864412149,0.123307068819185,0.185928629659638,0.0352634130728812,0.0811802460983971
4.30762269921422,19.3352072155065,2.94458720314323,2.65398703568018,1.84144558883304,0.284750960751999,0.454707835728726,0.119990103910728,0.176023293705388,0.31725395471715,0.00244051116312129,0.376796515558572,0.232607783457465,0.321409109352226,0.603307947271976,0.69922962320175,20.3121210041646,27.0114139810266,1.20616223462243,1.70888108456085,0.334627773800464,0.044400418946891,0.393970785994121,0.0614213095216124,31.6723432279446,2.11788342097025,8.23283100900892,2.46498941795056,0.133130651051532,0.308211822722326,0.01540487350203,0.0430191253005312,0.35166306854191,0.0676032978590699,0.176282674187467,0.626536199220679,0.371810967628965,0.685044853451848,0.398196653026209,0.245149700497412,13.9503961110365,8.54882071440676,15.3671535895072,1.51213875876749,0.955543490480769,0.000391570110457738,0.018978633535888,0.0820575030069178,33.5229124155897,25.0511994187364,4.08226748929635,1.824673059419,0.0745461388499501,0.172856495702147,0.252740651531728,0.0227580419717135,0.770897029534698,0.32976071417638,0.327639843259596,0.369487185478694,0.0510042429086674,0.332683987687545,0.137815169813955,0.0499625698810652,0.615770365786022,1.69344948163794,1.24519101977141,0.140761620887886,1.52694492856715,0.0362771149021889,0.226841715081217,0.101027079748421,18.1786878312384,23.1763710490206,7.37170698485307,1.96052185821265,0.0987061694715924,0.160413403036229,0.0593296024987908,0.11383346925263
7.04553156750256,14.3849679587971,2.0915668937542,4.11880920076852,2.14109479624645,0.532816587494231,0.411961602460238,0.169518416167908,0.382303668422958,0.508447736156998,0.00681228867011163,0.515244078306561,0.450493856215976,0.378903084574766,0.484168824863778,0.670176282191488,10.0930968841884,38.556262597562,2.8920859838309,1.67453722066501,0.293253358886286,0.418116468475339,0.355031185561526,0.0915080966077039,12.8219443180801,4.59746123097932,6.18374867657254,1.81310739780134,0.125764824994052,0.306523743223143,0.00866337398534674,0.0694534980141494,0.575052673741964,0.0778510974727045,0.195887297746662,0.490424900969687,0.344049922903037,0.495576051591116,0.515750239524209,0.389355739247572,21.4736889820433,12.219092374615,9.9011244940001,0.525793267620384,0.312909873161812,0.0011656915026077,0.0135150104202148,0.0906227594556934,14.1106160943008,25.5985131117222,11.2164062070624,1.22578775406279,0.108893558183602,0.222127580311343,0.396686022250736,0.0224866774483148,0.55463455541192,0.134690606379786,0.274448971528084,0.468482669973017,0.325560196468294,0.423888681255763,0.112750708008362,0.0415189416088239,0.161446549540382,1.02647954573496,1.89613792166321,0.0275411626413137,0.376102298433563,0.0785897008266006,0.0848736278479535,0.0959922723793934,21.4651471798927,24.5925838343075,5.55794975412887,1.29529060373506,0.220029595928352,0.077640645766779,0.0403436293400577,0.168623158594498
13.6954937074269,9.74928154310982,3.74506255870953,2.43965132555207,0.993241600308351,0.24139484855148,0.229840654831894,0.113959935453049,0.370597142223229,0.578386893320525,0.00517326244263375,0.515617084255335,0.223718001459743,0.396949734238575,0.71657662508359,0.580246817727311,15.4688810390547,41.2473340595777,3.23959532040855,1.54405081148548,0.300835601422816,0.556157789725144,0.505275154270524,0.0475506684198887,7.9007657029485,1.99517803006329,4.92982769213521,1.03513468918195,0.181284022250808,0.465181244665425,0.0189735502977878,0.000936491011627155,0.643992616470866,0.0363359435822753,0.0722482655499165,0.507641666198127,0.600051953824799,0.668251316831245,0.265155538615375,0.258454531277109,20.930911031976,11.16933511657,11.6877687141716,1.98066442984823,0.700153428090192,0.00128755566832209,0.0241452674964096,0.089048788504912,22.7001744036881,33.2624618484613,5.64634405935975,1.73948282734386,0.0855138474958509,0.280768907483149,0.326894286421777,0.0267836820728019,0.812781270065587,0.553670765007126,0.516114409894958,0.593371849940524,0.144572916412479,0.254999503250453,0.078002944019983,0.0221890455447272,0.38372181700938,1.71685087056087,1.44182444474541,0.184049634220898,0.76100815638925,0.137040323708427,0.066522538069998,0.171493200076193,24.1737231665097,22.3634584949179,5.68743117227197,2.31068821654409,0.449172981510277,0.141135833409165,0.0402678996958222,0.120780728451984
19.1434810870145,19.8185211630215,1.82171841861026,3.22601394297662,1.51802043320781,0.215630553592921,0.315613832837037,0.0746591116849758,0.267442917007967,0.661735783594377,0.00534690025214618,0.298971713293127,0.220679809850631,0.535135522478498,0.54642637731373,0.70812415629035,39.5603513268402,47.0960735493504,2.37322230773289,2.14617190130372,0.203538170941803,0.523236747916924,0.589607602076186,0.0747229276965122,32.4311964117368,4.59164390198949,9.0872754863264,1.40481263218365,0.164297056013222,0.468942695274705,0.00258408194943133,0.0829883094103875,0.384931498722554,0.142081144039446,0.231244286581277,0.652772349998201,0.368139758617684,0.345484274329223,0.572566118245693,0.252831063341038,11.3281197202453,6.03915990176403,11.4925509531802,1.87406851546898,1.14535993431624,0.00167640777944396,0.0169968609073807,0.063069224846475,20.4723884195609,29.351344074131,13.502316004728,1.89301666549574,0.0739440366288578,0.485096044470722,0.476831061824422,0.0147946067732765,0.965159048541685,0.245505732305609,0.73581752411225,0.369166397617856,0.237341674888019,0.509980753694611,0.0872412558041872,0.0276915586943351,0.757223187218971,2.32963215197135,1.72457584489758,0.120090146847175,0.934012490534472,0.0969645743411089,0.107433138461575,0.169287304785508,12.39839733878,9.54004181656046,3.43970753653994,1.18867544989457,0.149036106378823,0.0125571494842938,0.0349067947940619,0.118186944500566
25.0414739270169,22.7471204681753,1.31207167526448,3.04109672562222,1.71018533450595,0.57967167371882,0.340235490648571,0.100610059747586,0.235274786688398,0.78258781216328,0.00410604635856648,0.419312606921124,0.131521079007864,0.212146808290578,0.693660722387723,0.618021628045614,23.7803626504125,31.7553007179564,3.55252817688402,3.03158743453439,0.30815820409028,0.579382425259562,0.328212854475315,0.0578865694595144,46.291434627124,3.07168488269426,3.62827557945358,1.66415122753235,0.156898535709274,0.827090603534015,0.00563862500757513,0.081442043132231,0.602013944857949,0.141198495091056,0.158602329909695,0.637200214128578,0.530728384765891,0.396247965509741,0.287135922544854,0.429827979711184,9.2757330692313,5.95551601921702,9.49971495669554,0.988390081067445,1.14571651450669,0.00101689485570282,0.0152641571302805,0.0750843737974424,12.72797047137,35.2801967130755,10.5442978781744,1.95759961072428,0.0759261951599174,0.490205813762812,0.470162011694799,0.00881030291026609,0.574117262830332,0.496322815251052,0.376702231595036,0.481420202506059,0.211474310547607,0.674599347508177,0.0285148984596638,0.0237478044651711,0.790649177219843,1.35144485548336,1.43610666133082,0.0778589045308219,0.794192884311291,0.296180159308229,0.109040989152404,0.157688375706755,24.2800346876646,10.2246959085056,4.30487560826561,2.94386325890055,0.292334343405352,0.044848316543662,0.00870633183132016,0.135112956156872
14.3529893677776,6.89267889818136,1.42268406846469,3.1015240813676,1.40680644707692,0.488724449387605,0.2947755690936,0.104885564029587,0.362378372627214,0.818865156441197,0.00893972775790696,0.638094530788892,0.33494165620414,0.186431262545268,0.513203789375505,0.500404371951514,25.9657704596125,36.4810508684398,5.25345247506508,0.267799184245345,0.252745575678594,0.567407060544611,0.421497293265897,0.10542743697095,41.4021122274199,4.72334427234397,7.4714218603757,2.52763245435179,0.155014477064303,0.3656302153898,0.00324251002196386,0.0418095332293343,0.350421295807951,0.0700680547387162,0.185638069120642,0.438086245725772,0.551227052300226,0.886649157679019,0.506833731629882,0.473107943047917,13.8338101690203,5.40379969542109,9.16292461941809,1.27696530748534,1.46534476152839,0.000733355830268594,0.0155258418307241,0.082019735769379,14.5463246668767,26.1357970954291,11.1029583799029,1.31593353830128,0.0484345352530409,0.359753458382882,0.324106743238952,0.0189791158681599,0.436317710362818,0.228821603476317,0.319375752341883,0.401824803303049,0.298643166485721,0.379078006779965,0.0971606369070296,0.0654676508739314,0.314322508998581,2.06496855879832,1.15038341428641,0.161266184799176,0.570005755323954,0.383355457826034,0.083426163594965,0.169799717517929,14.9343324687828,17.4311481093237,5.17418945438569,0.978409783430936,0.350346449597557,0.0719229877856793,0.0455888084328671,0.0556411921645692
17.101032569799,15.3008487072548,2.5986283100928,2.74242237806701,0.884612715472819,0.182064441747597,0.149920364175018,0.113653244866845,0.118766270325071,0.27823865407447,0.00560084525638455,0.0537939063325797,0.106624622723891,0.247180354592909,0.707725787161702,0.661039032088755,26.5309915882473,31.6224937834015,5.30355668672693,2.93347378452937,0.403294177035707,0.342446186476583,0.449540234168108,0.0505334528371238,35.056910111151,3.25825197003354,10.5666647160045,2.05442334678661,0.095779198038552,0.428469913241142,0.00925122150846522,0.0555788432853872,0.248222741994665,0.232741560656777,0.316901903190411,0.944671152891099,0.515028493296905,0.499680076439769,0.298709985405711,0.432469066745131,8.50725270354506,10.555853702791,13.4572908086155,1.02753196033993,1.18461727032879,0.00159481531229975,0.0210144552390828,0.00694024312120725,15.6209535140038,36.0916424536094,6.50184147235745,1.19361992737793,0.0806952044400424,0.302279327247852,0.159079318447215,0.0218500158550705,0.798718793420784,0.175589695992443,0.469405454548317,0.263305429331062,0.21948328501135,0.55011278883656,0.130466130268877,0.0662370243726807,0.439115260016482,2.0301701664063,1.1483167212322,0.10639163187043,1.01412628946525,0.241778228240189,0.0967519097540252,0.202343153797068,22.0265301514736,32.1496080114154,4.42734243060764,1.29521856557376,0.216608176389609,0.165869167632836,0.0587224007703381,0.0636860007061052
17.3533749236351,19.1210605968239,5.74044123814218,2.43506137242894,1.11471719409751,0.449829279163753,0.141982293146647,0.124409192954506,0.267887902838627,0.233406638144334,0.00256347261671771,0.398919185006781,0.186378797829033,0.405800861398124,0.815323076342191,0.711197854547862,16.1943118894148,39.844273434858,1.79876607743713,3.24887122089291,0.0195339616385304,0.678965986610659,0.518901498020843,0.0920364881310156,19.7686721345228,1.63928314610782,6.24701646871261,0.551503614139334,0.214559190495396,0.678450601514379,0.00132292052017223,0.0909803244035056,0.680211498602064,0.0876030666677602,0.0789232247930985,0.565069970697328,0.277083828650233,0.509746839435934,0.153510031847699,0.358750735744594,11.1717972467596,4.83875577744911,11.1163062175812,0.880217384291471,0.819937472408368,0.00182903446751846,0.0359206810560139,0.0546739558994874,13.6198949451341,34.7067987984407,7.50680167832178,2.97297288709791,0.0721185956536303,0.442158748945507,0.356586585343196,0.0121528297490423,0.420925265639727,0.288170646509601,0.468264980162311,0.428561999476253,0.275239963874853,0.264712893008505,0.073973885005691,0.0184091301145105,0.158580884421141,1.66342243152759,1.60736773241926,0.0831854077887514,0.751256366680751,0.104094586731325,0.025123304909725,0.040700554795519,14.0483338959774,23.1546919994391,5.1442977130248,0.610435148124826,0.0971166134558126,0.115921144879895,0.0239905225427127,0.047700967900866
23.5628928505257,8.19071712242798,2.13555914634424,3.96210959184829,1.48030759500637,0.184946798316801,0.0603345137728207,0.0679527811880638,0.409911832870406,0.378656611591326,0.000902384114823137,0.13283559914371,0.324565383693105,0.542652300455155,0.427584612425501,0.566577006280158,26.8088557838006,53.535705972427,2.30669692869581,3.37257694151442,0.259526839793211,0.456518688394604,0.558912056926764,0.0615886362854056,24.1529091884756,1.04280519036126,6.42542317356673,1.28109087222351,0.14565274003714,0.424723281033882,0.0123947903456065,0.0676147849614323,0.755565492534927,0.15083316125046,0.218147100296724,0.592867787971657,0.555856595710101,0.637163326326846,0.569153716298542,0.382325629144912,3.32649629622499,5.94423599555416,11.5081212209636,1.00165935840232,1.22260047646754,0.0016353926289279,0.0260765167430557,0.0912826115336909,7.48435294590332,34.7549332226402,5.12549777479325,1.1243911851142,0.055409084897711,0.263753777861901,0.216878207901065,0.0128462196704304,0.405673922179722,0.541563083456238,0.435303827343555,0.644164239125449,0.119659154292676,0.0718921092019001,0.173086009501481,0.0141908788855847,0.352721988260915,1.6263042174211,1.82048258916158,0.130752793607316,0.642635160699483,0.195648673402499,0.129850549052111,0.21389652883266,12.946943777774,22.5179978925263,0.00143134952778468,1.75020869462636,0.144999116643548,0.15481901137693,0.0254519202611733,0.163950937841065
9.85067571234918,27.3370263552234,2.83540035727463,3.31578361560933,0.692163900883129,0.307732876357239,0.203426972289693,0.0648529629500573,0.179522765783257,0.184400413310413,0.00566115403174874,0.595994269862596,0.1521804550792,0.328420019278124,0.635080888808917,0.470080964170224,28.4524045944712,40.2352874984658,7.03530095784453,1.70874561910841,0.0604001286462763,0.464537610488416,0.102255473812468,0.102128643070508,29.4893561588688,2.48347966900254,3.46361838621682,1.82198230922025,0.0920809293567692,0.523488125691216,0.0148638851864176,0.0729667622088979,0.435388836824816,0.120745139867371,0.276312788525139,0.629879147759267,0.666408730568612,0.701519376944506,0.508789322335062,0.423458714556437,15.5691331738118,5.88630549528821,10.3144406721324,1.44806646942994,0.7289056199944,0.00267802931961871,0.00948153852548724,0.0895435842223732,11.9330353149414,21.7464227143706,15.3276804247414,0.885243298370738,0.0518189896286136,0.213687903805417,0.111876228316984,0.0087826301391748,0.645785859338951,0.346259766894574,0.451084041210766,0.138356966272637,0.167612769995377,0.438846976258987,0.10473934105879,0.0340821059048332,0.401727751197813,1.95557099149711,1.72091611790863,0.0950026094789745,0.894597881037169,0.111450368073359,0.140911895356035,0.160893158165122,14.2142495316883,18.6008220721037,1.02361542596802,2.74719831347442,0.368758644993649,0.176710901265016,0.0302753646153576,0.0413547984344749
13.1750527812345,23.0316273961717,2.53556447264927,5.02277481526569,1.64393442286877,0.240453940935825,0.106820354958388,0.16326475643151,0.338039699227219,0.428087719878478,0.00382009550275429,0.471211356416462,0.383025809607319,0.558230547786654,0.801517251226345,0.646583060298962,24.1523078351384,38.5374308121737,4.67970138895623,3.13410834161633,0.290002955958745,0.208832620471671,0.737643889787523,0.065460035049151,36.5651514085494,3.03602701578433,4.63468978244498,1.79048642698941,0.202492956338457,0.612473769512086,0.0171437333007169,0.0373938242665053,0.480241197562383,0.188749880628463,0.157715153839096,0.572120857988324,0.100436034736491,0.253717410515436,0.20617706721051,0.342929067615341,7.83231320376199,2.47205576728609,10.8795780229996,0.462955228974009,1.37997462783702,0.000898614435753675,0.010748759218428,0.0401596809529813,17.7142534025336,10.2881901062647,14.0524070090577,2.30314253921199,0.0662677862336787,0.464671260280809,0.217285755658229,0.0166016570435654,0.247360934034149,0.4289564184159,0.203650387655912,0.361289556559976,0.22862306575088,0.24796607363574,0.0972137322765893,0.0304192276028449,0.665250464695559,2.08413307858704,1.36743675691749,0.0815127359022138,1.55309234616824,0.214723404786988,0.116540302164443,0.113545405296405,13.4983740616274,22.1645465153459,1.70147352904489,2.0887528235403,0.0802171970783677,0.075468142458329,0.048114053517004,0.0642247745010695
14.7498856968252,4.60415560715429,1.10091352727384,1.94628893501873,2.13549537129407,0.352964093496088,0.363796406939426,0.175751318474891,0.386682648134893,0.752343574776366,0.00592049878540262,0.412833151890144,0.255360157905224,0.322976097434892,0.634375279852551,0.701223896556636,27.8650792240676,28.6290834368313,2.62991280798171,2.36452286812008,0.161134588611689,0.645488782254049,0.230177912242948,0.0273328573205475,46.6924527838822,3.6906114420895,5.72517476354214,1.47599147154574,0.101849245743342,0.234152847266812,0.0137800828791768,0.08181736439531,0.384444552019972,0.153910689549054,0.190290269211777,0.690258513320563,0.399459558626469,0.715152851788034,0.337426623201664,0.260102202720553,18.4842135720762,7.58559435519915,15.8765805705235,0.525912806980452,0.856860558022721,0.00164200737227844,0.0156257398931372,0.0629763455022154,12.3376123047875,45.0777147142335,6.3963767374513,2.01777692852021,0.0383620397126391,0.443249786954511,0.242867089918544,0.00808333647152265,0.458431121505667,0.308671346824109,0.225998090306258,0.270002178848546,0.140467263851008,0.33478310713689,0.113751373759924,0.0436002964296461,0.533194230164996,0.898490733964001,1.99219346399644,0.122754457746219,0.911931636288451,0.130866215017962,0.128881524835051,0.0902047865565334,13.4797084727258,27.2894410905411,4.83515667685431,1.61546139903713,0.231426011063474,0.0568539342481101,0.0289405301270118,0.156566058722459
14.7135477181874,14.5390053483302,3.34921410379054,4.1621606694844,1.43227768410571,0.187647275035483,0.178141370333552,0.121022025054061,0.231308890274734,0.283274491042359,0.00266414597400278,0.297630356269623,0.191445834667982,0.309411247854073,0.626910510569336,0.78974463930703,25.090218485812,51.0061635063286,5.45600707467691,1.84481984317557,0.169963400755789,0.248854026441588,0.40644922770573,0.0724766638076383,27.9477996139781,4.78862526088573,2.92681405521715,1.73927732803703,0.144760633035277,0.21041946688607,0.00967487645479968,0.0590897646543248,0.539611373245581,0.112179324330113,0.325731527583398,0.615870841670482,0.455063368693617,0.687481761364183,0.362592872592993,0.229217531840567,11.5029121261199,4.7851722842397,9.00292369648355,0.747939106929225,0.814520465617548,0.00107246835322571,0.034043533010083,0.0610025158053102,5.49503334295665,47.0978955977767,8.62823475096359,1.00792302099666,0.109572784285903,0.0663176134368652,0.402854736067277,0.0136601669506486,0.581811676022069,0.420970486178045,0.360960486629455,0.257868618288003,0.267491754151659,0.321055921665487,0.086092050849206,0.0417103748907831,0.679654700297961,0.741859474371351,1.48004196607355,0.113910933893146,0.943546416411722,0.042909441436282,0.136887597453584,0.0991609314640901,14.123584612692,22.8732108386532,3.8480154499076,2.84444473470741,0.261376182441562,0.0396672996138528,0.0380145412740987,0.120752267526675
14.8886264656294,13.0241372504488,2.77983636104885,2.57858611230796,1.19491414113012,0.541187241700273,0.501170580782444,0.0550567111987565,0.242638128959822,0.401858359864778,0.00462233359986778,0.592908447447321,0.390304001141477,0.323061391131472,0.654822977193876,0.725035224166621,25.1671307708256,48.2020415869727,3.31734327878188,2.26970686235146,0.139780176626781,0.635719909110505,0.427187700900908,0.0723328011743396,22.8009861095775,0.956462733288533,6.32097605462666,1.858966052767,0.0627107613335335,0.256621552576008,0.0193410242974274,0.0580673005199124,0.448776936750843,0.0997735640560341,0.247862954334499,0.402269428208844,0.350571619938007,0.750180726138436,0.471002600009095,0.189150559484671,16.0853335382275,8.86154004918066,12.5752072678874,1.49675934868563,1.09636413177464,0.001982874039638,0.0203088957978753,0.116600444932004,15.4474940004677,24.5082697334932,7.68594042209475,3.44369730524085,0.106713259476521,0.275164721464129,0.339297926056578,0.0129382451923584,0.636639377997462,0.365728798749633,0.367687323826017,0.378780759958727,0.164944673249598,0.361081873309796,0.0654946485009419,0.0443767165290431,0.463523296876957,0.386244799165421,1.18935981465713,0.0832607093257555,0.686568284379885,0.0719802281951745,0.0231306187165303,0.185591303505945,14.9690692939023,8.18388852082662,0.941841359454785,3.46366408578059,0.43471513847188,0.149750616513129,0.0768141768265747,0.0526814233804288
8.84499212903082,15.3759183960997,3.90735546379638,3.55209837600974,0.888233871795791,0.0993634963364971,0.34081673296057,0.153626937794758,0.272612418142221,0.363858767826606,0.00896342174430188,0.560514745036636,0.192487903268029,0.2304780293649,0.790995063181976,0.782350821525423,12.3625636758886,39.5034673595876,3.6320539171729,2.68113157883285,0.376944625027702,0.566188913704647,0.542358394144983,0.0666998115415542,38.9178007322234,2.4583617383882,5.25681850218602,0.928786213043525,0.138682326384402,0.601635335035464,0.0108034238949648,0.0465835602040459,0.451572410144618,0.158404900072763,0.192345112663679,0.48148190480284,0.366058061263124,0.730397062836359,0.233042029332111,0.157465963157258,28.757612022191,8.72697187848891,12.2109540647746,1.26410132380414,1.20350874382888,0.000644765532735062,0.0181146106197442,0.055682170442312,17.2997978972434,38.6290598299067,8.01610937670408,1.35776856305106,0.0109754872482339,0.600290847769978,0.35564493336962,0.0253489766220867,1.17088998493974,0.366558049461396,0.340688612141582,0.243056111605924,0.465921731198245,0.189103432907404,0.0379434221564425,0.0587809656442657,0.737951639340892,1.95782108596208,1.61166257682289,0.0526315319782533,0.657025413025908,0.110307991043156,0.158689906379826,0.113243474619737,3.87941607720513,21.5208102179009,4.03553124687491,2.21863709735454,0.203715820987178,0.0699664047016365,0.062959791507189,0.117165159379542
9.80441160366978,11.5225214589088,2.16335682119133,3.68467311080152,1.464233411632,0.244099747501805,0.242982423659588,0.123509732654678,0.0746849844893717,0.852301300436845,0.00253335927868087,0.342173199367342,0.280673306874981,0.117133017218042,0.645733911589836,0.681959466777011,21.7871776310652,50.2799691456917,3.46756940174828,2.59024684517817,0.244471787178903,0.251070851558096,0.363526279776657,0.0806427390083841,22.213277070944,2.1407655776701,1.30436110318492,1.73098793793849,0.127846848981311,0.770956557561703,0.0184263660510415,0.0978853803693331,0.630106939362444,0.164736843462747,0.311315855425962,0.47743847891089,0.458178167766445,0.837365929794027,0.343810049482072,0.291228268940701,13.164201373476,4.73173636849616,15.0601576175648,0.766817696312961,1.17819758644827,0.00115119232822764,0.0190667301182032,0.0849934628539543,18.4304484651211,50.2219790862562,6.28397608682258,1.42051131339425,0.0591081137989985,0.488405946786537,0.373079477442593,0.0389034620803135,0.819803953927934,0.542096051177663,0.221596590645322,0.458385549069217,0.206603998758077,0.367581806697387,0.0756748636042561,0.0549441408598455,0.789334266922055,0.727606435891257,1.63364789002516,0.0831229346648182,0.920508235078971,0.136062532649878,0.141027774631095,0.074036138794424,15.4389568986165,17.6989023093087,0.849774398973921,1.1061603420006,0.298280651862448,0.0717538072885929,0.0383623423292033,0.13023036147424
13.3827803709705,19.8242387584728,1.94658855920828,3.95599030271279,2.37415746727637,0.103331790918976,0.179810721666223,0.0731345786226672,0.167230142916595,0.784460662826226,0.00229345646700182,0.313058821122926,0.316294243430226,0.48533596573726,0.404052234469099,0.51913274047808,22.941036564584,28.4529232697795,2.48146364452535,2.46190467404654,0.311343331849698,0.345613831761219,0.388045454028069,0.0750083970117043,46.9006013039949,2.56414935652912,3.57526276467285,1.2481299585934,0.156108073492443,0.324627596985199,0.02012948235932,0.0876090196158986,0.640864477385466,0.140052594188224,0.0945686453388942,0.690780199027222,0.491539442103333,0.594397862531719,0.674170346699111,0.447074966720733,13.1164256102342,7.82490301007566,11.3664545511767,1.15944966366705,1.48311469969903,0.00120832809583527,0.029405171040851,0.0343148520243794,9.37274809538326,19.0027857840987,11.8952255898031,1.57524746246994,0.0650711602227755,0.289837428042925,0.30469673102571,0.0121684988617903,0.870669806632877,0.229038874330033,0.00127619334315199,0.144062900306128,0.254981715939812,0.33847125767998,0.0455228095047141,0.0566906821034856,0.529260707286944,1.71362264565475,2.09488901606052,0.113351392791528,0.817581198732602,0.191821319133483,0.238294261460785,0.222237759481406,13.8609215357908,25.0706048776126,3.60891975997353,2.76001508288531,0.329529310173587,0.0961299639981135,0.063106931875654,0.0951774890997193
10.354556966598,9.91493103698858,2.36360986791629,3.18076648068526,1.69470248775898,0.373489209209564,0.382796771390115,0.0792586412524793,0.180123562621369,0.356008747025366,0.00302649275942332,0.373274664787006,0.312988065761406,0.249340916184454,0.547301322582568,0.818371095253825,16.125800125524,47.6987779831908,1.90405647561629,2.09407042357147,0.137986813327096,0.484362221307499,0.381148058001558,0.0723089464693307,32.2582879512955,4.24169275301342,4.74327927897101,2.05449934528523,0.136383316667107,0.458359359579737,0.0173290858841517,0.0186738842522943,0.379631641266056,0.0326010440971797,0.179911058369586,0.703620958180676,0.305880850187242,0.681204590370804,0.325094829197752,0.189794547225139,16.2018857582538,10.1335147265395,13.091264271811,1.53979367034376,1.45570483255761,0.00104375942328852,0.0158174582712513,0.0733495763095593,13.2600427422499,39.7165926032828,9.44802298347526,2.17343444163387,0.0966931407596442,0.420043118573208,0.356325291494157,0.0263328390321407,0.649640398344273,0.615782448041666,0.357116856569639,0.434232195436415,0.0502315259727888,0.258817354048138,0.128042406121503,0.0379859611421509,0.558826725772311,1.95569098375651,0.935267015555604,0.134214477276947,0.911681485900335,0.322067803246965,0.223257734000014,0.0505046279019239,11.4001773759625,4.10128482664144,2.17818615237362,1.30710648471554,0.149679192083317,0.196234560371552,0.0665405536180074,0.155912780213083
18.6334379220371,11.0781307415535,2.58124458026129,3.33270789946138,1.7357215561253,0.311254867487737,0.291543011864416,0.10901102798975,0.15420149977261,0.615200258842864,0.00441760782800456,0.395197346035965,0.163781070950357,0.187232238492039,0.461441545987132,0.621329995624765,12.8881161812122,34.4064394017027,4.15830163525706,2.90964650003562,0.189139220805071,0.474005463935702,0.452271979655782,0.0745505489166909,40.3325162065105,0.867383829426179,7.90685100505756,1.92075134488266,0.145587058038197,0.573074191990776,0.0175523588053744,0.0701722848918126,0.788680001127313,0.156833155329938,0.32936417352535,0.610338550959616,0.687487297809811,0.803093116169147,0.522619359181536,0.400489848862114,10.3226819122861,2.69298716127488,8.31441008322722,1.21826152531264,0.547909640376888,0.00150372480998343,0.028054317648358,0.070398421856214,16.0155119084984,39.367837023906,8.9421439936583,2.28829307738292,0.0880092353476955,0.267018601246564,0.466900029036181,0.0234273379257702,0.398878276387112,0.150556274781651,0.437487910498274,0.57192879822925,0.158768766615938,0.277037685817687,0.0971802133523137,0.0627314255277459,0.463727563491207,0.902186790639321,1.98298184905719,0.0669828206298348,0.681362951546589,0.0956141015762577,0.0912275656914883,0.0729516903808662,25.0226497963105,22.0120048176887,1.74423447390394,1.98888010473195,0.162118125050372,0.101936898533924,0.0548249188886881,0.0638020299096876
12.7165913096545,19.7619121527829,0.723554053605202,3.91703239760391,1.36902980968817,0.309176822444924,0.374620972435812,0.0744466329379159,0.310745364878624,0.533404743897403,0.00345101398976123,0.387937022865772,0.0638516504331634,0.357303090830214,0.582015888290825,0.766161628311628,24.1622724746251,41.0721786241428,6.34233897795027,4.04684813697871,0.22265242204963,0.365416990306873,0.25276839063107,0.0488029693248681,6.03212944482418,4.0934026245092,4.26886587094605,1.83580694672382,0.247876354692654,0.397869326103407,0.0217628166277438,0.107629676513938,0.158913436300902,0.0692673996544808,0.146409639518927,0.670895010434893,0.389499011068243,0.613554320977906,0.552593464428592,0.235745943407736,21.5394251076135,9.02502334427734,6.83748203631492,1.75518094829066,0.822140745214701,0.00147122059781292,0.02094609876135,0.0468306520766006,17.4954485503899,19.0857354043339,13.87772635769,1.14964913125536,0.128304093461326,0.237921960375072,0.481494897263382,0.0180873288355133,1.08722323793745,0.177584604506813,0.697156395528583,0.169834845418371,0.244696180991459,0.160618264107539,0.0308183991984904,0.0281385949110215,0.44048643120932,2.62445057168188,1.66315629541631,0.0441722174590497,1.54305735597126,0.12048565741365,0.114862679409403,0.0911534960024052,4.35254725606333,30.2761988701488,4.02052894723801,1.06442088881434,0.0711931812784879,0.100177979115602,0.0127133622575806,0.122572724606069
17.580775600361,16.911560249696,2.449998244446,2.32932581869252,2.01423509637691,0.313207465766372,0.280271104009048,0.180303688560688,0.322902297911626,0.386204385194504,0.00630461262140435,0.552575636830908,0.243462343567785,0.354379604624337,0.664076915490731,0.622181461336178,33.5840639956278,33.3932714654378,4.83597641154032,1.47751287113655,0.195843331288263,0.505730231098485,0.444075762493521,0.0783728139522425,17.8149489989014,1.22854279124361,5.61629212955129,2.16179182773489,0.0678232536607404,0.0211432643808025,0.0220335697469761,0.0497532410022762,0.291753427785664,0.111003025160132,0.446713498426919,0.354848922449655,0.430673841469702,0.290697963943054,0.32808249146851,0.344282710005251,20.3198997902051,6.63639604988732,15.3700081283595,1.34869981647371,1.17873566802413,0.00282725208981893,0.0135706956666741,0.0522911103659726,19.7624066421325,26.7410825622384,9.34339625065632,2.49764968837677,0.046483433288388,0.395380042405725,0.428654503179241,0.0166593388886992,0.456023819971349,0.414781993407426,0.278389802780563,0.298617931336418,0.174671524485584,0.43835187513762,0.0620404925511518,0.0350345606839308,0.571665819903901,1.18249399360031,1.971579139917,0.186753697293257,1.10691554066019,0.0814783527648078,0.182977038847528,0.195601851200651,10.3236509371501,10.9126387250047,4.19409528103776,0.587850364743307,0.33296584345952,0.193352089746447,0.0582205827963463,0.0766060719033795
16.6377093985211,15.2505184544981,2.66403809604285,3.64845649909724,1.26766879805683,0.213397761380824,0.42411946056377,0.0852076635882633,0.279947769092258,0.315776602102883,0.00678627046026953,0.210369578975222,0.159424776184011,0.0813885470429331,0.657872950329716,0.755453844008542,24.5200958820745,53.7165036642135,3.15140856014428,2.78224133627811,0.303011205294182,0.246856914728249,0.507743384517217,0.102301446607802,36.9821141397091,0.803191495863979,5.79606510024192,1.52912073600611,0.202319758442487,0.406145964555631,0.00811252460769657,0.0790476716971643,0.10211049613753,0.0701114201418159,0.167046784652013,0.935621607765954,0.630714869568996,0.825687758761161,0.234553954806084,0.273607904060591,4.75133097119843,6.88452225410905,10.1764925987729,1.36713963953687,0.587030954850146,0.00105933875124848,0.00813159321314137,0.117810252805012,6.68656506395056,35.0321922690031,11.0009141207462,1.15653896200574,0.0935412965319675,0.187938922236555,0.265093704147226,0.0221944593276995,0.948895157012054,0.484637337030994,0.338165721107051,0.255930631234936,0.203481459033437,0.424595692954316,0.115236427195939,0.0316586367507074,1.06000156276611,0.985582108032227,1.83193834697724,0.0864315284870026,0.853195905365944,0.263647831043201,0.0920263196677941,0.162276932926026,10.7940452678056,29.8605533983844,4.46384882993387,4.0129925257582,0.165208442997322,0.135211973518156,0.0208614282286701,0.0963715152737795
21.627616020678,20.0755562170728,2.31110891280431,1.84286840686131,1.12179198244122,0.257849414993322,0.526473192351623,0.182829975798032,0.250704805639575,0.2038092426365,0.00285641848529562,0.294535228666657,0.250912775163552,0.415933188994515,0.523883579334307,0.657930847356808,18.4736069920442,21.016292474245,5.74415015504594,2.54567307499658,0.510516038596365,0.109503600106023,0.226940918064396,0.0717378120830251,26.8399792157474,2.88214679794861,4.22235877675356,2.03077651185864,0.0417426575215518,0.669309115194273,0.0118214430383119,0.038663055471713,0.319770407442182,0.137182754916661,0.169268388798786,0.669208923677611,0.400605968446649,0.492382861947565,0.323516262616852,0.302402823995078,12.8321462163426,9.71935244228559,11.5024124697132,1.20961015454782,0.782139885019214,0.00154033830979556,0.0154164663173944,0.119442735186937,13.554454682528,30.3345915205668,9.84997702537602,2.06629540827827,0.0464637380354188,0.432563391282537,0.414773249619528,0.00561979057987196,1.22725299069944,0.263304191334905,0.503934886752448,0.361600823872497,0.148423361389486,0.368892259850951,0.132974858218629,0.0380264666382714,0.546713182911508,1.33040801688859,1.71978732820922,0.030456522345806,1.12984370274549,0.122983698003406,0.108585356687697,0.116769797700267,9.99939825404216,17.9773496327365,3.34494050192699,2.13371832243197,0.26069767141958,0.131899616065368,0.015912276327912,0.166943176520544
11.3312568073922,1.93003298316784,2.9736811782499,5.02118082154461,1.57893017081262,0.383383737115124,0.348497462057145,0.16985107689269,0.104735597719479,0.594539010342519,0.00759655290493656,0.0935116907252838,0.213788011760277,0.412956287531326,0.634533242281884,0.742246129509426,11.7184245084128,37.6328649586239,1.49314551105696,4.19064249056503,0.167052005751051,0.667397296482342,0.744297677611429,0.0408556356854438,14.0750639377326,2.16197959978185,4.95833998409685,1.06442854619141,0.219104110880012,0.398590195559629,0.00552273251815109,0.0723590282005363,0.180286711947344,0.0543804142438125,0.0442212732390459,0.680722942791162,0.601868100573409,0.611927394618438,0.35330820833239,0.205686534169758,14.7690694409836,7.19993186863817,10.8559079453283,1.05901385700904,0.822788939772207,0.00132372180593464,0.0189253285066629,0.11616788282561,13.2724118646174,59.195780596145,5.52132683841437,1.27947985790507,0.0619850667429836,0.380201017472093,0.346533421380903,0.0330260787440093,0.85380575146754,0.142694351088366,0.64462595131885,0.6853202906883,0.201405109321985,0.161138640330393,0.108291242972104,0.0450740084321715,0.67225817365432,1.51920161787814,2.20025005520287,0.124169942500938,0.589651449351559,0.0654010856351856,0.0561560019922475,0.218847607224529,15.8310468203525,16.1123887637507,3.71246011076166,0.559097639686603,0.226000045198759,0.163279985252744,0.039907943647938,0.0969151380110114
9.80441160366978,11.5225214589088,2.16335682119133,3.68467311080152,1.464233411632,0.244099747501805,0.242982423659588,0.123509732654678,0.0746849844893717,0.852301300436845,0.00253335927868087,0.342173199367342,0.280673306874981,0.117133017218042,0.645733911589836,0.681959466777011,21.7871776310652,50.2799691456917,3.46756940174828,2.59024684517817,0.244471787178903,0.251070851558096,0.363526279776657,0.0806427390083841,22.213277070944,2.1407655776701,1.30436110318492,1.73098793793849,0.127846848981311,0.770956557561703,0.0184263660510415,0.0978853803693331,0.630106939362444,0.164736843462747,0.311315855425962,0.47743847891089,0.458178167766445,0.837365929794027,0.343810049482072,0.291228268940701,13.164201373476,4.73173636849616,15.0601576175648,0.766817696312961,1.17819758644827,0.00115119232822764,0.0190667301182032,0.0849934628539543,18.4304484651211,50.2219790862562,6.28397608682258,1.42051131339425,0.0591081137989985,0.488405946786537,0.373079477442593,0.0389034620803135,0.819803953927934,0.542096051177663,0.221596590645322,0.458385549069217,0.206603998758077,0.367581806697387,0.0756748636042561,0.0549441408598455,0.789334266922055,0.727606435891257,1.63364789002516,0.0831229346648182,0.920508235078971,0.136062532649878,0.141027774631095,0.074036138794424,15.4389568986165,17.6989023093087,0.849774398973921,1.1061603420006,0.298280651862448,0.0717538072885929,0.0383623423292033,0.13023036147424
6.62385756853957,15.2815319752819,1.40515879238426,4.38961493132762,1.66590824778927,0.244059310810905,0.324295910019788,0.161380058213817,0.130958872643222,0.558710719195613,0.00207126338350099,0.440522262770434,0.16352820648507,0.20329577230426,0.715972738890566,0.71112953065004,10.701000673173,24.9359269987663,1.46898780235235,1.96190728275827,0.0910097396435692,0.704717825376757,0.643642763030876,0.020901057350377,23.6629607609381,2.80678274583046,5.94592682501889,1.57500500148512,0.0556889178826562,0.565903540555106,0.0122471887747777,0.0427324840537439,0.70059753760874,0.259969253575232,0.290301598716452,0.404929781744309,0.613345385417647,0.669917768152408,0.375507790431959,0.274178330908957,16.2977119675412,13.2935993375771,13.6699504607705,1.34529825609373,0.146973989296116,0.00106317336863627,0.00697197844279264,0.0549945574692933,22.4638321825553,26.4067060522315,14.2070799082048,0.761772150547682,0.128647180307197,0.381410685821138,0.288826483434112,0.00684346125821197,0.797557174007474,0.445534025110914,0.0364702035531245,0.546277252427658,0.387399646194106,0.413059298088312,0.0271702947336117,0.0579161343802478,0.398032702374285,1.44673978748387,2.11082270830187,0.0901203592498807,0.609499585154655,0.232899278657696,0.109669595083047,0.137139870600103,10.4605822052083,28.7865830573722,3.00403672814658,1.56384208509943,0.248102305694736,0.152804055361423,0.0665933094931145,0.0865724950655329
17.683459908298,2.24760368755492,2.00327506464925,5.05063722407071,2.4358298190907,0.162794837479692,0.0218908891160082,0.12863591420265,0.139106461622309,0.23346698103112,0.00555583289922138,0.292791886110411,0.371876129044376,0.444825541768187,0.715131639170094,0.71435410290351,11.5172352995062,36.1224171473422,1.51201648173506,0.963031569680645,0.109898293318894,0.520375664525978,0.671903868722972,0.0557291904431634,29.5860785639293,2.17426706863994,7.17226354333823,2.90409590811786,0.189921927415031,0.283757627215399,0.0161633211728348,0.0935867797413374,0.563085905902153,0.0917751923685284,0.32446845817956,0.663779805147421,0.441941979144023,0.554978614986038,0.236593057105504,0.290540036065321,13.0133041316134,7.33611613692393,16.4754848882169,1.34865486514304,0.934472271415659,0.00149171798231089,0.0100238246034868,0.0819192033054464,12.0858426714391,32.6150221724358,5.98206874061646,1.73953597527874,0.00273183787395741,0.421553534148172,0.398033087549186,0.0159162637601888,0.504189080341648,0.37588092718111,0.298334467302325,0.320857098155224,0.155438237537982,0.206645936511043,0.103626894241278,0.0254368707897678,0.907669734281899,2.36656985927573,1.81016355708198,0.073183713102827,0.907957348629643,0.126743715719802,0.152194566730527,0.170560251545424,24.0390403654356,26.129934028253,4.89196529867239,2.24943959261175,0.375360542004595,0.200602471688757,0.0141689113548676,0.146168475834033
23.1286710185549,21.6254348019277,3.77872791443616,2.65586911305145,1.35497241874343,0.104737370193073,0.335008062008271,0.0763270730530585,0.0996288398762871,0.627491110968369,0.00268222958094736,0.442241699025162,0.356945929389827,0.251181954451406,0.668367519184147,0.45242097357098,29.6158221323632,40.2622009893443,5.1365462087806,2.85214417205987,0.380018294518436,0.215222031843926,0.25243699995528,0.127077634741686,49.9140056472788,3.36401876565295,6.20883744946621,0.42156259414524,0.0871465362461068,0.577153246132619,0.0159698377733535,0.056704373262527,0.631585248053401,0.129222681289074,0.178365928148932,0.649087092800965,0.511228210519675,0.92262169686176,0.35422477495545,0.495947726435306,16.3767433451841,10.0732298180434,8.34729803347318,1.19106126492992,1.17970527018713,5.43437247622464e-05,0.0229221522792652,0.103473338024006,2.61995238738338,18.5033878615159,10.113518408326,0.251148451086909,0.068956244032375,0.56084350132313,0.172034715924568,0.0206665983179997,0.753746373434527,0.272450122244841,0.387156819738863,0.334293409662604,0.11232329713301,0.252620478895922,0.0815383600281295,0.0750361079971461,0.572915155454222,1.5963393120935,2.50731116399121,0.200382602682004,0.593839867362948,0.112571232127632,0.160096121572804,0.226414493768834,23.9565152860453,24.8945438734774,3.60742985824845,2.73540556022473,0.268582997605808,0.193509112879047,0.0275151816137574,0.126836222562221
15.3441407381623,25.4817969820199,2.82385600850286,3.61860908881203,1.47694254196428,0.427406443291608,0.375734519477084,0.0358587493642364,0.16287485770422,0.969700210780287,0.00413283557277081,0.288890716393685,0.221126099765266,0.399814792996141,0.615875988826966,0.751230051463025,17.3561339939525,31.1106147145534,2.91971223089004,3.6453639778365,0.182694178847834,0.596011460769845,0.624624853832968,0.0768857421535849,11.1613858736091,2.84130603329979,8.92799766997525,1.90691213615559,0.10654118155079,0.456974335443032,0.00992780604341522,0.0899223256959169,0.585380648452792,0.141064960112721,0.288873205696905,0.872773420983244,0.367782149507897,0.526384746552767,0.289369044448693,0.249492641567898,17.7655665773444,6.71259036513785,10.8746007195437,1.27750167611326,0.74089399248154,0.00201872309020304,0.0152658952479443,0.121224426561975,11.9236940551761,25.028200936773,0.544698461943455,2.08728311145882,0.0380553665587536,0.569041168206086,0.344917861880088,0.0257564641661806,0.209395441107919,0.483961632974041,0.49303064002902,0.232737583080022,0.390312009592401,0.326515272132262,0.125027650895402,0.0677743732798758,0.735029592736104,0.919792933408656,1.42642071641274,0.0457306273693999,0.850880939116962,0.201390643237685,0.062268640890013,0.0478277914129451,18.2672842283576,36.6761305454467,4.80905162478219,2.23409152544794,0.318562515490008,0.117366717733051,0.0666305314226282,0.122340793673021
12.2356837737472,13.9577929240535,2.12433108265903,4.84911018854416,1.31505758019114,0.438573168678409,0.218779191894904,0.0683676772594214,0.254181498199918,0.415358171973117,0.00634648336440547,0.581530729832395,0.260539266318229,0.298376529976943,0.487551300385242,0.696821915341806,19.6464240517878,45.7916658586714,5.27695051453175,0.803552636544572,0.488275833533023,0.271097485722863,0.532926507008825,0.074901249208935,20.7789526729633,4.49034239447864,6.44091209588754,2.07480684151738,0.141641652824699,0.914976019393617,0.00787867672478352,0.0858299825614886,0.388946796211357,0.128616662367181,0.321710314253486,0.383685903041705,0.39290767468806,0.744764114158177,0.539353400593478,0.224853618341881,7.44640945449759,3.63180353643335,12.4455829871319,1.47312776534079,0.425477657435447,0.000748380789693618,0.00663701959945796,0.135102383813642,23.5311176515154,41.7875713741245,7.70892905373546,1.73750287183648,0.0389231798801547,0.342015180335437,0.308592241744927,0.0325483412658563,0.646438320052296,0.256132027308285,0.406872888267597,0.509560789601604,0.190380411804542,0.331554994884758,0.0956925708266801,0.058045555339329,0.481939899948052,1.40822792313209,1.55202819295009,0.0972254596574245,1.1354988208328,0.119366367305851,0.195101314025449,0.128845709158673,19.04620191616,13.7262319052443,3.95285329396748,2.13745848758647,0.110275833369445,0.0828154672484951,0.0268202596868375,0.0920695187489349
8.82659875076702,26.2442951604407,1.82994042078533,4.76972427932722,1.51184840169133,0.219408687709855,0.374913804838707,0.11116143122973,0.14489133045236,0.195429444443188,0.00524837871615585,0.119082525967296,0.449500237770788,0.322106027529346,0.769373754762636,0.75557480817625,18.8734598587926,34.4256056151855,5.69940973772417,1.80729420944207,0.349657932832252,0.14058461294903,0.504419869570539,0.0437937530979855,11.4223820411913,3.03628189643329,9.96651071413325,0.787536731556546,0.0976281228748376,0.466389633151428,0.0135895344038477,0.0660580469880118,0.770750808765628,0.106107937171958,0.235983744756376,0.763797719432233,0.196244261571241,0.564929987664232,0.166376465110658,0.259944592672883,10.5346397184313,6.10344038204565,10.7049489020256,1.51740425778777,0.514211589153857,0.00139106216134952,0.0116416309952038,0.0573960442836885,8.68759779996965,33.0210179978579,6.39216314471467,1.92709646111476,0.0964485710632494,0.27589122648993,0.269125187772815,0.000947983013977771,1.26502597585559,0.276852362278217,0.514491875338996,0.50074398643503,0.2212544242616,0.300668482498741,0.111105544669509,0.0628057967665412,0.408375564245253,1.73477341400435,1.889762755314,0.13166403115404,0.917490559798251,0.275874609835064,0.136365773642081,0.0702602448800397,17.793908366423,17.2562766690981,2.43318838195112,2.21535013674037,0.45533843763635,0.0785114342776363,0.0308926775183613,0.0574612200414467
19.130839226015,21.270980722046,1.90831904155825,4.11772917147707,1.2509706267284,0.480540869476433,0.340527535351284,0.174977473497398,0.197919626090941,0.768858278946551,0.00122593411391804,0.334143629570874,0.0688360183966865,0.513341416955001,0.77198973132792,0.676728948307242,20.2182935538658,43.0891605886985,5.35078844576673,1.83908872260356,0.46835384532365,0.445234765933296,0.152214402750282,0.072772358318117,40.4989982198305,4.31975509097353,2.04342844580477,0.685675624391409,0.251584580739152,0.645569644448502,0.0172069463403672,0.0909544041810597,0.296822753264309,0.0525130355179495,0.22385844300254,0.51110455382186,0.792572527521844,0.452055248446068,0.208392036718074,0.296223578627314,13.4666456528347,10.1204246207948,11.1364790075758,1.46477283317421,0.798552169116513,0.00124526211507699,0.0193468773654688,0.104337936195559,13.1886990662792,26.4224662223772,9.83565528450782,1.2378966779032,0.0887313554817013,0.287093765581176,0.260819483113558,0.0251357241890564,0.571430074363632,0.328938178075289,0.626414498815691,0.44343385137124,0.152693478545697,0.105844970508446,0.0725875241580324,0.0434950333573402,0.569150157061915,1.01782177732783,1.21757919531146,0.17875353914096,0.599571129205329,0.248942544520134,0.138488022220961,0.23047939188373,19.9205040036029,24.9428356322091,4.60685291406606,2.19926011139838,0.237334238728593,0.161837298778312,0.0385206107162149,0.116065404827765
15.5964137210823,9.23908041886471,2.22714347468022,3.76260760178297,1.85255668682667,0.331267665720218,0.300592866384407,0.11438003252604,0.345439639057127,0.27012200505786,0.00466996565817326,0.295787393087317,0.400841773135301,0.31279553772626,0.494029489866998,0.858035444901412,19.6806649883125,48.1758939713754,1.85696320944404,1.44500591894569,0.178876733284042,0.280942799062222,0.452996115022253,0.0288335103705847,30.2572451227412,1.2001675821414,2.96485218318724,0.762330781058173,0.221920386353322,0.165600460245472,0.00728459896077295,0.0612735280062475,0.592892441845379,0.152714019886997,0.164392263133715,0.717054200235527,0.377750902915683,0.612500804089888,0.519409896912437,0.18780218783747,17.5367165063151,4.93320468654364,14.1618797744581,1.79770498129304,1.05023044294925,0.00139274140385458,0.021747806153061,0.130177454535691,11.142751479928,34.858180902479,13.5688608541712,1.09198974740024,0.0320002332074701,0.550204455925031,0.296559934120442,0.035278937215671,0.680919837966082,0.501118865515959,0.192083513541695,0.252667466499018,0.237382467853919,0.329195272864619,0.0812799052862061,0.0541560728968401,0.336848079468317,1.20230584066407,2.24640317261397,0.0973987629987202,0.670097529779404,0.160739418328057,0.0837340377004844,0.0315739218521045,19.9465780868165,12.4153828256038,5.51292596107658,1.65780303366488,0.21279564369955,0.153031683465092,0.0403985214018432,0.154625109755714
18.8240558093867,14.5714629599937,2.01489408941745,2.267315522195,1.40625458483926,0.351029203778679,0.475794475307583,0.122055308158001,0.40443697108647,0.411106763520309,0.00332940166546014,0.289208061327297,0.334047952303453,0.383297788062103,0.574490253626213,0.67924435861304,23.8013485121188,21.7213693431293,5.14046647992179,1.97395006894003,0.00660620497663111,0.425415386102399,0.383156419261017,0.0366180529310363,27.3829188763585,1.860635693688,2.4830499553792,1.65636860893713,0.0852248291356102,0.46593950295895,0.0122450972499982,0.0779222930848849,0.418008280990551,0.0411445248328155,0.302136443039963,0.584858321827615,0.285287405870513,0.586112205890112,0.47459207891267,0.238674943273963,12.3361422416325,8.35529930295602,12.8809376986571,1.10359291173107,1.30306779619537,0.000947001992336799,0.0191548709575564,0.131344689058037,14.1477556973238,33.6271836115833,11.4562630200299,2.09829750439382,0.0434049609406842,0.61030947386699,0.0645108376106469,0.0142667358265586,0.551028777384463,0.222790432629569,0.252810296994993,0.588937543729306,0.225098738335868,0.3692419826799,0.0848735116018162,0.0515210181690324,0.881698654610661,1.61108371591313,1.97555995047691,0.0473308316224287,0.72557230672872,0.209014431922069,0.206330074543466,0.129972733558151,4.69380601463709,30.3657295781718,2.91800364578376,2.20112860329875,0.211765135167359,0.0726028003270998,0.0244540769871381,0.143014791537329
8.02189137740292,13.3200111529318,1.86187736867367,3.53375403919454,0.413771933588543,0.179748897504995,0.290116649025647,0.0717828012586272,0.318422359827929,0.729928005393641,0.00486226721424578,0.0814516215804791,0.422410886895239,0.191480304935863,0.591119105721174,0.576469509747315,19.2186500807441,28.257059113585,4.9675143537903,2.40048643261136,0.252637488814415,0.216666653484052,0.666676491803384,0.0354759487192416,29.6828988384431,2.03817226892493,6.89060461595754,2.33242563942401,0.115202302787994,0.595116636069201,0.0159914367081946,0.050117602030599,0.77040769195972,0.126020457512262,0.00363557910722004,0.715195720074847,0.20004828774811,0.892882664932553,0.38477537228269,0.453303633740467,23.5259870151818,6.73987705267912,10.0848063256144,1.52683607784808,0.770560755036879,0.00108223386491768,0.0201713631619816,0.132798268918257,14.9522827765062,42.89718039631,12.267927895427,0.596001962492769,0.0264305771999157,0.474737758590813,0.332844065644217,0.000546927378995119,0.611501043082793,0.495739849387992,0.624509303460944,0.637094626873102,0.286715412989997,0.242257865472768,0.129088470357567,0.051162342085828,0.247496887160294,1.5829452454193,2.44396172332446,0.0773698234892007,1.01240340336594,0.189570117021419,0.0865126533658361,0.096002410576815,24.3335145611836,19.8295366436905,3.89317395071722,1.10649453976836,0.126616109104625,0.185243416142548,0.0410375494287337,0.0369655091827337
12.8734124270943,18.9923150196897,0.46472035196693,2.9476094069845,0.754969004905545,0.265814063944923,0.0870019733367936,0.148223846207472,0.299336735236332,0.659808326021198,0.00420149724222334,0.269493085665833,0.38082704665351,0.198813410115953,0.726037385703148,0.657082424327661,18.3338592150623,50.1461123852427,5.17583446620028,3.41531011660862,0.179075447760295,0.213915406679911,0.630747042158001,0.0826568620978574,57.5047400876251,3.43030347586979,6.20344689015474,1.49943880850836,0.103814785421046,0.434611093768971,0.0180085843569115,0.0731508504326206,0.765457360965617,0.0840017653123772,0.260262565753567,0.601986981239678,0.387497361912212,0.682298629961948,0.420498350371397,0.322377094906189,20.4420242913347,5.34503570368022,10.8834294496575,1.42715458965683,1.83529875268856,0.00153869784078163,0.00432622695664536,0.107580695655096,19.2030465473985,11.9864412947022,10.1591770032072,1.50262784349716,0.0351883623395421,0.494340559430752,0.500041592830069,0.0451942280787579,0.696180083575114,0.303896495645013,0.437740034579949,0.32222223951178,0.255441263051957,0.356132845589618,0.0511073070388645,0.017850339539445,0.622317460226314,1.58169054785882,0.879348361704869,0.166299405211223,0.686925629894249,0.241098820320718,0.168140998143919,0.0617352129774318,18.5977909693453,26.4282621411717,4.26820502897989,2.19357893071478,0.0182304796274766,0.105748241429731,0.0488214557666036,0.0995539386405428
18.1474656156639,25.4740428301641,1.55956962402423,5.02710942462477,1.04127610086167,0.255450821518349,0.312010109127059,0.0856972081987992,0.306901602108459,0.648551392069313,0.00240427564136123,0.316463883804411,0.242451990947122,0.119744802078219,0.349228797949541,0.733974617163201,13.584619373127,33.816252328844,5.57516845328094,2.41971390818725,0.320073609752184,0.154656194563762,0.261860211271993,0.0576293889984987,22.3121313529973,2.12431933176758,1.7586960648982,2.33606280956281,0.132007230567522,0.339062546900321,0.0120241977612362,0.0234406738611834,0.428046113513181,0.140579822349385,0.113852897003716,0.625746354407936,0.565221034906895,0.893799068876479,0.596065857545624,0.226784478063023,4.3693606443855,5.85706196303216,12.0955969648793,0.364708809552417,0.315195970038443,0.000973077426611817,0.0113724461247444,0.0789429925869073,18.8788834467117,22.9275794470335,8.1434118873198,0.953784326989042,0.0867179325845627,0.54054564372383,0.313899874364516,0.0120388613116698,0.812711417150134,0.247454228432144,0.584968071029878,0.457112099676958,0.357027371331261,0.558225214125374,0.103165212976219,0.0638579896518633,0.359520525426321,2.2164316829491,1.86729506248591,0.179376811706901,0.809926933279486,0.061052049122662,0.177005638766281,0.156339459153369,29.3581738843963,27.8417775074836,4.16671477950783,2.31782863686813,0.591550147670882,0.18250578750462,0.0716830550752073,0.112503511427333
12.7658061620217,19.4115269933112,0.990213015829943,7.07192136354494,1.73804162015617,0.293236263555734,0.125438772040956,0.070181562796573,0.218425857279765,0.53859942378844,0.0035510873366856,0.680906583925986,0.242477981565707,0.544994252081799,0.561936961423486,0.734250826175291,23.6651296615895,42.4915585259634,3.60191284595493,3.46915161569001,0.297265484501996,0.419842110278316,0.726527185277718,0.0837521636772282,46.9549107613427,4.26361202293556,2.58605486812389,1.4851352746517,0.184069522045927,0.763212851173987,0.0158478892862965,0.118920278505069,0.573958897337492,0.100038883051987,0.301017781431742,0.366456774645689,0.278814886642172,0.444237253223316,0.500701810824211,0.249995015527626,14.7234603099696,9.8720802385261,8.33247740434742,1.07313982624735,1.10005306864845,0.00124666950478245,0.0227692562699981,0.02052894146596,12.8824403726089,30.302225104397,5.44479158636595,2.32944290463738,0.0752105185569158,0.225744598171782,0.206679242454985,0.00829802230974645,0.296637601884592,0.232290090125162,0.612768417319102,0.276220433200244,0.170947722622811,0.123368945889673,0.100335593303305,0.0538029267267513,0.76492339115147,1.69173240654599,1.53555893416237,0.120064472302093,1.4032929913527,0.177132565133639,0.108379407856047,0.0654065960283831,18.1014625226604,17.5495998539587,4.94632536256293,2.02797304183665,0.264614086611665,0.192341728468247,0.0496015628417849,0.14192015751791
22.794849946965,26.0644621865814,0.165634232251925,1.26544634065944,1.40991460232956,0.521824535256457,0.481096441504675,0.0539293243777861,0.219482755198763,0.812594810667271,0.00468532439620903,0.549876751247719,0.153977695581848,0.235198812770034,0.757131440554917,0.627880747775157,22.1177398241966,31.7770366846956,8.06419051342658,1.15580594631347,0.379816509151985,0.354703963501623,0.204584525314641,0.000212593293731182,30.8487555628745,3.05557952777222,8.06767793439768,2.05735099862294,0.111338901593767,0.589842023402833,0.00816853137347827,0.0637533870475056,0.400255211948942,0.104364486089296,0.501560265859405,0.516397772187172,0.331020707013119,0.652917524203566,0.429575842652896,0.350941058490542,23.9631501855611,8.65531752588644,7.5466708787171,1.71910727877679,0.678745650601765,0.000896517547555916,0.0137475092451195,0.132480017018825,12.1711665520894,47.5105107010372,10.2330151635922,2.66082016549677,0.0706327052452074,0.610769077147984,0.430491074306017,0.0266754152395057,0.387959887859765,0.238755872935946,0.585476490166464,0.46820793190038,0.359570437949893,0.256301213915498,0.063466789600593,0.0476889698232795,0.308898832625786,1.315624395825,1.13294260960751,0.0965489696915147,0.924758275217234,0.181696968266871,0.110427600233035,0.235699803092128,6.02286946924223,34.4139538488841,6.38063450500706,1.20449284401163,0.426344649859244,0.0818889021948999,0.0562636164097857,0.116642414327244
29.884838868337,23.7963620506903,3.51734552929999,1.42201335905683,1.82275544064662,0.212007007038888,0.250610058956504,0.0963457207253281,0.372540467123902,0.574920128048498,0.00435572914609927,0.366726159913716,0.40797134902018,0.122195350453934,0.817749376057612,0.647157281740579,21.0808516240818,58.356760651001,5.18515358061216,1.42600750035779,0.60539626039033,0.388967331415486,0.755391838116179,0.0726625044427682,36.4914775151273,1.90621206553889,0.843165818198651,1.48010818717306,0.178787432848699,0.286921197866495,0.015602485925868,0.0684276608015151,0.778109417351142,0.0814439501163273,0.124978286527108,0.540580022360354,0.34870441061035,0.612994708903184,0.259677270169042,0.337796476989167,18.1627423688078,8.32593222121087,12.0621557683721,1.24569250564247,1.24562161659128,0.00192406052039295,0.0095592730768045,0.118525616539142,18.36117396291,40.9610651821282,10.5539721100444,0.104548107545162,0.0638677306341724,0.389127433118478,0.312080248166713,0.011195427675495,0.22989951315111,0.514487461160242,0.520700863242448,0.407499868463957,0.22813074517457,0.62462855396251,0.114295262680442,0.0601481667279952,0.476517112827364,1.56271492314134,0.886854030924911,0.129900961241572,0.802671047170833,0.243033757259659,0.0792975224872975,0.111323207956146,10.3046774142012,21.3900975761756,2.79927609199132,2.61569984848718,0.162671274305069,0.123266593490351,0.0418975283789476,0.129734605081263
11.4126426042006,12.2200548759656,1.25282987227304,5.23477423603194,2.01052539475525,0.203203489600978,0.0266670705920329,0.120743537566931,0.260785988324446,0.675128412720781,0.00327773903829604,0.149640953761211,0.415516125079958,0.392802504457167,0.706893130404704,0.625680249285234,35.958202393937,50.322690269007,3.52838271959429,2.10486822332249,0.299599434591498,0.155935957851747,0.514908003622898,0.0803272058233783,40.6637202268822,4.65034146382638,6.3839491663675,1.1780749337464,0.0951755317096581,0.880390453045256,0.0126436022664741,0.0431624696210638,0.310073226273635,0.1374863471727,0.202711237123545,0.493996085735772,0.714297930871488,0.605301606707719,0.333033883601236,0.285329444196814,14.3635673515283,5.20279282870117,9.92690434748539,0.0239281010217919,0.539345661488696,0.00189357703565075,0.00891833363464835,0.0839966292273288,5.21054095727696,30.5874201988123,11.8211086787844,2.15811120316054,0.0475211554485124,0.569241752281382,0.561575238286729,0.0149148793262908,0.936659783029069,0.0220678079279914,0.265100672454702,0.506212154954848,0.241336413321207,0.493780428441499,0.0447451147289714,0.0346015469212404,0.265621670492199,1.98267492888736,1.54695514669962,0.10401194431561,0.190737555900876,0.0641704288112081,0.14794816181226,0.119628595638881,11.2360883200683,4.85857859550999,2.72853969694607,2.86542599845853,0.309472031764966,0.12729681472885,0.024745176670989,0.125292189926139
14.3722973437733,9.38156867611437,2.11711994876193,5.54403856060031,0.958708500123912,0.299962828152692,0.150924639829172,0.0492893257838829,0.3082362699946,0.239513149229073,0.00403498508723652,0.568188110058695,0.210511041720936,0.1982666122188,0.722718605908168,0.683032903815687,21.8108751650066,51.1691350621415,2.5495734257752,2.43809125082549,0.299783719971373,0.0684626742925085,0.530716410546452,0.0708835070482774,16.5607061884896,1.68856554258786,3.1365477800517,0.629008562787268,0.0072853927943074,0.532032749388403,0.0189046352495425,0.0919375754957078,0.400709471565238,0.0483909755304165,0.30904427694737,0.329958505014981,0.55367913415165,0.830625532276238,0.25315350126192,0.350604796762512,22.1528708660705,4.81904839623376,9.37220288975494,1.44516786326593,1.33035100032826,0.00176452923970931,0.0116084978897076,0.104672649149172,17.2985536399552,42.3070400283276,9.21411219968114,1.12397619273421,0.0728293490753236,0.544031723593367,0.392434007951318,0.0114976178857368,0.95216693488043,0.555920662795987,0.416638774029926,0.404876394380102,0.103092840569687,0.360569145960601,0.0104681501147635,0.0455630440688173,0.532934099510597,1.67452152503081,1.06792943195777,0.0716403476867558,0.948140966069121,0.231327196970325,0.0891582898740686,0.102398341052732,19.7812640718489,17.9506874077318,3.61398296560565,1.25668734994547,0.352322423585052,0.0559878725083645,0.0504833446284868,0.128162118374732
18.2751769259865,18.7402030539022,4.23475011351245,2.68859716134466,1.07797192319361,0.0877658776341902,0.110032740129475,0.0465665241509213,0.173489677441153,0.331819075827082,0.00189021242277896,0.652662591901044,0.338277542111426,0.523990015057223,0.8292461151714,0.641881798309656,15.6824870103936,43.3312469864087,3.66990049675485,4.05427390478143,0.278230638799877,0.325449457480298,0.450500276434459,0.115517918227241,18.1407978067642,0.162162862961257,1.97370120319132,1.33958220169487,0.251903125700221,0.330375849155511,0.00908193620931352,0.0840856898508456,0.33649551360226,0.130508791009551,0.269742157929671,0.477911194544317,0.40959078819937,0.402851128724176,0.067193084215528,0.387648614134287,15.4264374808199,7.93589497688099,12.8754304149608,0.550778933513924,1.10978376672202,0.00103918931021486,0.0216192295529367,0.138320241384575,15.4349785503712,37.0068746608766,6.41020971710745,1.8266875859749,0.0886650205812115,0.143619801539097,0.176554672544406,0.0215952110467216,0.461821257963076,0.521499745837011,0.430635912990882,0.229313395745608,0.116864031419052,0.18959131350393,0.146292285467237,0.0375982547387777,0.0773341724439915,0.89035837879346,1.06158043230615,0.118796870514234,0.955679070155501,0.246788407182987,0.110190058523662,0.122850104090341,9.70968966161714,8.68830206127014,4.69812928890326,2.49221258409598,0.313206362383495,0.105617824645765,0.0462865350283574,0.0908368174260299
14.9948848120839,21.5734007975905,4.61393745273528,1.51388442990903,2.43056721850361,0.467832130865483,0.168920909289386,0.119249642078908,0.174050125023129,0.400801592322603,0.00135310095358489,0.540932136126556,0.242264368280741,0.244658895231648,0.823181021833292,0.833853742743912,33.852902986254,26.2912232422783,8.36621421926114,2.67129084489911,0.384418631556315,0.295865038110906,0.30478487066073,0.101372182278127,21.8634358014692,1.99641354149891,7.08939375458761,1.7624342884759,0.152506436482662,0.560774450927185,0.0179585990665425,0.0782560061913913,0.523248478830992,0.103124306014339,0.101333250765532,0.401899376631173,0.371555442396661,0.638398182193474,0.214565259911781,0.0654610347438296,13.9783569037465,9.74023749351114,8.82505433257825,1.3427496360855,1.0267422811574,0.00184493988528252,0.018861821518091,0.189370049100633,23.551696258379,36.7989698928404,7.49063786415476,2.64110549879533,0.101628119511314,0.383320820142763,0.393451638009783,0.00933278103715362,0.737333972438597,0.218376580574015,0.0937404737207907,0.542790231181259,0.191302243167947,0.259411920576637,0.0488229637045377,0.051366041808117,0.421996198953895,1.94524959852372,1.55177620174798,0.0274274423385134,1.07638001638364,0.225763802958791,0.110762497265503,0.159639675336761,10.0713352668105,20.3084114154934,0.817815127642319,2.94622816599503,0.0243423177425771,0.124783727203264,0.0512563292436679,0.0980298525447338
19.6981164701678,20.0567220545429,3.4779268335299,3.72885441772867,1.09413894339223,0.306410496211862,0.260652476438924,0.0978802053005537,0.330961626869999,0.222104777648071,0.00332995456327872,0.447666945363343,0.286426115555638,0.577701532742426,0.666504166222832,0.51653207374631,20.6353797021765,34.9345675437843,3.81162357124403,2.01591519456621,0.262770032060148,0.365883003073991,0.297210606244725,0.0185516166217455,43.0352558311588,2.40340031290525,7.73159304807304,1.78788229111869,0.209409351961946,0.263309782905769,0.0123744510122473,0.0481225328121499,0.492928140331822,0.158267143521448,0.314466699877682,0.546652413447643,0.522190972124645,0.33040268605655,0.426719112827374,0.381310296461398,10.1715422797527,9.75476597299794,13.985524867476,0.934259713833229,0.786016517426805,0.00140800429441703,0.0243703254584385,0.132937502813246,10.7696642276145,21.5039969127216,6.3108263864413,1.33785431349639,0.0474929302803191,0.643053130332141,0.27491666340463,0.0272808227597328,0.787023604467863,0.276215282098062,0.403817687260256,0.294254605309537,0.258327881860962,0.32652686108754,0.122570118594644,0.072117186721545,0.617071347223415,1.75050640536669,1.51691682433675,0.13038868771488,1.04570959744318,0.166524686876082,0.073900240241176,0.147362421979294,20.2684223403163,27.5607341294197,3.47104094537925,2.29467635218852,0.305693239704776,0.154611470298038,0.0248707787027671,0.0830553700687649
18.3528132336635,22.4976067419929,2.96386888617197,4.95642392850247,0.825296518398039,0.192419494762425,0.287098339941906,0.109143863771986,0.12491327990298,0.440439809283874,0.00713539042516406,0.357440563858412,0.374173416603016,0.197737962568741,0.505314638716366,0.72792043188762,20.900210223896,37.2843217463962,4.67414450346025,2.38792757384065,0.289724827247603,0.575456826444911,0.592229508613941,0.0984976464552165,38.4824732481167,2.42494381491046,7.11320164729931,1.78511053964939,0.211029296170623,0.442742936502296,0.0100493635838755,0.056984235462324,0.442164136361765,0.20520563164491,0.315971588516475,0.517798878627776,0.109558283140079,0.973969624311042,0.480312709830704,0.237213779219285,10.7660895101001,11.7852513579017,9.04741715890119,1.26038150696356,0.547491862654503,0.00154324084754538,0.00856007207356875,0.0561656987954317,12.9359795845474,22.3548137837898,7.8749338854416,2.02554518763569,0.0786219017636664,0.312248166900671,0.335144723017213,0.00175662752371782,0.624156028859933,0.230601159832879,0.38559312419659,0.540078942056189,0.228272347153785,0.227382997408901,0.0984208536135616,0.0384336118808626,0.570770376940474,1.01419517553969,0.946352150210875,0.0704787355505123,1.05705271876436,0.15830507612567,0.152786475881886,0.12069275957079,14.0792643782455,22.3878621557608,5.01250469434116,2.66982863878026,0.259772899329374,0.165736786490531,0.0281818390224342,0.0512252740011788
16.0069681188689,12.3026957134623,1.78875655718725,5.30262889398961,0.931532404118609,0.20009143500146,0.274160439660039,0.0916301152802774,0.257204810025977,0.335113351581374,0.00174054312753695,0.636910249708466,0.200831827374201,0.373601697906567,0.79771740347603,0.61045099468601,22.6279789791669,23.0188682685706,4.99072495745943,2.24508463305609,0.333884151505674,0.293136946628438,0.839617141822147,0.0928202953593171,23.1659171131517,3.94346635832009,8.91845998351743,1.9772566084694,0.247693505318518,0.138630083662434,0.0175542953707283,0.0128573842157449,0.536258334470711,0.0921620231896609,0.0232556625043113,0.33316241100158,0.500212040285118,0.678877336528715,0.1461488778087,0.442615566782692,14.4807884787845,5.40380384122904,9.92062849538587,1.39023365879723,1.5847881612668,0.000838555817155628,0.0422665007694868,0.0641256181996338,6.33608672164752,23.2356136885366,8.96303405658868,1.5896927052946,0.0462793224442075,0.463999535425621,0.284566815998273,0.0234343345441145,0.821611680098877,0.516890883336025,0.759694236538176,0.318534037235509,0.223313217607747,0.219211544069884,0.125376938354421,0.0535000738829495,0.445004565957574,1.0408946352419,1.77694809495605,0.0601663136307631,0.730523845471338,0.241612304560153,0.0299555098391633,0.178517420243957,23.7943669917357,26.156344586067,5.24621215581741,2.18535053395718,0.198533805833309,0.1303934598556,0.0315145146182337,0.0927017835610427
11.9911105508397,18.154982731672,0.409178053303178,5.49821361661279,2.32809570614207,0.102637227758751,0.154762020187321,0.120456210971307,0.140575209244936,0.765142052070977,0.00838989224624904,0.449858459810704,0.327076775292723,0.356587588355489,0.560016685881695,0.809428261827306,44.4298618233044,35.6524257241504,3.6175827784459,2.96769055272658,0.0663717907155709,0.367930252790604,0.307812962655857,0.0476705164631957,29.9852600299577,3.07993682559139,6.78889291967431,1.65580086806095,0.132733214712892,0.577473078520654,0.0196038774443297,0.0572638554296667,0.518614036300046,0.0609920422785754,0.178781442706781,0.568012119232638,0.478569927911162,0.625155468828045,0.365126735696923,0.144400747006905,6.55803863545955,2.15659818826302,12.1181974748353,1.23111096217582,1.19073660878896,0.0015530769976336,0.0190661733336628,0.0803963988691395,8.13049170643982,37.1167558031013,9.37380585719828,2.280498518171,0.0827349701255793,0.269396520033332,0.331744016042076,0.0100732158560605,1.03381506826762,0.167003069480761,0.032196456933473,0.09735230606175,0.298924310296008,0.304088668399363,0.0729559716860524,0.033946314072928,0.576975257220702,1.11112189287637,2.32834868321761,0.0604542788839586,0.428764457405939,0.041794653636636,0.198961209149466,0.116834043481166,19.5623338731271,21.3752700838083,2.8784615175327,1.68461921144403,0.196772186046025,0.0678946321723473,0.034437832750639,0.103721851893059
9.85067571234918,27.3370263552234,2.83540035727463,3.31578361560933,0.692163900883129,0.307732876357239,0.203426972289693,0.0648529629500573,0.179522765783257,0.184400413310413,0.00566115403174874,0.595994269862596,0.1521804550792,0.328420019278124,0.635080888808917,0.470080964170224,28.4524045944712,40.2352874984658,7.03530095784453,1.70874561910841,0.0604001286462763,0.464537610488416,0.102255473812468,0.102128643070508,29.4893561588688,2.48347966900254,3.46361838621682,1.82198230922025,0.0920809293567692,0.523488125691216,0.0148638851864176,0.0729667622088979,0.435388836824816,0.120745139867371,0.276312788525139,0.629879147759267,0.666408730568612,0.701519376944506,0.508789322335062,0.423458714556437,15.5691331738118,5.88630549528821,10.3144406721324,1.44806646942994,0.7289056199944,0.00267802931961871,0.00948153852548724,0.0895435842223732,11.9330353149414,21.7464227143706,15.3276804247414,0.885243298370738,0.0518189896286136,0.213687903805417,0.111876228316984,0.0087826301391748,0.645785859338951,0.346259766894574,0.451084041210766,0.138356966272637,0.167612769995377,0.438846976258987,0.10473934105879,0.0340821059048332,0.401727751197813,1.95557099149711,1.72091611790863,0.0950026094789745,0.894597881037169,0.111450368073359,0.140911895356035,0.160893158165122,14.2142495316883,18.6008220721037,1.02361542596802,2.74719831347442,0.368758644993649,0.176710901265016,0.0302753646153576,0.0413547984344749
9.31511355176426,19.034342515332,2.29364432870598,3.78142276224628,0.763928056130666,0.183864662131866,0.369782899256236,0.100623304507419,0.225109575990249,0.445514307613816,0.00406269255767895,0.340998999151858,0.371620969540756,0.332508604060215,0.649870060990883,0.580123788133685,12.7344216603124,32.4004592164921,3.63680253207528,1.86749988598933,0.28400596971687,0.178805770867225,0.719250622867032,0.0789027140344016,26.7536952637003,1.20608114964929,5.28830760467391,1.28269189076445,0.0817444523287255,0.711718844457829,0.00915138857754603,0.0749138215105828,0.389400379805203,0.0959269359091358,0.308965126556456,0.610248772271178,0.626273451029779,0.470094927803859,0.447787486650033,0.402381281440491,17.1893494067915,11.7940481142867,11.6284567950326,1.52152953326814,1.22625897005285,0.00128254642593257,0.0151584219532485,0.0511638093685314,12.2096412557562,31.4354639395719,11.7259073734007,1.20438388473057,0.0532499381898181,0.550431053265131,0.39111401000467,0.0275663226601713,0.983573473823219,0.268684226356946,0.201552462837213,0.311656098343978,0.0807319933770432,0.311782219839789,0.0801689040019346,0.0528186651950476,0.429045254049119,1.18009476164607,1.53830287493718,0.186638702281503,0.678750264979908,0.272614448510013,0.120904827561229,0.130063157428457,12.5217960167231,27.4420856927475,5.16697503901562,2.99060323785211,0.432868903134085,0.181727128477929,0.0750011574889428,0.0680218443713425
7.04553156750256,14.3849679587971,2.0915668937542,4.11880920076852,2.14109479624645,0.532816587494231,0.411961602460238,0.169518416167908,0.382303668422958,0.508447736156998,0.00681228867011163,0.515244078306561,0.450493856215976,0.378903084574766,0.484168824863778,0.670176282191488,10.0930968841884,38.556262597562,2.8920859838309,1.67453722066501,0.293253358886286,0.418116468475339,0.355031185561526,0.0915080966077039,12.8219443180801,4.59746123097932,6.18374867657254,1.81310739780134,0.125764824994052,0.306523743223143,0.00866337398534674,0.0694534980141494,0.575052673741964,0.0778510974727045,0.195887297746662,0.490424900969687,0.344049922903037,0.495576051591116,0.515750239524209,0.389355739247572,21.4736889820433,12.219092374615,9.9011244940001,0.525793267620384,0.312909873161812,0.0011656915026077,0.0135150104202148,0.0906227594556934,14.1106160943008,25.5985131117222,11.2164062070624,1.22578775406279,0.108893558183602,0.222127580311343,0.396686022250736,0.0224866774483148,0.55463455541192,0.134690606379786,0.274448971528084,0.468482669973017,0.325560196468294,0.423888681255763,0.112750708008362,0.0415189416088239,0.161446549540382,1.02647954573496,1.89613792166321,0.0275411626413137,0.376102298433563,0.0785897008266006,0.0848736278479535,0.0959922723793934,21.4651471798927,24.5925838343075,5.55794975412887,1.29529060373506,0.220029595928352,0.077640645766779,0.0403436293400577,0.168623158594498
12.8734124270943,18.9923150196897,0.46472035196693,2.9476094069845,0.754969004905545,0.265814063944923,0.0870019733367936,0.148223846207472,0.299336735236332,0.659808326021198,0.00420149724222334,0.269493085665833,0.38082704665351,0.198813410115953,0.726037385703148,0.657082424327661,18.3338592150623,50.1461123852427,5.17583446620028,3.41531011660862,0.179075447760295,0.213915406679911,0.630747042158001,0.0826568620978574,57.5047400876251,3.43030347586979,6.20344689015474,1.49943880850836,0.103814785421046,0.434611093768971,0.0180085843569115,0.0731508504326206,0.765457360965617,0.0840017653123772,0.260262565753567,0.601986981239678,0.387497361912212,0.682298629961948,0.420498350371397,0.322377094906189,20.4420242913347,5.34503570368022,10.8834294496575,1.42715458965683,1.83529875268856,0.00153869784078163,0.00432622695664536,0.107580695655096,19.2030465473985,11.9864412947022,10.1591770032072,1.50262784349716,0.0351883623395421,0.494340559430752,0.500041592830069,0.0451942280787579,0.696180083575114,0.303896495645013,0.437740034579949,0.32222223951178,0.255441263051957,0.356132845589618,0.0511073070388645,0.017850339539445,0.622317460226314,1.58169054785882,0.879348361704869,0.166299405211223,0.686925629894249,0.241098820320718,0.168140998143919,0.0617352129774318,18.5977909693453,26.4282621411717,4.26820502897989,2.19357893071478,0.0182304796274766,0.105748241429731,0.0488214557666036,0.0995539386405428
20.4393447257275,17.0110086318654,1.69370269036006,3.67201759238856,1.20836592812211,0.363449366737212,0.211245400474728,0.108561447251152,0.278319756570401,0.393027055405181,0.00478889023083621,0.407216397562345,0.256133646809611,0.435139959942495,0.76442521407399,0.70121409587214,31.7015961706785,30.8998208828142,1.21960318295741,2.47797757784999,0.246766781946885,0.351429078460149,0.512012267469446,0.0561462341690998,40.8817128089761,0.796751197179761,8.39599105962741,0.888808261126681,0.146259200381364,0.448997925251388,0.0165513031567058,0.0432273711466918,0.502480199260168,0.123737168402827,0.168962488137319,0.515179567108609,0.375377436853495,0.292584433987303,0.174839385496951,0.247810545850052,7.42059223500351,8.97094732740299,13.6000525122693,2.10653954749175,1.17214148036352,0.00120009090410808,0.0182099028365582,0.114647382723394,7.24688256722954,41.0998315805475,11.8190076235258,1.94837351507373,0.0599122857307983,0.184909442391628,0.258234599758045,0.00772199219295737,0.912968663240378,0.168677183214711,0.602892131507471,0.290678317479105,0.276359163702785,0.444622227033329,0.0620485159797923,0.0372541596936325,0.330676760557573,2.629346247214,1.34779548859721,0.111153135457223,0.774935341086326,0.242538531867247,0.10055116145169,0.0943089035667916,13.1589816826851,12.1776108449777,3.05733105599456,2.52271315030077,0.351137626768242,0.130229814669323,0.0356264627744784,0.0935532282972368
22.794849946965,26.0644621865814,0.165634232251925,1.26544634065944,1.40991460232956,0.521824535256457,0.481096441504675,0.0539293243777861,0.219482755198763,0.812594810667271,0.00468532439620903,0.549876751247719,0.153977695581848,0.235198812770034,0.757131440554917,0.627880747775157,22.1177398241966,31.7770366846956,8.06419051342658,1.15580594631347,0.379816509151985,0.354703963501623,0.204584525314641,0.000212593293731182,30.8487555628745,3.05557952777222,8.06767793439768,2.05735099862294,0.111338901593767,0.589842023402833,0.00816853137347827,0.0637533870475056,0.400255211948942,0.104364486089296,0.501560265859405,0.516397772187172,0.331020707013119,0.652917524203566,0.429575842652896,0.350941058490542,23.9631501855611,8.65531752588644,7.5466708787171,1.71910727877679,0.678745650601765,0.000896517547555916,0.0137475092451195,0.132480017018825,12.1711665520894,47.5105107010372,10.2330151635922,2.66082016549677,0.0706327052452074,0.610769077147984,0.430491074306017,0.0266754152395057,0.387959887859765,0.238755872935946,0.585476490166464,0.46820793190038,0.359570437949893,0.256301213915498,0.063466789600593,0.0476889698232795,0.308898832625786,1.315624395825,1.13294260960751,0.0965489696915147,0.924758275217234,0.181696968266871,0.110427600233035,0.235699803092128,6.02286946924223,34.4139538488841,6.38063450500706,1.20449284401163,0.426344649859244,0.0818889021948999,0.0562636164097857,0.116642414327244
19.5133324855174,15.4734986641278,2.07172021013568,3.56459741056963,2.41347310252933,0.262840553250918,0.365385762178426,0.0497862934769076,0.268800674048876,0.355064993872146,0.00291518678716307,0.135717589135442,0.104345719243024,0.427017531566047,0.489532195753108,0.75724782069512,24.6732109732347,24.0072915814501,5.46010424202817,1.31212427309924,0.141286956177238,0.350620437159818,0.603628570992164,0.0780157849278418,42.2993147076325,3.21893344342903,3.51293936173759,3.14582451021331,0.102833437534396,0.439655002128627,0.0147298428555265,0.0884008649542515,0.314032607360872,0.107438076731227,0.387063643003657,0.823604748396167,0.19516543856434,0.566741929319915,0.498719962540276,0.239099809161505,11.697319943223,6.49772208108826,15.7455657914635,1.05619941107435,0.424139017140811,0.000995270545933405,0.0169824973854153,0.0510655694429035,8.3766706416578,38.1424565351417,8.81084456794814,2.16168141148236,0.0516079528467775,0.289141004682704,0.412905664551148,0.025867130639333,1.01214007750271,0.540892552550876,0.344427195452127,0.262732092507976,0.192308746262924,0.284450342977874,0.0861183433035313,0.0418752411299992,0.529355147218585,1.46263095980641,1.64905573436414,0.10809273437473,1.44369142216009,0.0609438928749512,0.109264515036309,0.048948418685167,21.4221623360603,13.3304721499592,3.60879372707779,2.3744478976984,0.234098980474226,0.134985084374269,0.0309166995721694,0.0860983226281464
18.2592407715482,21.7843333140658,4.12197163989835,4.23445567762015,1.26200437487293,0.222441051974934,0.331733668518499,0.0528448514818649,0.195987426577827,0.234806415558168,0.00394505173775685,0.186400280433623,0.344888169318764,0.118270796615455,0.653556385994317,0.797156236215714,17.0105205691465,43.048950006067,5.9176640850695,3.93838270629884,0.240352027072529,0.314505021123743,0.252392603422535,0.053761651356874,35.4678449638863,3.36000287221689,4.89645191013001,1.87392276705659,0.101584313424878,0.33406734980089,0.0153557883782358,0.0900002249118743,0.615928329800496,0.113383211977925,0.025619721809892,0.828514735719634,0.298143061466748,0.759150988305524,0.299736495049808,0.276739529679602,16.9281089286945,3.95519569044855,11.8747740033097,0.331232524532143,1.04041863204145,0.000743776135142637,0.0239816090292285,0.100585584062103,10.2365997398053,24.4953708596138,6.04638059199009,1.47425175167628,0.108775591564047,0.19781671570253,0.295061221084525,0.0333284827362502,0.496096840722851,0.419084617162944,0.260067848061021,0.425011815996057,0.331694097768236,0.456711882684756,0.140796047238758,0.056414513402525,0.217926276869201,0.894819480323042,2.00862287449278,0.0903584571439911,0.645525075687285,0.152921573969094,0.063972912664204,0.126558830655416,20.8243246461251,14.5048555886446,1.58492100932133,1.99399181434072,0.247336000393251,0.141875764490905,0.0157370805336205,0.0821858473596657
7.85609569285592,24.1023832863585,2.93835796664572,2.40941036196571,1.68885845262133,0.358796427669976,0.176717345095489,0.221124614634435,0.272054930841651,0.494060968799295,0.0040366539049513,0.477773747213985,0.343901553742331,0.233986361308625,0.748109209058573,0.6349635559557,28.1629378547906,41.2608504401368,5.52606904568178,2.19813061671688,0.377355253061698,0.470461532718527,0.319363748813338,0.0763656544480123,33.6213361436717,4.72091891365639,4.5425735865284,1.14253455303704,0.0874731879327863,0.434626722330676,0.0115367136435456,0.142630223457572,0.310403220601072,0.125211337986306,0.175332218081896,0.389106814948566,0.324260180846637,0.777052649845375,0.189494193454858,0.29421369254882,16.2348463616387,5.00167375999071,10.5699727151762,0.949293114924617,0.558009026983672,0.000195885409488561,0.0281015964957667,0.0749157300811892,21.6611318409522,17.088996176608,11.1506355895103,2.23848273856474,0.057252197583156,0.362698442657475,0.293872444694802,0.0123209895825152,0.96051275777664,0.418256156904956,0.604051259566138,0.540726531991785,0.194286875368904,0.174083501187711,0.117085281438143,0.0632549922255739,0.42407832003749,0.84874044019055,0.880272918560074,0.12030367000718,1.15230731012733,0.179780503403746,0.145767479419499,0.0614102475222421,4.52171841645679,23.2579997603665,2.185966217174,1.53841010649337,0.372208752750887,0.123026096838119,0.0341795789739106,0.183356006913787
17.5741190711944,3.82088171993196,0.957725229935868,3.20690253755858,2.00807956636365,0.389666959304105,0.0192193532913666,0.0988875599120516,0.232121167916445,0.296705297280813,0.00280807153611023,0.657156092644622,0.347823383720334,0.346930327259568,0.629943108090614,0.779886952824217,17.8752427634265,45.6482862542264,0.627274657258001,2.95827711601747,0.407878438051403,0.468416525850394,0.46298296333058,0.0507826169264844,38.0688269740813,1.42748042717713,5.82973854989503,2.4719773237525,0.134335342245482,0.458464406405398,0.00909889124596434,0.0819210093167678,0.364342923964,0.120476917243879,0.331777480262923,0.230914371385772,0.639395267623394,0.49636771682254,0.391877619278305,0.184298458646839,15.6594179284633,13.1660233282975,17.1120417727072,0.321643914698157,0.946852931958568,0.00127324987379289,0.00325405255700329,0.092824080264942,13.0492996714707,46.7552496685014,7.41692782692114,0.646936416684877,0.116721918212619,0.301848181341726,0.203076546193684,0.0180802388637174,0.482420640268458,0.291575785696058,0.579202790325566,0.311112232055414,0.237498786445844,0.37881458095661,0.0357851438859291,0.0126316166846966,0.414638632353807,1.46181685915323,1.21947733981685,0.136530616048229,0.15201951792279,0.212061307463374,0.14892721710229,0.0853308234780937,18.2938204859869,13.3927398255021,3.15844564963653,2.18868829710975,0.449737078674361,0.138498741427659,0.0219070076994436,0.162988478635872
10.354556966598,9.91493103698858,2.36360986791629,3.18076648068526,1.69470248775898,0.373489209209564,0.382796771390115,0.0792586412524793,0.180123562621369,0.356008747025366,0.00302649275942332,0.373274664787006,0.312988065761406,0.249340916184454,0.547301322582568,0.818371095253825,16.125800125524,47.6987779831908,1.90405647561629,2.09407042357147,0.137986813327096,0.484362221307499,0.381148058001558,0.0723089464693307,32.2582879512955,4.24169275301342,4.74327927897101,2.05449934528523,0.136383316667107,0.458359359579737,0.0173290858841517,0.0186738842522943,0.379631641266056,0.0326010440971797,0.179911058369586,0.703620958180676,0.305880850187242,0.681204590370804,0.325094829197752,0.189794547225139,16.2018857582538,10.1335147265395,13.091264271811,1.53979367034376,1.45570483255761,0.00104375942328852,0.0158174582712513,0.0733495763095593,13.2600427422499,39.7165926032828,9.44802298347526,2.17343444163387,0.0966931407596442,0.420043118573208,0.356325291494157,0.0263328390321407,0.649640398344273,0.615782448041666,0.357116856569639,0.434232195436415,0.0502315259727888,0.258817354048138,0.128042406121503,0.0379859611421509,0.558826725772311,1.95569098375651,0.935267015555604,0.134214477276947,0.911681485900335,0.322067803246965,0.223257734000014,0.0505046279019239,11.4001773759625,4.10128482664144,2.17818615237362,1.30710648471554,0.149679192083317,0.196234560371552,0.0665405536180074,0.155912780213083
14.7498856968252,4.60415560715429,1.10091352727384,1.94628893501873,2.13549537129407,0.352964093496088,0.363796406939426,0.175751318474891,0.386682648134893,0.752343574776366,0.00592049878540262,0.412833151890144,0.255360157905224,0.322976097434892,0.634375279852551,0.701223896556636,27.8650792240676,28.6290834368313,2.62991280798171,2.36452286812008,0.161134588611689,0.645488782254049,0.230177912242948,0.0273328573205475,46.6924527838822,3.6906114420895,5.72517476354214,1.47599147154574,0.101849245743342,0.234152847266812,0.0137800828791768,0.08181736439531,0.384444552019972,0.153910689549054,0.190290269211777,0.690258513320563,0.399459558626469,0.715152851788034,0.337426623201664,0.260102202720553,18.4842135720762,7.58559435519915,15.8765805705235,0.525912806980452,0.856860558022721,0.00164200737227844,0.0156257398931372,0.0629763455022154,12.3376123047875,45.0777147142335,6.3963767374513,2.01777692852021,0.0383620397126391,0.443249786954511,0.242867089918544,0.00808333647152265,0.458431121505667,0.308671346824109,0.225998090306258,0.270002178848546,0.140467263851008,0.33478310713689,0.113751373759924,0.0436002964296461,0.533194230164996,0.898490733964001,1.99219346399644,0.122754457746219,0.911931636288451,0.130866215017962,0.128881524835051,0.0902047865565334,13.4797084727258,27.2894410905411,4.83515667685431,1.61546139903713,0.231426011063474,0.0568539342481101,0.0289405301270118,0.156566058722459
19.4565157929786,23.6238538504949,2.0751223102721,2.56917406468612,1.80618552130917,0.399468185873361,0.277359165708827,0.16255656880183,0.339745688837386,0.36827175637756,0.0067996415291915,0.345277288695667,0.056780039309962,0.151374951291301,0.387068106168289,0.788296312001127,19.7096332339069,31.5968387730832,5.40606147469802,3.05336970597986,0.289304018416673,0.42458895719785,0.355548745738482,0.0617758281975403,48.3805479478629,3.46643309816649,6.58374044973233,2.30708794915106,0.113833441985967,0.96138622885169,0.00934558336570556,0.0767063235752727,0.266385674658047,0.0695138393067964,0.213896778665667,0.608568233456686,0.480711411884314,0.880970052123703,0.610093943153712,0.338694155123164,21.6049566592312,12.5197103032738,9.47321243337156,1.707119301332,0.902221748561352,0.00119997565497706,0.00507368332388708,0.0251215640533256,7.02917397132954,22.0534099731884,10.0902336166352,1.11940928818169,0.0596847671922105,0.30461373375044,0.303832469122364,0.0248456148657411,0.728292780392111,0.330212366077948,0.188717428928175,0.393690190194397,0.187353072885772,0.297960228824541,0.0913882756749282,0.00913574073561453,0.328067795805568,2.11863713148775,2.04561971312084,0.0721971999702085,1.34755742682127,0.141736211158455,0.106545093753498,0.183737200014838,9.05210726969925,36.4157944269972,3.15240079020524,0.963055018678919,0.377691592269031,0.0929505171968525,0.0663454003947064,0.0934262609292473
11.0028777538288,17.6975321976522,3.91576062016944,3.57859686982926,2.47272254568741,0.419102658149407,0.297646077726221,0.0977193288485553,0.355053457080905,0.231278925125543,0.00433195802975735,0.70170488672451,0.297032006565302,0.431882558832603,0.479547150715681,0.727967480910659,14.8362968734579,19.1652377730625,4.73338559365513,2.63940566205423,0.145478573410677,0.568219095000445,0.699105846123198,0.0591043598977083,16.8295412622817,1.39654553398046,5.79752766483713,0.892981490988986,0.174588282887586,0.284279434775993,0.0100480031197796,0.0774417456525186,0.227989073717864,0.0707519147404693,0.291760511841613,0.467082428321287,0.327511968669045,0.281598702411359,0.490907122947912,0.225580559105629,12.2108501074991,9.8594351955768,7.74218960306132,2.17946333750297,1.09684105600361,0.00142671181231578,0.0118352564161174,0.0900607178713252,14.7408533432865,31.1385927975863,9.86511406555779,1.4667597807498,0.099684353513795,0.61542229631374,0.349778249677723,0.0220242314371175,0.837733493873025,0.664563253133069,0.252175332716015,0.19089645015788,0.253028056607871,0.380374879149298,0.0851140064336185,0.0181445987955499,0.144308395824582,0.36013434074836,1.42537571839146,0.0343911146017452,0.928210127036671,0.239603536629553,0.120860800138923,0.157039547869647,18.2457103335474,21.5744470623121,1.11608011855802,2.8727139822892,0.0985464856224583,0.163205875095961,0.0604382044846003,0.167852814374027
24.1497073372986,10.2321172813921,2.66714450821153,3.11117648903917,1.48673093677011,0.431461085328472,0.246011429500589,0.104130010934195,0.143188507241578,0.397590033911464,0.00509287097244384,0.700920371731746,0.204585318231858,0.558204742631816,0.644976567697986,0.653782229117573,33.8651078424858,40.1596831504882,1.3007438262263,1.46546201302324,0.24712003329387,0.182987330269524,0.637710935416505,0.0464916214519053,29.6385034161677,2.02580374942425,4.21982144586347,1.94446284813384,0.0624256656407055,0.595783489654748,0.00989864846811346,0.088134700847381,0.403671277832398,0.151143267595832,0.435613001779609,0.272424894424786,0.608049185047596,0.360839421819843,0.386478132985578,0.408491343875484,13.114697977036,10.5204944395629,14.1577698485141,0.288932767530252,0.825810200676107,0.00160324447306179,0.0180564090082675,0.068291635927149,8.66195414437867,54.3822410830288,6.40772277918735,1.32253781251527,0.0816456303228278,0.406417753486198,0.104938638429402,0.0212608277618765,0.814803862573464,0.275438872884721,0.442453066797307,0.377558840466463,0.109736123307389,0.337527468027769,0.0086717606113107,0.0348019197128264,0.63672245296497,2.0877968129408,1.16243952950056,0.113502268956856,0.610067383976569,0.126198476389197,0.147368581730845,0.158680570750237,18.6509384060778,16.3951733654129,5.73188265850957,2.51526476179601,0.223986087476715,0.206595565511863,0.0390106035044738,0.112333259740946
18.1474656156639,25.4740428301641,1.55956962402423,5.02710942462477,1.04127610086167,0.255450821518349,0.312010109127059,0.0856972081987992,0.306901602108459,0.648551392069313,0.00240427564136123,0.316463883804411,0.242451990947122,0.119744802078219,0.349228797949541,0.733974617163201,13.584619373127,33.816252328844,5.57516845328094,2.41971390818725,0.320073609752184,0.154656194563762,0.261860211271993,0.0576293889984987,22.3121313529973,2.12431933176758,1.7586960648982,2.33606280956281,0.132007230567522,0.339062546900321,0.0120241977612362,0.0234406738611834,0.428046113513181,0.140579822349385,0.113852897003716,0.625746354407936,0.565221034906895,0.893799068876479,0.596065857545624,0.226784478063023,4.3693606443855,5.85706196303216,12.0955969648793,0.364708809552417,0.315195970038443,0.000973077426611817,0.0113724461247444,0.0789429925869073,18.8788834467117,22.9275794470335,8.1434118873198,0.953784326989042,0.0867179325845627,0.54054564372383,0.313899874364516,0.0120388613116698,0.812711417150134,0.247454228432144,0.584968071029878,0.457112099676958,0.357027371331261,0.558225214125374,0.103165212976219,0.0638579896518633,0.359520525426321,2.2164316829491,1.86729506248591,0.179376811706901,0.809926933279486,0.061052049122662,0.177005638766281,0.156339459153369,29.3581738843963,27.8417775074836,4.16671477950783,2.31782863686813,0.591550147670882,0.18250578750462,0.0716830550752073,0.112503511427333
17.8565457265477,4.73249729402967,1.66926509773209,4.48772670804258,1.73495618765202,0.361640975151013,0.385358896457294,0.000229131405231515,0.213714766686639,0.120271667971483,0.00378797463553226,0.552479690550891,0.28754816943378,0.266875590288133,0.484137523192416,0.632939418392813,9.9647671201316,12.4908754877791,3.8170453241844,0.877167232940363,0.550311992477313,0.15725701673136,0.395820902897679,0.104758988156835,45.3583599819748,0.795781441747109,7.78950153853003,2.29077040043261,0.0665982513587415,0.342855326536714,0.0061333256071436,0.0453138724840857,0.519269151447836,0.053520176960846,0.236096399065492,0.186467321980962,0.356586320676118,0.563277552944748,0.487069376186917,0.445329726568274,21.3035550426241,14.226283415707,15.0408247446363,1.11482632675674,0.877584730963686,0.00163228192925082,0.0245338755613305,0.0619104239162579,25.3567130189461,56.4595727987557,9.55866751465621,0.948488256950911,0.0461380251563761,0.150761542667111,0.637265176754129,0.037705758315075,0.794827355207824,0.569559773626507,0.494137722461626,0.351091211009263,0.336204379295252,0.270296490173957,0.104914362274218,0.052110637492386,0.862414835171639,1.4839675428782,1.34304306212327,0.161548024134829,0.741266842810207,0.182863321718394,0.22100403248149,0.153138872845516,18.8754274611706,26.527204372634,6.39062261368397,0.726041245449939,0.408932737692623,0.0748304500301215,0.0939786870912518,0.0565441623150394
11.7294953444212,16.4694959090534,4.88370600843346,5.42621319508504,1.54281426466572,0.391284286606942,0.188731279825282,0.20266087233885,0.142964420199584,0.412671265369928,0.00383231005048694,0.625337922536406,0.145770877069673,0.455572221244883,0.577397881642233,0.638121875583985,16.2940256285022,62.4566371513996,6.64546326614639,2.6565769195138,0.321234856575828,0.23005222935405,0.541948858572087,0.0641537716595057,45.8172820531024,0.940117157541692,7.29131072486374,1.58606131421963,0.187065360467429,0.579364020610487,0.0152640750407738,0.0500309858485026,0.308405095850009,0.128218986015271,0.295192387316808,0.472278410813683,0.381805453836841,0.522043415714673,0.396739570145847,0.351382448723163,10.5780988106194,1.7699874404977,10.1930927306044,0.528844089866176,1.00916858539075,0.00158257477021026,0.0152720186525506,0.109224016925129,10.2703301699966,38.010494108945,10.5417576296253,0.451975422449501,0.0485782772993762,0.176386558801596,0.220527881530816,0.0228292593013804,0.683213370573021,0.308227876465335,0.407034801451884,0.313928658337231,0.26857409283682,0.260439315594623,0.0276143908983835,0.0777025768475769,0.137998616985662,1.26335987674145,1.48898706285046,0.0911822874598882,0.914776997817398,0.139511924380282,0.161621159327315,0.209696847376672,14.2098731415197,9.67445920164048,1.58676198586455,2.2172230782039,0.318840440108982,0.129192277233605,0.000709195047799892,0.103469360729718
23.5286830410053,17.2276732990508,3.71223883987985,2.30868408227719,1.37600642769862,0.302824272164306,0.290247687532764,0.155842319143502,0.382448031796416,0.518889444136335,0.00576116889772356,0.424967299276355,0.254558699963198,0.261182273961148,0.736054582426063,0.707393642285195,20.8532461900541,33.5318486744753,3.96193303240384,3.25592611319373,0.341401870531095,0.335865932821196,0.607976186804632,0.0759752911698913,37.3586611197842,2.90256970919603,1.36515159932445,1.04235222542548,0.0611337708270376,0.392970013066032,0.0108446730495446,0.0514669680441015,0.667939264464769,0.090174261512594,0.241963011141887,0.455144228730629,0.253042716062711,0.717834758198169,0.340903869856901,0.203832604401664,6.45934138716134,9.47514260104832,9.52932721219688,0.531882030048596,1.23341322443602,0.00191925464673166,0.0144316057003645,0.0341346033276663,10.4566827069437,30.302162039625,8.71597602299526,1.72215450728412,0.101004512760659,0.442894488870182,0.250855029244704,0.0151385584609461,0.204901866947865,0.349242857270794,0.564759087818262,0.454266872515304,0.279147107006593,0.3376140233539,0.11417589259575,0.0480065638447362,0.506943803327062,1.12128386461903,1.91686463103661,0.0992233728033251,1.01261135574641,0.110660197267035,0.154303802070665,0.214347791972638,21.2731577498434,19.6570890072355,1.94128552933722,2.12894935886488,0.230945215577404,0.157930240060569,0.0236309724007063,0.126142328668962
11.7161532692743,21.9585777368669,2.22573838987956,2.81487348784834,2.64485802968343,0.16932622721337,0.302165351337947,0.126835685974608,0.195747619933836,0.310849292295307,0.00261329581530867,0.500137297883298,0.54466103094777,0.454241443935777,0.61059132846168,0.684167911583652,21.7689429229918,37.9647424493018,2.38068323297373,2.98645082475894,0.293871543329791,0.0566957285271997,0.400222437959536,0.0323781397464729,19.6918674816427,3.24335009207075,6.01196281865498,1.00499252909321,0.222684756822805,0.566956127977485,0.0194444052730194,0.0877285034935867,0.798769697982241,0.0887876341534584,0.307064485969932,0.576468874104722,0.16901675904158,0.445347178589216,0.411363436581614,0.2748509801679,8.24998443875919,11.4042475957601,13.7492141648784,1.15638962211432,1.40046150350792,0.00141109894446898,0.015723515058068,0.128536733921937,19.7821329042887,36.5682117009272,5.70500945961735,1.12347391895131,0.0939819963247543,0.302239005122811,0.319025094450373,0.0230311797859917,0.928848481089516,0.519832890764708,0.396811063040226,0.31700438885556,0.279588768712594,0.324538701996854,0.131938028068124,0.0420247941577327,0.128822340157772,1.66498432773824,2.02718731203035,0.137828841853034,0.684123395808423,0.181397640222747,0.214370680826099,0.130353933907569,11.4950118055105,25.9372421211559,3.34722872670095,3.20905295910923,0.367600232340542,0.126079406706611,0.0319133377585319,0.203722481366556
13.0992856116859,18.5137068978839,1.6722242369591,2.03843577515116,0.967248307748094,0.183767841848423,0.269696785372939,0.0816004309100647,0.227999237596349,0.0204629949302031,0.00409923902532911,0.512679139838923,0.334523841067027,0.320071317915689,0.652166114717609,0.522766137552743,21.9301777362248,33.1770101299362,4.96648635357102,0.515767571855954,0.142096259010341,0.241084346809245,0.622094563583236,0.0751317560385765,34.6554486265758,2.98634223893365,4.69217345902617,1.41434976056205,0.155529614100658,0.302609605258749,0.010573956742934,0.0280989669386483,0.60515151636414,0.156607586998735,0.423436856464437,0.591098418857026,0.508300680931611,0.573203055964953,0.3588509845108,0.511939540531722,14.72200028068,6.80677236176553,13.734347534256,1.68421316861192,0.883505783184627,0.000908774637186123,0.0251311509955907,0.048790164306551,11.5936724093437,34.2493172703509,6.46960732451655,1.62899500613965,0.0491404857148666,0.412284052182808,0.161213713382228,0.00297959684152987,0.677122853795497,0.209239676882216,0.351503288965237,0.336536848096011,0.0600376123168351,0.413188639180267,0.0458832508161924,0.0605671159501273,0.363719702420218,1.06233901129615,1.83447456851135,0.0958138599721487,0.822676279229146,0.166902148676465,0.116468433769374,0.12084032494641,13.5161184611693,32.5567442685455,1.99235369629558,3.81062448999369,0.212667397122478,0.0453074424886477,0.00419275906574861,0.141658267190254
11.5599195512646,21.7708098411808,3.88785079947899,3.02730038863022,2.21728290242056,0.447861311296761,0.285852108433182,0.0625730587162427,0.261741568628443,0.336980128320476,0.00239880469075229,0.332003007852737,0.289248199837454,0.385440103941774,0.604121909036073,0.677987793161058,16.0129849144424,39.9737273121279,4.1914745198471,3.63100826943059,0.277806835052971,0.171508600741061,0.380974927610393,0.0464649451586999,5.28127814523261,1.40720498031909,4.68862771882224,1.51363048221705,0.121597028596745,0.563246470185628,0.0206932356792583,0.0592720144898751,0.734477629535574,0.103148567622428,0.31351314049496,0.684578717655567,0.258354665118418,0.694383639786372,0.534925359326699,0.353407940740736,12.9316613695844,4.65428271890141,9.50394575439275,1.71884779157517,0.615612697694548,0.00158732292953739,0.02532914263979,0.120943107113777,7.71965145879351,22.3112248094589,11.0480787320539,3.02800248114028,0.0650046127107322,0.194603959418267,0.211832460785874,0.0234437954448531,0.493503966102501,0.360014750107214,0.421069103702917,0.343711092085758,0.251053552724712,0.314759274880682,0.10461939713734,0.0253375683544052,0.542820648817424,1.2647939774116,1.819187292303,0.0750080720728248,0.994811550711338,0.234491140045332,0.179146815132078,0.0373533231677817,11.5869863923758,18.2320362721482,5.00066161356343,0.656419891716108,0.318163584197136,0.0782239963172387,0.0259921944986239,0.130787471395941
12.8467849367667,10.0632970455482,1.98895303398587,1.52509071205609,1.55747158211815,0.359229653790745,0.261348915025741,0.0831299383012707,0.141413654570795,0.328362092424945,0.00647452824923739,0.250420282982826,0.295839790905473,0.21774439844293,0.493901190926498,0.508479347389726,18.7878625559559,44.9806577373769,2.52929437348937,4.74414853073022,0.323033350376129,0.465290201074992,0.459385238192467,0.053962345026318,37.7786303129081,2.55340610703745,8.89097643348408,0.953328465299146,0.10146126741482,0.530773540938176,0.0134218244552056,0.0867435400020125,0.477155218927378,0.0612793124686357,0.15250702685159,1.13233362247784,0.394627232098159,0.721980349115621,0.592881009797563,0.363620896204625,18.4735069016277,1.05269679993272,15.739200104823,0.69408434482199,0.646808480440506,0.00196271290900005,0.0316099783367958,0.0870281268392748,9.81117976424293,25.813704227334,12.2564065393824,2.30057119977099,0.0415786084044093,0.378570213993426,0.235695646464902,0.0184184265575076,0.169965569222153,0.326972255905176,0.813530299335625,0.204732529867411,0.228010326705883,0.312457597947681,0.0822076966067508,0.0366738848305998,0.559531839650917,2.72836940275694,1.132507654301,0.111761443481584,1.06582431422769,0.177503890389079,0.169930098687722,0.284866900396236,11.2121513443597,13.9366251058878,3.06735198823431,1.47549615273401,0.257850400783735,0.0564513027447562,0.0605183070068734,0.0812584065085476
17.101032569799,15.3008487072548,2.5986283100928,2.74242237806701,0.884612715472819,0.182064441747597,0.149920364175018,0.113653244866845,0.118766270325071,0.27823865407447,0.00560084525638455,0.0537939063325797,0.106624622723891,0.247180354592909,0.707725787161702,0.661039032088755,26.5309915882473,31.6224937834015,5.30355668672693,2.93347378452937,0.403294177035707,0.342446186476583,0.449540234168108,0.0505334528371238,35.056910111151,3.25825197003354,10.5666647160045,2.05442334678661,0.095779198038552,0.428469913241142,0.00925122150846522,0.0555788432853872,0.248222741994665,0.232741560656777,0.316901903190411,0.944671152891099,0.515028493296905,0.499680076439769,0.298709985405711,0.432469066745131,8.50725270354506,10.555853702791,13.4572908086155,1.02753196033993,1.18461727032879,0.00159481531229975,0.0210144552390828,0.00694024312120725,15.6209535140038,36.0916424536094,6.50184147235745,1.19361992737793,0.0806952044400424,0.302279327247852,0.159079318447215,0.0218500158550705,0.798718793420784,0.175589695992443,0.469405454548317,0.263305429331062,0.21948328501135,0.55011278883656,0.130466130268877,0.0662370243726807,0.439115260016482,2.0301701664063,1.1483167212322,0.10639163187043,1.01412628946525,0.241778228240189,0.0967519097540252,0.202343153797068,22.0265301514736,32.1496080114154,4.42734243060764,1.29521856557376,0.216608176389609,0.165869167632836,0.0587224007703381,0.0636860007061052
25.745386594951,21.1516949441514,2.41543333107512,2.71826928494311,0.343164159115466,0.27381385853364,0.211296296178704,0.129126422229051,0.355377921074215,0.475996782500872,0.00318273390829091,0.489461403390398,0.267949540294039,0.282537096297163,0.58354271065805,0.602810322580876,28.3175384564127,32.1899048215492,3.05197065317508,1.95359081015672,0.223123837514886,0.319878599332455,0.843722338828284,0.0961925095917212,43.3582645856715,1.6097732290464,4.27236729125038,1.72926787991102,0.196207386664015,0.456461645047769,0.0177240537004392,0.0176280991883779,0.680334584145899,0.106237482902061,0.229118151427792,0.429213013944146,0.442217060083899,0.787851672878328,0.420636395735926,0.249965102783003,12.8128739651537,8.76913955439178,13.7065153290247,1.52707850159255,0.750480835648682,0.00182492590801238,0.008809777676792,0.124166482818628,6.61798183274575,13.5618019548524,6.18682963710015,1.89711349234145,0.0786802360249615,0.226946887086018,0.240349087057657,0.0246953877766182,0.731868422013378,0.259330156676303,0.405614299712191,0.505278386988482,0.16066160699941,0.319368302911575,0.0614419622583345,0.0560088526165529,0.513140080892701,2.54758088034922,2.25789451859416,0.119090271284768,0.984544465041019,0.167054781104492,0.109996367443534,0.113499953741527,9.70506328899889,22.2639262680806,6.49964189758495,1.53252635982065,0.311139870855838,0.142842891854069,0.0253871834588566,0.0816404725203534
8.82659875076702,26.2442951604407,1.82994042078533,4.76972427932722,1.51184840169133,0.219408687709855,0.374913804838707,0.11116143122973,0.14489133045236,0.195429444443188,0.00524837871615585,0.119082525967296,0.449500237770788,0.322106027529346,0.769373754762636,0.75557480817625,18.8734598587926,34.4256056151855,5.69940973772417,1.80729420944207,0.349657932832252,0.14058461294903,0.504419869570539,0.0437937530979855,11.4223820411913,3.03628189643329,9.96651071413325,0.787536731556546,0.0976281228748376,0.466389633151428,0.0135895344038477,0.0660580469880118,0.770750808765628,0.106107937171958,0.235983744756376,0.763797719432233,0.196244261571241,0.564929987664232,0.166376465110658,0.259944592672883,10.5346397184313,6.10344038204565,10.7049489020256,1.51740425778777,0.514211589153857,0.00139106216134952,0.0116416309952038,0.0573960442836885,8.68759779996965,33.0210179978579,6.39216314471467,1.92709646111476,0.0964485710632494,0.27589122648993,0.269125187772815,0.000947983013977771,1.26502597585559,0.276852362278217,0.514491875338996,0.50074398643503,0.2212544242616,0.300668482498741,0.111105544669509,0.0628057967665412,0.408375564245253,1.73477341400435,1.889762755314,0.13166403115404,0.917490559798251,0.275874609835064,0.136365773642081,0.0702602448800397,17.793908366423,17.2562766690981,2.43318838195112,2.21535013674037,0.45533843763635,0.0785114342776363,0.0308926775183613,0.0574612200414467
17.683459908298,2.24760368755492,2.00327506464925,5.05063722407071,2.4358298190907,0.162794837479692,0.0218908891160082,0.12863591420265,0.139106461622309,0.23346698103112,0.00555583289922138,0.292791886110411,0.371876129044376,0.444825541768187,0.715131639170094,0.71435410290351,11.5172352995062,36.1224171473422,1.51201648173506,0.963031569680645,0.109898293318894,0.520375664525978,0.671903868722972,0.0557291904431634,29.5860785639293,2.17426706863994,7.17226354333823,2.90409590811786,0.189921927415031,0.283757627215399,0.0161633211728348,0.0935867797413374,0.563085905902153,0.0917751923685284,0.32446845817956,0.663779805147421,0.441941979144023,0.554978614986038,0.236593057105504,0.290540036065321,13.0133041316134,7.33611613692393,16.4754848882169,1.34865486514304,0.934472271415659,0.00149171798231089,0.0100238246034868,0.0819192033054464,12.0858426714391,32.6150221724358,5.98206874061646,1.73953597527874,0.00273183787395741,0.421553534148172,0.398033087549186,0.0159162637601888,0.504189080341648,0.37588092718111,0.298334467302325,0.320857098155224,0.155438237537982,0.206645936511043,0.103626894241278,0.0254368707897678,0.907669734281899,2.36656985927573,1.81016355708198,0.073183713102827,0.907957348629643,0.126743715719802,0.152194566730527,0.170560251545424,24.0390403654356,26.129934028253,4.89196529867239,2.24943959261175,0.375360542004595,0.200602471688757,0.0141689113548676,0.146168475834033
15.2560158071366,10.5183540322945,2.28663925583598,4.24054871194481,1.87211754226505,0.206190725859705,0.0464198367958011,0.233157971846794,0.122231201052498,0.550826924676707,0.00434627759967586,0.256765687568994,0.386966507477296,0.216920406132628,0.652306815295155,0.729845736645116,14.8018682960936,34.1048590539003,3.6324304463767,2.21173256010045,0.269569461451893,0.0779315845252492,0.340899585515925,0.0208154644346457,17.9464475778743,0.336221264697437,4.12614271972799,0.848568409299993,0.138127421539405,0.241780468183415,0.0103128797388693,0.101069369633635,0.417376462097789,0.100739643096056,0.329626329610897,0.853520582285275,0.301620738805709,0.83177549686277,0.45100090443751,0.242338685262571,22.3802222403931,9.12864360765096,12.2527190216199,1.25828239017921,0.980391197649297,0.00171202224761744,0.0244325915897615,0.0112069861413913,15.0751151772288,43.3002587590829,6.55782186983708,1.1281309189515,0.0419229764034911,0.530910609181872,0.278508058625664,0.0316188001945718,1.02093230480403,0.303607331032723,0.693932903564549,0.222320782840253,0.125670165264779,0.389909937838339,0.135870740272569,0.0209867495505223,0.407699492716265,1.62392340028628,0.913761603944087,0.132900474273388,0.809643147129763,0.0574379942472391,0.141245080854469,0.0825197982781577,20.2442758374232,18.3043446128508,2.07600305385951,1.5268089579959,0.204941023376446,0.21228789582053,0.076764465805678,0.120277507526555
13.0769125972645,20.3096516952147,3.06777538777115,4.05190499191808,1.53856800600576,0.275576750255097,0.387146597119276,0.194899349714745,0.156096309877698,0.539621283777449,0.00494746202564984,0.485700490743653,0.351801763526772,0.224167824355441,0.457811927486405,0.844747133771868,30.1577544483033,41.0529936000438,5.67670844374997,2.39754341376367,0.401091163175153,0.32442831087585,0.224996373236038,0.00927024664377605,10.8903987131636,1.92204724214359,5.07403655935824,1.16514933223552,0.0807258291850233,0.467979228026153,0.0112854995170302,0.0852141032920138,0.850021009207186,0.0783849746977174,0.190603387199484,0.50919465585291,0.290427779800331,0.774558800587689,0.411530599364177,0.137627625327476,13.9741918798884,5.62986958855564,9.68889736826216,1.12270971669355,1.34516446725377,0.00178441265663296,0.0280576049338925,0.156101285891579,22.0695641653642,47.4533179061979,7.54523429760409,1.81303935039694,0.0387566621125637,0.581966244408726,0.148173655472786,0.0211200247380161,0.817537803460365,0.161862668545969,0.528394263184239,0.258144958449855,0.307599574688332,0.295225529320866,0.06559012471041,0.0251206979895783,0.561995040096281,1.66712214080419,1.69012128869498,0.142770350464777,0.733829025150487,0.0465312845877516,0.110053300498157,0.261662658118061,18.0702816582106,23.2442583185427,3.13853349367394,1.36466559392424,0.32531211406015,0.163559787453586,0.0419981470437535,0.151559061428686
11.7294953444212,16.4694959090534,4.88370600843346,5.42621319508504,1.54281426466572,0.391284286606942,0.188731279825282,0.20266087233885,0.142964420199584,0.412671265369928,0.00383231005048694,0.625337922536406,0.145770877069673,0.455572221244883,0.577397881642233,0.638121875583985,16.2940256285022,62.4566371513996,6.64546326614639,2.6565769195138,0.321234856575828,0.23005222935405,0.541948858572087,0.0641537716595057,45.8172820531024,0.940117157541692,7.29131072486374,1.58606131421963,0.187065360467429,0.579364020610487,0.0152640750407738,0.0500309858485026,0.308405095850009,0.128218986015271,0.295192387316808,0.472278410813683,0.381805453836841,0.522043415714673,0.396739570145847,0.351382448723163,10.5780988106194,1.7699874404977,10.1930927306044,0.528844089866176,1.00916858539075,0.00158257477021026,0.0152720186525506,0.109224016925129,10.2703301699966,38.010494108945,10.5417576296253,0.451975422449501,0.0485782772993762,0.176386558801596,0.220527881530816,0.0228292593013804,0.683213370573021,0.308227876465335,0.407034801451884,0.313928658337231,0.26857409283682,0.260439315594623,0.0276143908983835,0.0777025768475769,0.137998616985662,1.26335987674145,1.48898706285046,0.0911822874598882,0.914776997817398,0.139511924380282,0.161621159327315,0.209696847376672,14.2098731415197,9.67445920164048,1.58676198586455,2.2172230782039,0.318840440108982,0.129192277233605,0.000709195047799892,0.103469360729718
8.98016956509492,22.7448827138227,1.69525529044261,4.4778275393392,1.76078094454794,0.353434044832448,0.233884965598457,0.0805425712519338,0.228930522013345,0.512846273702724,0.00273199087433705,0.146906544689674,0.405889237871564,0.409850472030005,0.478230260689015,0.639763856098823,22.2656529791052,40.2982490052981,3.07385571764288,3.16127375028468,0.355728117839611,0.767028879964902,0.590810542229439,0.0697305180406635,38.6918020028797,1.49669517343906,2.69405291331413,1.27519156611021,0.224524426718352,0.26668828273801,0.015578345404145,0.0800852136954761,0.616180965348447,0.100218504640134,0.27526169855298,0.689494768045437,0.694529673261994,0.531544873174743,0.539815435465232,0.418276584330157,21.0468980340006,8.63359250825923,10.8786087485736,2.03166346640029,0.885259405454556,0.00198550144336091,0.0216464299718002,0.0993910368358726,7.6768126148735,23.9941182094091,5.5743464588489,2.34333960775017,0.096904217970106,0.325344603847574,0.292643748171762,0.0157612470581022,0.397704027205417,0.266478108406286,0.379673135936976,0.382407875466399,0.340176026092117,0.260992326396972,0.0746564993788895,0.0562516526283229,0.411787976788462,0.75707890667467,1.03968659491739,0.161050858614648,0.113041088355186,0.0443157252435829,0.0579916043388487,0.168108090364161,5.33189230506958,20.6939068952643,0.223464014194843,2.99735130415202,0.38698663444236,0.102986237926784,0.0130812541473011,0.153221546847842
5.57524816714335,5.37420317274002,2.21674858059099,3.83081377659041,1.6386447431861,0.302078618669991,0.327695391828756,0.0480569730456402,0.0491959783306661,0.274224057189775,0.000553230181726468,0.113002979441718,0.190287123054744,0.163300541804616,0.616201214748739,0.709821780507875,25.6796799021395,43.3779646188387,5.09950176277134,3.51017084827584,0.306312723407609,0.298181764532444,0.381019006193833,0.0962660216409546,26.6856389468783,0.981157175109481,4.80067696594525,2.02590526581015,0.0794196283824085,0.545759847396929,0.0056216104673677,0.0597646828334971,0.651679536687764,0.158461027631624,0.264764949402036,0.963442840748107,0.525687269021438,0.698126045203499,0.553399123532913,0.236517501516242,10.7259088429442,9.87415777104864,9.69782603992508,0.296352565810729,1.50979377145753,0.0024734181152085,0.0235526700817336,0.110124314059656,16.8440065552683,61.3734012260018,10.2167688540552,1.06224882823159,0.092093041730142,0.257937323569472,0.460323248563033,0.0293816884081477,0.552407716306919,0.292106451469471,0.389424517806897,0.381938180688302,0.374730688071272,0.570451982492022,0.0560643658918686,0.0265091560605533,0.0968688029784247,1.24652124418924,1.63265672091291,0.112101333697577,0.819815107440468,0.132130561513397,0.00942032880273604,0.14057492852451,13.3592647170382,8.19452564456758,3.37715409056112,2.91226679403111,0.290318742351056,0.200620544850114,0.072437247081698,0.140190367427184
20.6479269995254,20.6410164807765,2.77790667652034,2.85038175693632,1.61544309580294,0.168545724518144,0.138902450791526,0.0733152479928498,0.37521240043928,0.5574481451775,0.00236470599854279,0.196396396318918,0.269781221615966,0.347431210618401,0.863645634251727,0.679253795010146,18.1621048922684,28.3613967177685,3.74691014145852,3.38187935969187,0.395877993504596,0.301452116049129,0.297827937041006,0.0758626768428974,34.6063984152895,0.18790224852304,0.218090932767113,1.84296128635063,0.134418295190983,0.393911826035861,0.0120549484879466,0.0173268956115372,0.459309232797121,0.0634223889679685,0.0161828122939078,0.880433865177775,0.424114095779883,0.532551993880364,0.0372671027408716,0.312521496979588,13.5709885312366,8.54169294762827,10.7621149248342,0.195902948136355,0.511995527381036,0.00169126125471738,0.0162142135014323,0.111240595334269,9.99653864358361,23.0307381279423,9.22638608580209,3.37056686937155,0.0963597858107128,0.360465296313491,0.325217322176137,0.00309417132498307,0.547655724680372,0.350824084742051,0.128069076142163,0.317247522398154,0.324011234330844,0.401372469369501,0.127112374832212,0.0450113881184977,0.420565555110706,2.32952711039682,2.07592374040692,0.100208888227813,0.618226595458251,0.158115318943181,0.10445223291729,0.119330709472723,17.8901865748155,25.7746469810592,1.70724400418102,2.66933279276147,0.267415129851946,0.0948382650961015,0.0455145678638255,0.0491956405224793
12.2356837737472,13.9577929240535,2.12433108265903,4.84911018854416,1.31505758019114,0.438573168678409,0.218779191894904,0.0683676772594214,0.254181498199918,0.415358171973117,0.00634648336440547,0.581530729832395,0.260539266318229,0.298376529976943,0.487551300385242,0.696821915341806,19.6464240517878,45.7916658586714,5.27695051453175,0.803552636544572,0.488275833533023,0.271097485722863,0.532926507008825,0.074901249208935,20.7789526729633,4.49034239447864,6.44091209588754,2.07480684151738,0.141641652824699,0.914976019393617,0.00787867672478352,0.0858299825614886,0.388946796211357,0.128616662367181,0.321710314253486,0.383685903041705,0.39290767468806,0.744764114158177,0.539353400593478,0.224853618341881,7.44640945449759,3.63180353643335,12.4455829871319,1.47312776534079,0.425477657435447,0.000748380789693618,0.00663701959945796,0.135102383813642,23.5311176515154,41.7875713741245,7.70892905373546,1.73750287183648,0.0389231798801547,0.342015180335437,0.308592241744927,0.0325483412658563,0.646438320052296,0.256132027308285,0.406872888267597,0.509560789601604,0.190380411804542,0.331554994884758,0.0956925708266801,0.058045555339329,0.481939899948052,1.40822792313209,1.55202819295009,0.0972254596574245,1.1354988208328,0.119366367305851,0.195101314025449,0.128845709158673,19.04620191616,13.7262319052443,3.95285329396748,2.13745848758647,0.110275833369445,0.0828154672484951,0.0268202596868375,0.0920695187489349
12.5610161106942,26.0338768047234,1.84565056808937,3.04388231394541,1.25051434202816,0.230045527573114,0.387282983990524,0.122486446863164,0.218409302606098,0.728266978893743,0.00531928799287537,0.185582816756722,0.577133784067742,0.366483163749847,0.58953891393005,0.644974759570552,42.9223464596698,38.1628259259345,4.05160588268999,2.65200019720013,0.435236146015242,0.752147497049368,0.882893072848358,0.0106609149127694,36.6647711383357,0.243147372998029,4.29127109564292,1.27901737101574,0.172596625892061,0.244374014322282,0.017603787423549,0.072206035065772,0.504638245686674,0.100420043594649,0.140112181504078,0.93925440643078,0.0547705586383617,0.807408840940916,0.407022887239442,0.26884080755611,13.6296366506267,10.1661855195554,14.2750493309621,1.05757834413547,1.1567729980198,0.00199653100498944,0.0236458552137345,0.136471468737693,9.41868777451155,32.1802283148563,10.4944347640538,0.346362849959518,0.0749011453752122,0.336361943644315,0.217010675877452,0.00945739287615813,0.804188314498946,0.184424207739722,0.394531044676876,0.178793387344258,0.218039742066295,0.00819691533683814,0.128640030441826,0.0499256678979899,0.470244239957861,1.81078478861301,0.961749399598373,0.204638758835851,0.96168027772418,0.193120398178366,0.0888087611881465,0.16381537084951,10.5216318504859,32.3256847771455,2.00270482374962,2.04364728792511,0.292033604234003,0.113815579031244,0.0312337380083754,0.0159805095142061
17.0816911724787,8.22736961989422,2.51539420553495,3.67609791538418,1.9384839979286,0.445497435882817,0.264013707822372,0.0675776612545842,0.260851218028837,0.549563968868447,0.00654639150948347,0.461506828575264,0.30554207234935,0.220437521058473,0.62807515575341,0.695947479547416,27.4458801755234,32.4113730411312,3.99767585964954,2.50020391462323,0.209977250497995,0.225276208399428,0.46086083095084,0.0889675238267111,26.9305662363711,0.915521114918121,5.04386752896465,0.92755948852183,0.191504419716983,0.309143599263207,0.0173485719874926,0.0762629405301079,0.799643998693216,0.0816118772240112,0.357961483525244,0.5118349060373,0.454603702275706,0.61754257028925,0.423345705258612,0.342773580758061,16.9819601300467,6.85080942058675,11.484864373149,0.660989903848177,0.938298907137823,0.00288202481825844,0.0177032083335856,0.0480819319071099,10.2474305175876,21.9582811725379,9.52995731738893,2.39658250964414,0.0381425589949106,0.209488578234169,0.34318507353134,0.0173302141523802,0.513104991119073,0.37192195767988,0.370776177350032,0.212539693719365,0.180397615676931,0.390507555010168,0.099600720535236,0.0299333904817387,0.324043947796157,1.81513555791188,1.67850893109832,0.0243649437492527,0.67802525029104,0.0953779567969539,0.144596692352338,0.171035800375602,18.5673529853564,24.727634159946,4.15703635142416,1.48790410559496,0.311284094670153,0.109231419883376,0.0318271889097673,0.156904623412025
17.0887273230779,20.293769158611,2.73467780336956,4.96560855786594,1.60716884340423,0.261641710346605,0.197674592492926,0.163371720611578,0.071329793107863,0.475408327288074,0.0074530424036529,0.392571176336983,0.175505907649629,0.322036328100959,0.58386763583385,0.689244271611382,20.9133642146796,41.6185283439074,4.76169197851842,2.3146787464481,0.452109239377427,0.283347755217331,0.555820478851697,0.0679969209615063,22.1951224321147,1.90825431154567,5.22117515560772,0.807477259138248,0.0754154235931046,0.191497975107875,0.0121967504872076,0.0100364244355487,0.309880136779463,0.0644193664705801,0.077947225531716,0.513550804653925,0.492407274917468,0.648627371762251,0.527321041832542,0.201022320745521,15.484919382871,6.03438309695739,10.4558540394012,1.33935941575243,0.649323741818898,0.00107235797115376,0.0118588489955869,0.144931335061534,12.852525333435,36.9089394816898,11.0658120754997,2.0731376350975,0.0729704265310342,0.413283927339589,0.281073704551319,0.017307077396554,0.803858796020192,0.118039445640695,0.492051918741248,0.466287044517291,0.177198647795571,0.390194822626039,0.112388211993611,0.0485375293449845,0.573187585183938,0.847920013979697,2.60547446640111,0.150118225930881,1.23446516821172,0.163789707455966,0.0708138239076657,0.107745100769434,18.0341035929789,22.5188691838714,4.2282888503154,1.87644333601764,0.398750456416929,0.228873975727188,0.0677410090995333,0.121799995973995
12.9561670082955,10.9693877941029,1.83433994393007,4.10510336883794,1.17195767322526,0.232193632551459,0.25421268166148,0.208097355323639,0.268078204171832,0.502520329458403,0.00544761631283531,0.424641078745921,0.220876385765149,0.201098239954728,0.750527286263572,0.735710581107327,22.4739763591882,48.1607853570929,4.78498768735572,2.26843823909365,0.320618504106922,0.520428423611393,0.394469036824986,0.0492088845976396,33.3671393759874,2.03518579518757,4.07850130594763,2.08994885505276,0.120604961179886,0.482800615611358,0.0100188581825457,0.087211649815913,0.266200411148122,0.12195907423526,0.326048213432951,0.641571555658302,0.491416382395243,0.952608895549959,0.165908765828052,0.287357421934428,16.2535848350198,5.28182660083739,11.2964289293285,1.12962066067179,0.917629561518331,0.00115385323394845,0.0353342350294555,0.128317425015905,13.1354241933444,38.6419800235643,6.18775903682834,2.36611390905075,0.0505040572133648,0.228272530494081,0.255169372530043,0.0293086045979741,0.746708389182342,0.352242012027235,0.295931650990394,0.26252692216808,0.226912087589756,0.137187126093445,0.0767187276355487,0.0520466097080239,0.492576481612824,0.761820884498074,1.42672474189748,0.0973456197360219,0.794483949281049,0.178618667180215,0.105555668007543,0.150498624264179,8.83281523294028,19.6591960759709,4.31681465439017,1.11758207915972,0.336803123257885,0.149296601402399,0.0362162317706669,0.13945304457838
11.7294953444212,16.4694959090534,4.88370600843346,5.42621319508504,1.54281426466572,0.391284286606942,0.188731279825282,0.20266087233885,0.142964420199584,0.412671265369928,0.00383231005048694,0.625337922536406,0.145770877069673,0.455572221244883,0.577397881642233,0.638121875583985,16.2940256285022,62.4566371513996,6.64546326614639,2.6565769195138,0.321234856575828,0.23005222935405,0.541948858572087,0.0641537716595057,45.8172820531024,0.940117157541692,7.29131072486374,1.58606131421963,0.187065360467429,0.579364020610487,0.0152640750407738,0.0500309858485026,0.308405095850009,0.128218986015271,0.295192387316808,0.472278410813683,0.381805453836841,0.522043415714673,0.396739570145847,0.351382448723163,10.5780988106194,1.7699874404977,10.1930927306044,0.528844089866176,1.00916858539075,0.00158257477021026,0.0152720186525506,0.109224016925129,10.2703301699966,38.010494108945,10.5417576296253,0.451975422449501,0.0485782772993762,0.176386558801596,0.220527881530816,0.0228292593013804,0.683213370573021,0.308227876465335,0.407034801451884,0.313928658337231,0.26857409283682,0.260439315594623,0.0276143908983835,0.0777025768475769,0.137998616985662,1.26335987674145,1.48898706285046,0.0911822874598882,0.914776997817398,0.139511924380282,0.161621159327315,0.209696847376672,14.2098731415197,9.67445920164048,1.58676198586455,2.2172230782039,0.318840440108982,0.129192277233605,0.000709195047799892,0.103469360729718
5.40876447501239,12.2235354019769,2.76096044592263,4.08266149306833,0.708745980331622,0.320191078395832,0.456135863332395,0.121580403731833,0.338294570264035,0.421881676589417,0.00471491026934511,0.450882053550076,0.476254200141371,0.328106274015774,0.624067249479977,0.79036338614812,25.3724074224402,38.0440695821137,5.23017193268994,2.26849456040672,0.136358277868382,0.454044662574111,0.254862246879091,0.0417979515727563,25.9399109657274,2.46215827356041,6.4664419674587,1.85037352161765,0.080362965178961,0.668556950110897,0.0106358845611991,0.090348411902197,0.322873393905002,0.133364324213553,0.200743458816865,0.455394696098302,0.381222362485514,0.685479127789005,0.384044865798243,0.146250500043515,8.35901125202828,5.90473374010385,15.777042780304,0.647438044645347,1.42505639664576,0.000641407498014,0.0223352083969656,0.0906828902366006,14.5964571462455,31.57842357189,6.87799694264977,1.68103672288517,0.131432942687724,0.4442061314408,0.146016976956356,0.0182082990582258,0.7907842352427,0.411768995805225,0.827561872297058,0.337807029715192,0.203413927251825,0.164654229026475,0.112899520047051,0.0193189582102533,0.0884376661489534,1.35594919209591,0.675554824140342,0.115140188862786,0.452691860326483,0.278873620990714,0.0325319189367531,0.139878451046828,23.9480329077786,34.1568840760077,1.8977789290307,1.40850001124305,0.226899300240908,0.100646178025356,0.0533547333583909,0.127830287064878
21.5873903443589,18.8995603416065,3.45826664602092,3.81910670465321,0.476946887101539,0.428486281112941,0.38584377449674,0.0412984775742011,0.314917003920025,0.559647833681712,0.00165368037225429,0.286068776183323,0.381196857219189,0.312126683343845,0.488090631295113,0.615643874316711,8.56424091418145,40.9917370327702,3.99500796287075,2.31486248953396,0.348906158729725,0.411430652899729,0.437789659107669,0.0535196924097306,30.5258349327571,3.32607671776393,4.56266793893268,1.77136006894317,0.144932005738128,0.171328128879298,0.00268705738904845,0.0178780406742591,0.361647821220659,0.106158173085033,0.251348984996935,0.804753723804734,0.540933703918053,0.702749149172387,0.567595440170964,0.383086383381166,12.5207414654263,8.60586765189356,8.96735810837435,1.73275646895341,0.942321003583794,0.000952866072242579,0.0151312320749913,0.0315299197364611,9.18344359238587,40.3568454908897,12.3539412498742,0.658452822425258,0.0964886451812356,0.311174097508086,0.305575605967716,0.0297781485198535,0.708601582627129,0.587964408970045,0.195550248752973,0.300914667656389,0.191964010666703,0.328987056476486,0.0933867622574276,0.0456908502976756,0.704770820252359,2.13772261415337,1.79396475686402,0.120001304221776,0.722426381579661,0.163119111699269,0.127363365901273,0.195426537235819,20.9490648266539,24.023151578506,3.65429159273393,2.29184292363047,0.30916292110884,0.120665840526588,0.0388844324425516,0.0269638055328539
20.070809986367,17.3855480917175,0.17039804440557,1.8345009147753,1.41664956300048,0.522103997940709,0.192321785748154,0.0741285867944377,0.322188297825617,0.217293841562991,0.00239467718493178,0.638541827339626,0.331643268421833,0.197694843933137,0.471182329962395,0.752815202214454,29.1974287069911,49.5346851378611,4.08058196302165,0.431615008481151,0.321133665774356,0.396420541617159,0.38472686342792,0.0871360467788424,43.3500570792893,4.24494923934137,2.73721781688468,2.12623707828457,0.0886179509091602,0.411178544682672,0.000655255999939949,0.0427977898372532,0.199543429190747,0.133515320089463,0.145733633818046,0.199753710791315,0.146771659852816,0.791135477403988,0.521533943911214,0.157938543941329,5.55634520199,7.26651840178406,14.0462042880782,1.62616428234631,0.98656033366213,0.00186649938035861,0.0233922207461622,0.158671247459921,26.92744565172,29.8120559754179,14.9241576812178,2.25482650438799,0.053440553252025,0.379958488582597,0.123534142175347,0.0277383564888861,0.807468252949673,0.164502983056555,0.315727366690566,0.655895236211904,0.130095451946403,0.49022456806441,0.130725818663761,0.029325398069018,0.647756116975453,0.817104296081277,1.86094134618292,0.0561365135566403,1.12046354345357,0.199781604284536,0.168574272570462,0.143307874809681,8.55717090701124,31.7294803986047,3.37987556350393,1.30039651120478,0.530962599229424,0.072826789370159,0.0301971010926574,0.0211631172500669
23.9729138415969,18.6993195185233,2.86633693922004,3.01658445205198,1.86246888021579,0.220113924713442,0.13326331495446,0.0992145330862887,0.330514075528307,0.49568884657869,0.00365619484719692,0.509045494520321,0.25065207745645,0.336393818283611,0.576568041062479,0.623779773116713,18.0217049749784,42.5848307777573,1.3395840743898,2.85255189369296,0.5117824973075,0.462885712368466,0.573814451375759,0.0502063076878769,40.8033944627545,2.85821245902129,10.9968789643879,2.4952934405822,0.142071592237242,0.202621847560537,0.00427398007899214,0.0515751139571719,0.453628864434028,0.103999461677449,0.368175127423344,0.682782999045288,0.452120004193023,0.558097024732774,0.34979929412181,0.398327351150129,10.0016522689896,4.85935031685075,17.5634773093482,0.143743521487705,0.958981973959781,0.00187865192900385,0.0194302719259609,0.114324688958902,12.8157384796368,20.6865583349111,8.11164213010903,1.68543536931869,0.0451154359017917,0.0841621059854029,0.238645564720449,0.017345567987699,0.345037261304328,0.21748054854515,0.216932244389895,0.448714151608389,0.191565502122125,0.153333098902287,0.0973029449100178,0.0396067058646696,0.547098025439293,2.87401279813976,0.300440948612132,0.122174366748235,1.05939923572578,0.129147849238748,0.102747180586536,0.202238703250741,21.3692885834276,20.1410592660584,2.5975010203157,1.56265010482216,0.201557240886915,0.198515569262059,0.0444998436380478,0.0971729928628442
18.3528132336635,22.4976067419929,2.96386888617197,4.95642392850247,0.825296518398039,0.192419494762425,0.287098339941906,0.109143863771986,0.12491327990298,0.440439809283874,0.00713539042516406,0.357440563858412,0.374173416603016,0.197737962568741,0.505314638716366,0.72792043188762,20.900210223896,37.2843217463962,4.67414450346025,2.38792757384065,0.289724827247603,0.575456826444911,0.592229508613941,0.0984976464552165,38.4824732481167,2.42494381491046,7.11320164729931,1.78511053964939,0.211029296170623,0.442742936502296,0.0100493635838755,0.056984235462324,0.442164136361765,0.20520563164491,0.315971588516475,0.517798878627776,0.109558283140079,0.973969624311042,0.480312709830704,0.237213779219285,10.7660895101001,11.7852513579017,9.04741715890119,1.26038150696356,0.547491862654503,0.00154324084754538,0.00856007207356875,0.0561656987954317,12.9359795845474,22.3548137837898,7.8749338854416,2.02554518763569,0.0786219017636664,0.312248166900671,0.335144723017213,0.00175662752371782,0.624156028859933,0.230601159832879,0.38559312419659,0.540078942056189,0.228272347153785,0.227382997408901,0.0984208536135616,0.0384336118808626,0.570770376940474,1.01419517553969,0.946352150210875,0.0704787355505123,1.05705271876436,0.15830507612567,0.152786475881886,0.12069275957079,14.0792643782455,22.3878621557608,5.01250469434116,2.66982863878026,0.259772899329374,0.165736786490531,0.0281818390224342,0.0512252740011788
6.85605134483196,7.20435803678564,1.00384074580957,2.51930267901684,2.0685099835483,0.23351213648372,0.257752300957326,0.193089252755043,0.122429643429124,0.217516091524971,0.0040122158196995,0.340680603765388,0.103438656015383,0.436169479288065,0.449384574223293,0.575199265767388,17.9495556479287,47.8602981678362,4.04803418956056,3.26438296910421,0.065759177610517,0.367792904386939,0.277477713307523,0.0743965099663582,37.0620549431946,2.95338864027333,5.44190040602686,1.83444535984301,0.0953211415981344,0.35401313144203,0.0104395168878482,0.0855307564007231,0.404516844802069,0.163442150682395,0.1740267813111,0.77290436272014,0.523968282270702,0.316349808068925,0.585391320990503,0.529991230320155,20.3182861123561,5.84032274689191,13.4643147486548,0.703422849039495,1.74121399296113,0.000250839875562583,0.0189154462920133,0.126217031087267,11.2989931614018,47.1259979751452,5.57802089739119,2.09202183523754,0.100972347704729,0.499627223675673,0.384398542603593,0.00447251894846867,0.710569522145029,0.0488693497635968,0.41091750957802,0.367464551405446,0.241969816727242,0.359695807743742,0.0943039362089192,0.0230357579511129,0.629443777684051,2.81106176923908,1.28198073146071,0.142341449072289,1.12925473087824,0.182207625872318,0.156132975063738,0.183012658873501,1.79024072107488,12.5450590636664,1.79851215624513,2.69139980552449,0.267222974314581,0.170902529182326,0.0385169704830654,0.176342362614321
23.2185264877364,20.6025018218613,2.43441013617458,2.48695411295433,1.8835992850488,0.432050106683722,0.077670046924955,0.034516726802942,0.318530228601877,0.386570737021968,0.00331208088810673,0.236360309422484,0.474044599176204,0.380053984751069,0.765669163386949,0.558507244142873,23.5703321893929,16.7568027550556,3.80969478160107,1.33108023387474,0.301618899543932,0.513131209127603,0.121032414471852,0.0437677474117496,21.9025048353199,1.81932706225148,7.07010731245319,0.374985288051225,0.170654643611032,0.246305617016395,0.00980927065403289,0.0507252265783783,0.269409494256091,0.128260583189193,0.27235248673619,0.762034109722562,0.349435297295397,0.728418394532826,0.341038614008021,0.390153456641127,13.6982261560006,6.18799156415557,12.6210722962023,2.04306139422007,0.717265229820851,0.00185919456724429,0.0110090967164684,0.0570950923994859,8.39158378940372,27.8303969305448,4.41778293546924,2.77063460758203,0.0671048132313213,0.271836733651485,0.308551512754344,0.0115757583149858,0.76228454027088,0.0972741880405688,0.806776971651448,0.421277892775324,0.223632397116833,0.26019291283004,0.0926671871422367,0.020106292116581,0.303170872938134,0.742800629601158,1.7613300550041,0.153564942688136,0.544212167270045,0.117842135841204,0.15132610588979,0.0113107910238334,21.615156211351,21.3136370982758,6.26613224218466,3.22451227470276,0.223327585743559,0.0634091427247912,0.0303135305996239,0.106604260968968
7.808516579128,7.75679899094767,1.87713925391021,4.29055078312924,1.59038089950131,0.55958674238534,0.130454632091949,0.0137230108790934,0.332618573754324,0.738979316107313,0.00414369536619556,0.576050625615045,0.460535238806149,0.176492979113143,0.797284818771689,0.697738787421808,7.52811562671366,57.297343843362,0.16236574075014,2.63128970773774,0.238402645491747,0.327208040409516,0.532671462225997,0.107351606010438,22.7055903690189,1.89931214618367,6.67847480207701,0.549338428725172,0.114171831338447,0.563891542418157,0.0157449290555777,0.0758531721999804,0.573536340313342,0.0944621174663773,0.114097129020333,0.450973809787453,0.357913918073741,0.631399986482274,0.472419603002769,0.284723089946672,32.1366978086848,10.4136498650524,10.3113773520916,1.01362820821882,1.34926493212449,0.00209035128319469,0.0221165289532915,0.0202172252137605,15.4076933199933,21.5578669676031,12.1769813797877,1.53560151422987,0.114439532187275,0.368116124943085,0.578712920932652,0.014089868370285,1.06511254298068,0.518125969637055,0.864707587918474,0.121969047864096,0.187730939778862,0.471187980717789,0.069825942930085,0.0602545216837708,0.222703351428952,0.957518178936687,0.914309186388705,0.108815297245802,0.696946782698126,0.201484473718559,0.104375771160088,0.203313909677658,26.8398351422922,22.6253006352442,2.7235905098262,1.32241344928509,0.13967524699876,0.0951644693395256,0.0488111410593361,0.0663879249831603
12.9923939041764,16.9836791588401,2.32889942038575,2.91034344876065,1.04669165642528,0.235580933091177,0.467974119838539,0.160054736193005,0.0963947585167803,0.203182639438318,0.0064494823795468,0.577112819541692,0.260993073902853,0.645176840179886,0.675319237452772,0.56290177794355,14.508693767463,43.2195706768467,6.35717960206251,1.32671464984075,0.327410424935628,0.616388707711024,0.371994670801116,0.0758837628077429,34.5608931592958,2.24721045078933,3.60493873926397,1.81699379846972,0.071426886670212,0.411985324299121,0.00606431322870637,0.0719855727828872,0.77516637497752,0.189396656069584,0.21198634489356,0.0380041632176136,0.462941311186573,0.388440624767908,0.418682432024943,0.383539849341934,13.1640075051416,7.52216586784009,9.52164041029729,1.36906822424417,1.1954163055331,0.000346225273832641,0.0202369566616813,0.0752915605177532,9.54900940625121,38.4995885817769,6.39338809662915,1.57831937511795,0.0646535348362277,0.693541050903563,0.268059114709712,0.0269262863069062,0.747863662600644,0.258048650022492,0.263479919682904,0.298828165657602,0.302474275755191,0.327021139705113,0.117943638953334,0.0669506417864518,0.754632170847155,2.22679953191219,2.28480882632956,0.114166583613621,1.06790875960697,0.165067708757204,0.114018100628342,0.10462292190072,16.5238260895322,24.3159531259136,6.23304694048842,2.86693275181154,0.390155842611676,0.16920887946479,0.0444453571130935,0.129140676084325
15.5964137210823,9.23908041886471,2.22714347468022,3.76260760178297,1.85255668682667,0.331267665720218,0.300592866384407,0.11438003252604,0.345439639057127,0.27012200505786,0.00466996565817326,0.295787393087317,0.400841773135301,0.31279553772626,0.494029489866998,0.858035444901412,19.6806649883125,48.1758939713754,1.85696320944404,1.44500591894569,0.178876733284042,0.280942799062222,0.452996115022253,0.0288335103705847,30.2572451227412,1.2001675821414,2.96485218318724,0.762330781058173,0.221920386353322,0.165600460245472,0.00728459896077295,0.0612735280062475,0.592892441845379,0.152714019886997,0.164392263133715,0.717054200235527,0.377750902915683,0.612500804089888,0.519409896912437,0.18780218783747,17.5367165063151,4.93320468654364,14.1618797744581,1.79770498129304,1.05023044294925,0.00139274140385458,0.021747806153061,0.130177454535691,11.142751479928,34.858180902479,13.5688608541712,1.09198974740024,0.0320002332074701,0.550204455925031,0.296559934120442,0.035278937215671,0.680919837966082,0.501118865515959,0.192083513541695,0.252667466499018,0.237382467853919,0.329195272864619,0.0812799052862061,0.0541560728968401,0.336848079468317,1.20230584066407,2.24640317261397,0.0973987629987202,0.670097529779404,0.160739418328057,0.0837340377004844,0.0315739218521045,19.9465780868165,12.4153828256038,5.51292596107658,1.65780303366488,0.21279564369955,0.153031683465092,0.0403985214018432,0.154625109755714
7.59680942076334,22.7105643611862,2.58629361946307,6.06344188480495,1.5628974464508,0.555292828280703,0.296101261789176,0.151985246423756,0.121957681471409,0.708846452141574,0.0062968277209304,0.166412426112519,0.196232765303956,0.139827991855125,1.04830367202718,0.662772941075778,31.2725293159337,54.3742038623612,5.41962264548745,4.37694674188401,0.0904783866746043,0.416327693292536,0.301778781853754,0.0766968035188677,44.3888171747951,1.88166403155811,3.52587546524267,0.496757087829124,0.0917831571488574,0.278650818004683,0.0185783317797885,0.085913791564046,0.601330089790678,0.0793490037868355,0.208424439231403,0.676341114738431,0.270707642546409,0.728285582895714,0.131175988482834,0.253108296083745,2.69113064707795,1.44475391553949,3.96533792694263,1.30207134450993,0.996612742457235,0.00135547027916089,0.024097272013491,0.117455171304364,14.892803971233,50.4151903343986,3.2260281402133,0.950568567786159,0.0701844311463288,0.514270187567379,0.189479540804314,0.00705132796947628,1.01129990966547,0.375688592935143,0.654436398608182,0.47840307024482,0.270915531838758,0.48720193844167,0.0663577343585207,0.0754731372268817,0.462915501683051,1.60836219778279,2.08888398511304,0.161165541013868,1.24426405313554,0.201808313762069,0.125095385764727,0.131086558631629,13.9192558573543,19.1379523525815,4.94263396736785,3.67466702883719,0.3952898256924,0.0533320013518919,0.0202836830487358,0.0990207779103064
7.87627251843452,13.0566564628613,2.16104336906803,5.09561427005009,1.55741226239734,0.309782807108546,0.269836314102532,0.0842668220575215,0.364215720260429,0.655748340014512,0.00357270944595774,0.51975541604603,0.430827049286409,0.175723357836473,0.598742229029439,0.703090374426366,9.99101215612004,60.1596314535128,5.50295467974629,4.80152755979207,0.136613653943687,0.343809672796907,0.284135755688995,0.118756510463922,21.4631336810552,2.51407217527708,3.63714353804394,1.94710748319004,0.190458486642159,0.630928578991794,0.00468174192462796,0.0165855848420501,0.637908419229167,0.137423501936573,0.112568059227328,0.416542069237623,0.301580759770711,0.842071268912299,0.493642612858367,0.310738410422538,21.3834216711094,7.7125479821005,7.54188534566003,0.37211043818759,0.664124302588504,0.00171393611932873,0.0214219550484869,0.03531761170263,14.4847103004692,34.5343218626228,12.6014759800829,1.70740280577272,0.0534467918285114,0.393959818734838,0.0465197671614357,0.0321695296472381,0.115431712936787,0.426620021702478,0.513185636068627,0.286312802011805,0.169791249835008,0.314603775415421,0.0641383144340137,0.0336990421350077,0.371121492743452,0.538841521277132,1.41539010357031,0.169264275992833,0.879039970729553,0.114098959551043,0.122912780235512,0.114996225124783,6.66089154425826,13.7769552524884,5.77921000282517,2.40349455637099,0.173416404761963,0.0621876137656662,0.0464493287357796,0.0288161950286124
11.1603695544385,14.0498996475945,3.15580516177649,2.39980716127226,1.40358690936061,0.185937184824601,0.118490497029588,0.105706743863834,0.220045147736983,0.203331258418193,0.00350976443065388,0.317363400631732,0.418427416012133,0.320246631295952,0.483345492742861,0.606870057063694,15.704060583667,57.1124692227051,2.79762047632122,2.3498682194032,0.179983916348362,0.389873553793964,0.321184272542813,0.0298895010824695,39.9754059154797,2.40855775499033,7.65496520652815,2.41698779696449,0.011408972898092,0.368434445076609,0.0129611289685889,0.0390076473578965,0.362125449501768,0.123299558756984,0.281861534877678,0.733377446458499,0.217960846422469,0.552885746069485,0.504429064373764,0.389612038726099,18.2948670847052,8.38223364105638,10.2488884539226,1.82892234512551,1.11258115110697,0.0016819223926641,0.015048926439671,0.0787604189345383,7.7719209807313,44.1878243465239,10.6950016847363,0.861181850657479,0.0751725302438903,0.448451234048054,0.425898037968114,0.0189833628974029,0.939247312101941,0.319755404641006,0.512689207853309,0.137667590844812,0.192149017525975,0.301334686936665,0.0659286252864491,0.0327307969958131,0.600981735257461,1.09157048843708,1.7702570279328,0.0924836912517832,1.15348360085921,0.0615985321929191,0.0582850899278158,0.102520721431906,24.411955426023,18.400390327985,4.66836942993837,0.461752625160139,0.127880163059687,0.170823857308367,0.0227880053951372,0.0480566400595426
15.0665115190194,22.4790094282256,2.73746322905142,3.67353823312284,1.21821572014312,0.130387140348847,0.388687892425771,0.0501524449124283,0.321401527608399,0.672500651968612,0.0072029516693452,0.406777549667648,0.130788037074695,0.440733626954625,0.554071536100679,0.661699946190401,21.846745399388,20.9140353584906,5.23875630900101,2.26349647646977,0.188967834835477,0.461730429743944,0.302552482226446,0.0352445337940089,60.7013802403682,3.82827190235068,6.36901585722999,1.00369462486799,0.202986044615264,0.45198430508737,0.0104082666480405,0.0928252884243103,0.445589879154354,0.111667524432051,0.38446321965511,0.654223220974928,0.228429531500784,0.559060406837252,0.370458017853509,0.358153367380611,12.3554366444736,12.6643539180987,10.2106484160619,1.77062062961058,0.906834154763244,0.00109580110630514,0.0245050657716301,0.136921384350914,12.2337707246187,34.0101034864882,6.76285139131663,1.35424417248789,0.0996786987145484,0.456919414249935,0.316639942790637,0.0196141932165742,0.484634593133475,0.306060904136309,0.577335749370571,0.327151713283516,0.366362314955772,0.273999291109181,0.0861767225466463,0.0436858967103992,0.466125047169326,0.616300950274461,1.66486129207962,0.067004686081098,1.42746433715273,0.109236800143634,0.103712832020866,0.154207520341362,12.3399979393486,32.5652038156642,0.898607035584316,1.79713510781828,0.319013378262512,0.067999159363185,0.0277927659386555,0.0815166842468987
21.5873903443589,18.8995603416065,3.45826664602092,3.81910670465321,0.476946887101539,0.428486281112941,0.38584377449674,0.0412984775742011,0.314917003920025,0.559647833681712,0.00165368037225429,0.286068776183323,0.381196857219189,0.312126683343845,0.488090631295113,0.615643874316711,8.56424091418145,40.9917370327702,3.99500796287075,2.31486248953396,0.348906158729725,0.411430652899729,0.437789659107669,0.0535196924097306,30.5258349327571,3.32607671776393,4.56266793893268,1.77136006894317,0.144932005738128,0.171328128879298,0.00268705738904845,0.0178780406742591,0.361647821220659,0.106158173085033,0.251348984996935,0.804753723804734,0.540933703918053,0.702749149172387,0.567595440170964,0.383086383381166,12.5207414654263,8.60586765189356,8.96735810837435,1.73275646895341,0.942321003583794,0.000952866072242579,0.0151312320749913,0.0315299197364611,9.18344359238587,40.3568454908897,12.3539412498742,0.658452822425258,0.0964886451812356,0.311174097508086,0.305575605967716,0.0297781485198535,0.708601582627129,0.587964408970045,0.195550248752973,0.300914667656389,0.191964010666703,0.328987056476486,0.0933867622574276,0.0456908502976756,0.704770820252359,2.13772261415337,1.79396475686402,0.120001304221776,0.722426381579661,0.163119111699269,0.127363365901273,0.195426537235819,20.9490648266539,24.023151578506,3.65429159273393,2.29184292363047,0.30916292110884,0.120665840526588,0.0388844324425516,0.0269638055328539
1.37828026502859,31.9542250812144,2.73580211515005,3.17907864383041,3.08061569423875,0.409203131746857,0.290298044937946,0.129702957944045,0.0826021438024621,0.296608631424025,0.00618068593126096,0.376528593933593,0.217667252250821,0.422342501256614,0.853066315147655,0.45358542898666,14.2646574806575,15.6778805005751,4.36431328981481,4.91325957097546,0.0511745878289128,0.278450680997504,0.824040214717568,0.015927574196429,23.8527969455558,2.13827692945801,3.89664892688643,0.523689802600683,0.237960217137145,0.649718200474484,0.0136943861720701,0.0514704992004952,0.277127905998955,0.120741654501928,0.177254154297073,0.751054969613884,0.322590532370653,0.465299468095885,0.13923356196789,0.521690431267218,15.1522091447448,7.39564341746608,14.0575431411069,1.34551739128756,0.660258972762543,0.00105211177830065,0.0133922485513803,0.0457702861127985,26.60562383504,21.4064733417964,11.5591873489325,1.37190068278748,0.0279987000010721,0.457561929116442,0.406317911742887,0.0154866206290816,0.826195704258143,0.314094409418949,0.803406997475556,0.213400618067869,0.295682998896031,0.394333986035578,0.065649642260979,0.0288478373985967,0.837829600563868,2.20580451936676,0.519365585332998,0.118722299262093,1.1444809089695,0.210104242400766,0.0929654311584727,0.17574476909894,19.3318245484921,12.4671824017142,2.74917761695812,1.59434414074391,0.156485723744511,0.143108091056177,0.0386146262813575,0.103232709271369
11.0838987011934,17.66000139133,2.65139458090944,4.52782523996828,1.10481578611751,0.401862124915399,0.311885462576588,0.143315391505269,0.313687287137324,0.655072194844492,0.00586340025568662,0.169766208349464,0.314867366760881,0.50205492106888,0.433701011254289,0.788348416436537,30.7510027721257,21.6419132808116,3.66837290040499,0.715102679624543,0.171191132258425,0.235624781329919,0.348976768710959,0.0661139949342663,37.7058768848911,3.89278332898472,4.23974483480667,1.70369081535136,0.165079203554064,0.551579250362003,0.0145998859069582,0.0789010310483723,0.325873487102917,0.139793725509666,0.279067640233893,1.15578944039763,0.357880976089735,0.224750869210156,0.462100502544368,0.150742906863579,13.7071349750194,4.84320388581525,9.2000114635126,1.98779971678834,1.41406017249527,0.00123618518676394,0.0228030552801652,0.0965113831873659,5.53820480553308,21.4513251525508,4.88307272793653,2.1143324289821,0.0625606544357414,0.256913041979597,0.248374487832106,0.0170784049832471,0.781340631563216,0.25810546885481,0.545185623119114,0.0368079441021246,0.0782696316543162,0.582567654580487,0.0983120671887368,0.0436974611417,0.656822866639736,1.21748982820129,1.11463438338434,0.124117148552428,0.560299530477131,0.148134774096462,0.180823144647135,0.189064732036171,18.9726827604479,26.8770306822586,5.56543168494767,1.93181506229786,0.34556910955308,0.15513939892867,0.0354375148611793,0.0705401621387215
16.6609881816797,23.2679969742284,3.4976025390014,3.24174063647449,1.25682746709824,0.452062834079507,0.474354473057106,0.098580640541847,0.369924259771134,0.159243723740195,0.00434753564388261,0.484102042876585,0.168065862703234,0.2816164438572,0.837422836123936,0.719950862772884,4.85991446194076,31.4713583797588,3.03105531414797,1.94261580448745,0.259374567488088,0.467866884013589,0.0475745083341601,0.0701390946654831,26.1043502964101,2.96392616459475,4.34688408583221,0.42603799999628,0.163469227311362,0.389713261169721,0.0130034146526448,0.064129609387016,0.369561246920573,0.122298341532676,0.100875568690499,0.254623027138126,0.55143956617075,0.623732666544434,0.0930568610111642,0.326811954104802,22.4171732904762,11.2993059016342,11.1937885341752,0.709495853634428,0.290699196502846,4.45702353743251e-05,0.0284095318511212,0.0690879835717562,16.8282926846004,35.2743883346242,6.21145082029933,1.71228475238422,0.0788230181185528,0.394641048730539,0.346542445086089,0.0292289442278156,0.945087632067175,0.248164321863376,0.109574418677093,0.544831388894727,0.244373682012706,0.421573493688458,0.136646041559862,0.016656365381039,0.466589245589181,1.88174240443669,2.47130415953303,0.135828108502117,0.83113223858738,0.0491284518689184,0.102966967535038,0.0980388526564808,18.3910773479464,21.5111409358749,5.96525249415486,4.01798246828269,0.32502190636497,0.111473632053907,0.0291088624995568,0.129350811745358
19.3339998801335,14.2476108035865,2.90424977993642,3.24628833820034,0.867742733679296,0.44953092475444,0.448996654369543,0.102583867380219,0.266073634844095,0.418820228451066,0.00228050071530741,0.351260994332651,0.37751330091465,0.657809653962599,0.340762224929129,0.657213594314753,23.2761404316211,31.9797806950434,3.32364809442976,3.99559864394251,0.173942552522449,0.441343672415792,0.409758991206757,0.0688735732762354,56.6606295070029,4.14924687492695,6.36028215895252,1.11882107805924,0.108684063499346,0.45176693444368,0.0148562308144908,0.00364897871713161,0.202870124480654,0.106512902581134,0.187987824150144,0.738424508498574,0.4732110047326,0.253302789303473,0.400551475196277,0.399169545868613,9.95491775448202,5.42169142225094,15.2225664298549,0.689357627233545,0.986235205946591,0.00157163418722656,0.0162620063201805,0.0402742366785481,14.0680379551878,20.3886887848563,10.8682295549614,2.22393862690172,0.111460997652833,0.397011777555939,0.0964745895137577,0.0125889484204724,0.759588449459285,0.113669409617395,0.478018656222627,0.11190683140106,0.0774068068463045,0.372646850985406,0.0805554202339809,0.0683620392377096,0.706181503536654,1.1975904047716,1.27574903823552,0.109531900129083,0.826379212779151,0.122277481959884,0.168700475375127,0.112121483899237,22.1296334247917,11.8667008752601,6.46582646562147,2.11679356313514,0.43234435585998,0.125536581644531,0.0517202299921085,0.0218160580211038
19.130839226015,21.270980722046,1.90831904155825,4.11772917147707,1.2509706267284,0.480540869476433,0.340527535351284,0.174977473497398,0.197919626090941,0.768858278946551,0.00122593411391804,0.334143629570874,0.0688360183966865,0.513341416955001,0.77198973132792,0.676728948307242,20.2182935538658,43.0891605886985,5.35078844576673,1.83908872260356,0.46835384532365,0.445234765933296,0.152214402750282,0.072772358318117,40.4989982198305,4.31975509097353,2.04342844580477,0.685675624391409,0.251584580739152,0.645569644448502,0.0172069463403672,0.0909544041810597,0.296822753264309,0.0525130355179495,0.22385844300254,0.51110455382186,0.792572527521844,0.452055248446068,0.208392036718074,0.296223578627314,13.4666456528347,10.1204246207948,11.1364790075758,1.46477283317421,0.798552169116513,0.00124526211507699,0.0193468773654688,0.104337936195559,13.1886990662792,26.4224662223772,9.83565528450782,1.2378966779032,0.0887313554817013,0.287093765581176,0.260819483113558,0.0251357241890564,0.571430074363632,0.328938178075289,0.626414498815691,0.44343385137124,0.152693478545697,0.105844970508446,0.0725875241580324,0.0434950333573402,0.569150157061915,1.01782177732783,1.21757919531146,0.17875353914096,0.599571129205329,0.248942544520134,0.138488022220961,0.23047939188373,19.9205040036029,24.9428356322091,4.60685291406606,2.19926011139838,0.237334238728593,0.161837298778312,0.0385206107162149,0.116065404827765
9.57650132008894,15.9450087857761,2.22303252280829,3.56158947731368,1.27470559952623,0.213461323748212,0.454016038226549,0.0954098729316464,0.195712978429451,0.450091261055668,0.00159871005637986,0.273283790035585,0.27766327437119,0.376609271837766,0.681184930516542,0.709959270482258,14.0785014878102,49.3033891635875,2.9922345238456,2.6778263967437,0.108736279317854,0.168405643332502,0.33503785110862,0.0472707408532895,32.4826199156741,1.09292416616229,3.01519054794313,1.21585576451059,0.0275103127573957,0.156391550316258,0.0075349122373659,0.0467094461507138,0.0903576875712161,0.13783770084196,0.34818964327266,0.775126471961594,0.51659194254829,0.463505465662373,0.171937932084058,0.326249541675709,16.7534968696334,4.96192308437544,7.38715329216625,1.69712518437147,1.59299860114877,0.00111224535302089,0.0262229999339586,0.0810703604170056,11.6269692245264,35.9966281007685,10.3699189621935,2.90801705065614,0.0844935082817682,0.383418450764892,0.308054845670024,0.000996453822943097,0.719911379375164,0.316124587898274,0.28946681758733,0.460439163221811,0.120842448683767,0.358742378276186,0.113936853953416,0.0398500241922204,0.820881745525658,2.28019403318098,1.63682476305196,0.174156266568446,0.717472959381555,0.157531879553005,0.196321208817112,0.0299946323262317,12.2824003480216,10.2732233426641,2.56526010635507,3.10279745268926,0.18017729762743,0.129931642160803,0.0923169846124494,0.147669079893406
11.2418996423132,19.1928535371645,3.02945363866745,1.75392787515379,1.37725876816033,0.4162080160519,0.271873278004055,0.0968084410360006,0.301377831404741,0.695595661835164,0.00460919618052621,0.394802267894372,0.49094092798015,0.256634341867814,0.6932019119793,0.690866899752812,20.3130423424299,39.9486983160384,1.93967273347406,2.88424567739498,0.408693808044143,0.243778477766203,0.592116200535621,0.10328261658994,33.8579963146105,1.95686550533378,5.89424871081475,1.25931608609161,0.0826066700995439,0.271664241127464,0.0144451146523316,0.0608120575550223,0.406651029719981,0.141669440583046,0.314313450015172,0.837341986225292,0.430165616352142,0.614225851275058,0.248381751319786,0.260031424379235,20.9590815300101,8.6468264034477,11.0728508876716,1.47116089286644,1.47643588215904,0.00249910746732769,0.022472617831918,0.0574213734776535,19.4961791302909,27.5396286515426,6.04534764843664,2.24416972443743,0.0797423174374312,0.422604761189992,0.144143926998738,0.0288274771155893,0.568427250202369,0.472253864133397,0.209337751071222,0.226193974418671,0.0625617406404273,0.331318225922346,0.0543114609691712,0.051908932552188,0.00115008879795064,1.90503959453074,1.32882937483014,0.138726002385488,0.444734211391728,0.258996361028902,0.0526673770375654,0.144373576645184,9.48898070297567,15.1786996300516,4.43140197595611,2.52132396058718,0.382499922167942,0.153569150185415,0.0441984239090556,0.118970635283885
16.9586094786563,16.6958258900261,2.04399999591612,4.46705880983272,0.739581015241515,0.348982758228552,0.271229505048913,0.135780056969721,0.200107415639601,0.685323025045079,0.00527577939511398,0.588615079449922,0.293527023983534,0.403977644665741,0.582948357896334,0.71119529122371,30.0244464670425,25.8664845360794,2.33898647943991,3.80060019225732,0.393079566369014,0.246545862653619,0.452808069384369,0.0539412203521619,38.4713966464098,3.9758551611148,6.83760101961549,1.52872489117777,0.116295143207707,0.599803467953689,0.00403950013995398,0.0563299553863437,0.483619214854096,0.110720433055294,0.328697966934175,0.471729977654308,0.496634179612352,0.556568257945036,0.268833187356027,0.222011492201165,0.105863994514362,6.321485028533,13.3786347524618,1.31217383123093,0.736865871762518,0.000615747975725973,0.0109039869517081,0.0760873926888961,7.88675293951665,38.5376021901008,11.8801458840985,1.1292803908902,0.0485581847485315,0.442031663920444,0.254495391385907,0.0203599760015985,0.694328603650747,0.228549365265572,0.500114131547954,0.239470794613974,0.281761126385059,0.189664788793896,0.177944085770921,0.0702299707324447,0.590860894754658,1.17409606079328,1.09575829457,0.108426619892703,0.453020810318706,0.277815786126805,0.207435139967741,0.0820083961751595,8.98556652410588,27.7044383604969,2.50519398602771,2.07065315720078,0.22898436006361,0.0787162980463839,0.0203569227001216,0.100616815368286
6.85605134483196,7.20435803678564,1.00384074580957,2.51930267901684,2.0685099835483,0.23351213648372,0.257752300957326,0.193089252755043,0.122429643429124,0.217516091524971,0.0040122158196995,0.340680603765388,0.103438656015383,0.436169479288065,0.449384574223293,0.575199265767388,17.9495556479287,47.8602981678362,4.04803418956056,3.26438296910421,0.065759177610517,0.367792904386939,0.277477713307523,0.0743965099663582,37.0620549431946,2.95338864027333,5.44190040602686,1.83444535984301,0.0953211415981344,0.35401313144203,0.0104395168878482,0.0855307564007231,0.404516844802069,0.163442150682395,0.1740267813111,0.77290436272014,0.523968282270702,0.316349808068925,0.585391320990503,0.529991230320155,20.3182861123561,5.84032274689191,13.4643147486548,0.703422849039495,1.74121399296113,0.000250839875562583,0.0189154462920133,0.126217031087267,11.2989931614018,47.1259979751452,5.57802089739119,2.09202183523754,0.100972347704729,0.499627223675673,0.384398542603593,0.00447251894846867,0.710569522145029,0.0488693497635968,0.41091750957802,0.367464551405446,0.241969816727242,0.359695807743742,0.0943039362089192,0.0230357579511129,0.629443777684051,2.81106176923908,1.28198073146071,0.142341449072289,1.12925473087824,0.182207625872318,0.156132975063738,0.183012658873501,1.79024072107488,12.5450590636664,1.79851215624513,2.69139980552449,0.267222974314581,0.170902529182326,0.0385169704830654,0.176342362614321
15.4788263747993,25.1518667775821,2.88546098814298,2.4873800761123,1.67770867422826,0.443570153612167,0.197264581723869,0.105859160159222,0.313491414327953,0.432892455904506,0.00578801722401714,0.6573593407725,0.322569344843851,0.335659650949514,0.583528642531437,0.755178826623469,17.962300757372,45.2336657411978,3.89791135871456,1.35333434622531,0.410112403090618,0.538024352620838,0.358241688238468,0.0664472737295695,23.2449394640352,1.36668702637875,8.32955353959762,1.28840669902211,0.164477869313106,0.465898497629063,0.00704110836921087,0.0433383460460969,0.992703105880196,0.110589510958418,0.254807109176547,0.303377963622336,0.325420676776655,0.561103672166038,0.337114140610242,0.161034605788652,17.1789856421766,5.15107008068053,14.2904546534173,1.12752655250874,0.866377599588144,0.000983263745480783,0.00661890831488797,0.0898682745138595,21.3305370286565,39.5746106258195,9.40184349191523,2.11405387078861,0.0686086694499109,0.370356169429837,0.26269784541319,0.0100620398504456,0.549266450080567,0.260559874694841,0.380435433062238,0.314256336686158,0.138780964053419,0.217100297451435,0.103197732573428,0.0383324752431087,0.251559287518834,2.56841634907948,1.88744469262417,0.11950378636728,0.826820941931391,0.238551173542187,0.179615419151689,0.138377761275001,11.0073899133921,6.66807982051888,3.68057591325262,1.11116455125965,0.446540359444863,0.028729980934823,0.0349197548116065,0.045753587102065
16.6377093985211,15.2505184544981,2.66403809604285,3.64845649909724,1.26766879805683,0.213397761380824,0.42411946056377,0.0852076635882633,0.279947769092258,0.315776602102883,0.00678627046026953,0.210369578975222,0.159424776184011,0.0813885470429331,0.657872950329716,0.755453844008542,24.5200958820745,53.7165036642135,3.15140856014428,2.78224133627811,0.303011205294182,0.246856914728249,0.507743384517217,0.102301446607802,36.9821141397091,0.803191495863979,5.79606510024192,1.52912073600611,0.202319758442487,0.406145964555631,0.00811252460769657,0.0790476716971643,0.10211049613753,0.0701114201418159,0.167046784652013,0.935621607765954,0.630714869568996,0.825687758761161,0.234553954806084,0.273607904060591,4.75133097119843,6.88452225410905,10.1764925987729,1.36713963953687,0.587030954850146,0.00105933875124848,0.00813159321314137,0.117810252805012,6.68656506395056,35.0321922690031,11.0009141207462,1.15653896200574,0.0935412965319675,0.187938922236555,0.265093704147226,0.0221944593276995,0.948895157012054,0.484637337030994,0.338165721107051,0.255930631234936,0.203481459033437,0.424595692954316,0.115236427195939,0.0316586367507074,1.06000156276611,0.985582108032227,1.83193834697724,0.0864315284870026,0.853195905365944,0.263647831043201,0.0920263196677941,0.162276932926026,10.7940452678056,29.8605533983844,4.46384882993387,4.0129925257582,0.165208442997322,0.135211973518156,0.0208614282286701,0.0963715152737795
8.65706679740459,27.1280802925083,2.79314710381632,2.2437698535312,1.16907119068127,0.439418250475467,0.307877106016534,0.100548050279665,0.225887066287662,0.624018488080689,0.00311222289601174,0.517577705852019,0.31824078852911,0.240537021510407,0.715223129944347,0.671616261756808,27.7447245961739,35.0982289888861,2.86061310320536,2.2484564117542,0.281013563543455,0.347287457877788,0.625198720816954,0.124801608603696,13.5832657885125,2.28319606539671,5.60920156253475,1.82657143196925,0.172705066326506,0.213361902779128,0.0099925863035647,0.0649590421485492,0.381540948374169,0.245920063208829,0.236024377168588,0.564107606304238,0.507224709316681,0.611182687253506,0.347314326107421,0.333686274508366,17.7047372784671,3.54665651832027,11.0202455708225,1.18799269284283,0.71668899445517,0.00187660463594108,0.0194337258090009,0.112269200065561,22.9584385718999,26.130665390716,13.5820155742095,1.53658460122109,0.0825958388458704,0.303157104647145,0.29987515715992,0.0320859226317035,0.444354327471031,0.17808244124034,0.407857767802251,0.242108181887577,0.116086516550847,0.457694833435496,0.112526151431634,0.0345346944746291,0.4113735159472,0.568863006365003,2.06471292350804,0.0903927596265944,0.49091022968045,0.00841783944595739,0.0462165265647306,0.229480909063936,14.0134714727946,32.333795888917,4.92409791634842,1.59227721014034,0.236418159087902,0.0989632138220141,0.0469573431633062,0.0872909619157435
14.2684561722148,21.1535489056193,4.3834590769759,3.37269226926494,1.32835449100283,0.353559984669314,0.0148121380034243,0.0948527864513463,0.344331691580976,0.412321664448186,0.00511532699989889,0.369458261525739,0.267839346170564,0.460160207503414,0.535773446413443,0.722008893051529,26.2717892219026,35.3857526920936,4.43868406694008,1.9428192152036,0.40311641517284,0.322778833933278,0.332794448432158,0.0608252765556486,16.0623149243589,2.07413909530907,3.89721882748287,1.73015381423974,0.0712564569427507,0.36797961772594,0.00996056926551815,0.0581875120083836,0.614747370069766,0.0984498850026673,0.419774790503239,0.783400964989762,0.528713010807243,0.583751888225484,0.488467977324474,0.250496599204143,16.1981088154465,7.04988712000953,11.5019085468373,0.76604280179634,0.644481011058246,0.00278152510017413,0.0192087799324849,0.0232936981081397,15.8221153847058,39.6133235469813,7.0625508360402,2.32078652215999,0.0468967219922939,0.726754968889596,0.256787862156673,0.00473214329428501,0.607630639255297,0.390138534184596,0.638556293703807,0.199297715260004,0.194048474882999,0.352937383283085,0.104614697127757,0.0448047637489664,0.391821641103488,0.813071514426085,1.47206413077257,0.077771024985346,1.0130768960875,0.0731133782016099,0.110720315332743,0.162464619233485,13.7852773746189,15.396362612516,6.59367590279633,1.23977570471748,0.36154775845758,0.144643216714233,0.0777226991436764,0.11720049417761
16.6377093985211,15.2505184544981,2.66403809604285,3.64845649909724,1.26766879805683,0.213397761380824,0.42411946056377,0.0852076635882633,0.279947769092258,0.315776602102883,0.00678627046026953,0.210369578975222,0.159424776184011,0.0813885470429331,0.657872950329716,0.755453844008542,24.5200958820745,53.7165036642135,3.15140856014428,2.78224133627811,0.303011205294182,0.246856914728249,0.507743384517217,0.102301446607802,36.9821141397091,0.803191495863979,5.79606510024192,1.52912073600611,0.202319758442487,0.406145964555631,0.00811252460769657,0.0790476716971643,0.10211049613753,0.0701114201418159,0.167046784652013,0.935621607765954,0.630714869568996,0.825687758761161,0.234553954806084,0.273607904060591,4.75133097119843,6.88452225410905,10.1764925987729,1.36713963953687,0.587030954850146,0.00105933875124848,0.00813159321314137,0.117810252805012,6.68656506395056,35.0321922690031,11.0009141207462,1.15653896200574,0.0935412965319675,0.187938922236555,0.265093704147226,0.0221944593276995,0.948895157012054,0.484637337030994,0.338165721107051,0.255930631234936,0.203481459033437,0.424595692954316,0.115236427195939,0.0316586367507074,1.06000156276611,0.985582108032227,1.83193834697724,0.0864315284870026,0.853195905365944,0.263647831043201,0.0920263196677941,0.162276932926026,10.7940452678056,29.8605533983844,4.46384882993387,4.0129925257582,0.165208442997322,0.135211973518156,0.0208614282286701,0.0963715152737795
21.8691318774364,17.3459287250588,4.14379088575366,2.2354855742866,1.50497503767093,0.316192825418063,0.168199592398874,0.17965937071054,0.122562482340948,0.785769648175495,0.00371715471961275,0.387059042983732,0.446200262148103,0.415582590911828,0.771305079279574,0.778331267000704,26.8965916216445,46.1480735064588,1.45828409511257,3.31853512697519,0.34833414772069,0.172353833095359,0.531029595761014,0.0668942306480775,42.0110598715603,5.42390734147928,5.4597354130601,2.15929559760883,0.172217332095199,0.648304162736417,0.00765325575431224,0.103149078356552,0.658607050431784,0.111950114492129,0.20698528027073,0.685196127614689,0.293244986973336,0.461182486241511,0.225972014060929,0.131650332762703,11.2869118262538,8.99764011561738,14.7717606767891,1.32504403753744,0.952942644050137,0.00197875791345026,0.0213448228262397,0.0717789594995227,9.29861772302553,34.3586924584566,7.87721448644152,2.1390098491956,0.0488624943220171,0.230854769110031,0.33423131082257,0.0204018930189476,0.349791727205908,0.210021168249795,0.506882444071128,0.293825451899082,0.202900574676616,0.292144432432497,0.0625365765607037,0.0361070677794735,0.736316611072857,1.70701857011511,1.93121366304536,0.094370188195423,0.60413241000677,0.175608908963625,0.12691466211164,0.135809874857575,6.82953400251318,16.6342723355875,4.91563592776024,0.855684050391407,0.208919560097082,0.113718269637676,0.0638639278763084,0.153709264763821
17.5741190711944,3.82088171993196,0.957725229935868,3.20690253755858,2.00807956636365,0.389666959304105,0.0192193532913666,0.0988875599120516,0.232121167916445,0.296705297280813,0.00280807153611023,0.657156092644622,0.347823383720334,0.346930327259568,0.629943108090614,0.779886952824217,17.8752427634265,45.6482862542264,0.627274657258001,2.95827711601747,0.407878438051403,0.468416525850394,0.46298296333058,0.0507826169264844,38.0688269740813,1.42748042717713,5.82973854989503,2.4719773237525,0.134335342245482,0.458464406405398,0.00909889124596434,0.0819210093167678,0.364342923964,0.120476917243879,0.331777480262923,0.230914371385772,0.639395267623394,0.49636771682254,0.391877619278305,0.184298458646839,15.6594179284633,13.1660233282975,17.1120417727072,0.321643914698157,0.946852931958568,0.00127324987379289,0.00325405255700329,0.092824080264942,13.0492996714707,46.7552496685014,7.41692782692114,0.646936416684877,0.116721918212619,0.301848181341726,0.203076546193684,0.0180802388637174,0.482420640268458,0.291575785696058,0.579202790325566,0.311112232055414,0.237498786445844,0.37881458095661,0.0357851438859291,0.0126316166846966,0.414638632353807,1.46181685915323,1.21947733981685,0.136530616048229,0.15201951792279,0.212061307463374,0.14892721710229,0.0853308234780937,18.2938204859869,13.3927398255021,3.15844564963653,2.18868829710975,0.449737078674361,0.138498741427659,0.0219070076994436,0.162988478635872
17.6420315077101,21.4936129183484,2.21297488778985,2.46387560797886,1.25278727788904,0.425265450215997,0.153407170677199,0.15103637499117,0.0982728167450485,0.289193417144198,0.000166228224726405,0.299163814180844,0.322469937476437,0.485310801886003,0.721592649115374,0.805707578827342,24.4946551848048,38.6391816986805,5.52339364497733,3.14588125230803,0.261333726762437,0.677761273414865,0.313250966150186,0.0313373866803161,15.9691316825094,0.529974611795642,2.06286298100471,0.816955518606284,0.237033251123771,0.440783953942786,0.0081176607390493,0.0989248143205166,0.580026951969206,0.0523718756469626,0.0808835179476092,0.83181681187282,0.42590449672071,0.410868953104218,0.290297911254855,0.149553879090057,14.5784804215625,6.8090874467999,14.3187835957051,0.696635564121455,1.2140910470561,0.00170596322667092,0.025668403850409,0.0897106433024764,5.13745821512648,40.5649253495034,11.5318796095131,1.70207564242884,0.0452905597920967,0.31836581002271,0.414062954720977,0.028445283698771,0.507968706561696,0.295656308404594,0.532267870211745,0.159189756664017,0.227787656198104,0.232346310686585,0.0607890645813123,0.0335011354547867,0.779429369152924,1.15641243407533,1.48231741316287,0.132069305233157,0.674919391996094,0.138967426328274,0.0972949360783167,0.0347839145636781,6.86975779336052,14.2399288921379,3.27109629663082,2.54064749702597,0.151946566151065,0.139110483060924,0.0417115440210655,0.0152191257190291
21.5873903443589,18.8995603416065,3.45826664602092,3.81910670465321,0.476946887101539,0.428486281112941,0.38584377449674,0.0412984775742011,0.314917003920025,0.559647833681712,0.00165368037225429,0.286068776183323,0.381196857219189,0.312126683343845,0.488090631295113,0.615643874316711,8.56424091418145,40.9917370327702,3.99500796287075,2.31486248953396,0.348906158729725,0.411430652899729,0.437789659107669,0.0535196924097306,30.5258349327571,3.32607671776393,4.56266793893268,1.77136006894317,0.144932005738128,0.171328128879298,0.00268705738904845,0.0178780406742591,0.361647821220659,0.106158173085033,0.251348984996935,0.804753723804734,0.540933703918053,0.702749149172387,0.567595440170964,0.383086383381166,12.5207414654263,8.60586765189356,8.96735810837435,1.73275646895341,0.942321003583794,0.000952866072242579,0.0151312320749913,0.0315299197364611,9.18344359238587,40.3568454908897,12.3539412498742,0.658452822425258,0.0964886451812356,0.311174097508086,0.305575605967716,0.0297781485198535,0.708601582627129,0.587964408970045,0.195550248752973,0.300914667656389,0.191964010666703,0.328987056476486,0.0933867622574276,0.0456908502976756,0.704770820252359,2.13772261415337,1.79396475686402,0.120001304221776,0.722426381579661,0.163119111699269,0.127363365901273,0.195426537235819,20.9490648266539,24.023151578506,3.65429159273393,2.29184292363047,0.30916292110884,0.120665840526588,0.0388844324425516,0.0269638055328539
15.5132697991138,19.5875687215577,3.08374370245333,1.68061071597094,0.852273873870872,0.684876148631395,0.198120894291864,0.0693148213765827,0.164043455142376,0.450276402793832,0.00718535070867255,0.20355045010408,0.374244710642818,0.338700333409014,0.518615798901442,0.677492478201921,19.1727813710989,39.0750440677484,3.79156790809474,2.7740717583399,0.296219579415994,0.599226364495124,0.680570732087751,0.101858156166316,20.6234999024362,1.56373469211489,0.421966961891869,0.954760338533682,0.186012836178574,0.379341950529539,0.00731536126087155,0.0424879049676775,0.456433213707491,0.128805276983618,0.221938739266022,0.809173670798767,0.215370304883367,0.854741669535144,0.668231429940406,0.241689537082863,11.8679258405582,3.27976325004553,12.5241109161768,1.41200104980833,1.00388767444685,0.0026370993692721,0.0333329719089769,0.0841492731410266,14.8533758623976,40.7252357969435,8.32268711296627,2.285172764227,0.042475593665874,0.275579272451849,0.322929607422928,0.0200388354508907,0.826780627228196,0.138386872482205,0.0754121559046606,0.343779746958119,0.0582200361225695,0.087536839238117,0.0711489541604599,0.0459441613966103,0.651198633082972,1.5996065073261,2.62093521644062,0.0711850935753041,1.10985075783594,0.20077526931177,0.0214714668850605,0.163391689337718,34.7179704472781,13.7508641488944,0.637548203607155,0.736525492836687,0.0790053643767039,0.024621084538503,0.0251987932895222,0.156945927219396
9.87783977364916,19.065802664846,2.05388685985227,2.93282233624228,2.48672357335936,0.422941501088174,0.276732829017236,0.14780978533633,0.216876653984925,0.314781234842863,0.00280425781362173,0.44308288438473,0.300009286538849,0.204204407548144,0.732007851157094,0.62626461553826,24.9226502830984,41.3541605690394,3.55759153435411,2.96418459178201,0.395679717465209,0.627069865233773,0.523923880913535,0.0851288385861067,19.5785952974594,2.40427635545591,3.0153473341554,1.91148980864747,0.145848119742361,0.3707075751549,0.010095630362488,0.0257082646652186,0.578480977588181,0.0617469345701126,0.180704631083525,0.59614901253714,0.394521481136665,0.776842107552645,0.176655103425586,0.320307594570632,15.3723727528079,3.43146966763397,12.9132596554969,1.00476787075966,0.949878240161748,0.000804685533854449,0.0232727370035702,0.0214000427662274,14.9932891837375,46.7249138759582,11.134647393304,2.35442402655081,0.0901027270262181,0.385875454867715,0.473636325221566,0.0188462308232548,0.313936053516289,0.223416714395276,0.391734709875862,0.364369414079287,0.237926124431644,0.132761267166136,0.104845854426469,0.0458692498090423,0.795323889377967,1.67011401210202,1.9929998861359,0.158627445891944,0.892451163730521,0.155854804422521,0.148470397253126,0.157737180185481,20.3316791166525,14.6032565316037,3.50671936981933,1.23629643610419,0.329266963338661,0.130775764490995,0.0309422055759067,0.12400237885708
7.87627251843452,13.0566564628613,2.16104336906803,5.09561427005009,1.55741226239734,0.309782807108546,0.269836314102532,0.0842668220575215,0.364215720260429,0.655748340014512,0.00357270944595774,0.51975541604603,0.430827049286409,0.175723357836473,0.598742229029439,0.703090374426366,9.99101215612004,60.1596314535128,5.50295467974629,4.80152755979207,0.136613653943687,0.343809672796907,0.284135755688995,0.118756510463922,21.4631336810552,2.51407217527708,3.63714353804394,1.94710748319004,0.190458486642159,0.630928578991794,0.00468174192462796,0.0165855848420501,0.637908419229167,0.137423501936573,0.112568059227328,0.416542069237623,0.301580759770711,0.842071268912299,0.493642612858367,0.310738410422538,21.3834216711094,7.7125479821005,7.54188534566003,0.37211043818759,0.664124302588504,0.00171393611932873,0.0214219550484869,0.03531761170263,14.4847103004692,34.5343218626228,12.6014759800829,1.70740280577272,0.0534467918285114,0.393959818734838,0.0465197671614357,0.0321695296472381,0.115431712936787,0.426620021702478,0.513185636068627,0.286312802011805,0.169791249835008,0.314603775415421,0.0641383144340137,0.0336990421350077,0.371121492743452,0.538841521277132,1.41539010357031,0.169264275992833,0.879039970729553,0.114098959551043,0.122912780235512,0.114996225124783,6.66089154425826,13.7769552524884,5.77921000282517,2.40349455637099,0.173416404761963,0.0621876137656662,0.0464493287357796,0.0288161950286124
20.7273789190103,19.7592585674347,1.75494394520963,0.788324519252421,2.54909065182708,0.392493450581262,0.187747498841774,0.153998469226514,0.160702526877606,0.0649608168725203,0.0030673037728936,0.596957440989528,0.139077855220393,0.342703572347958,0.699070031872343,0.612439236978607,21.896681337642,41.0599277632734,0.111457923039966,4.06623642826338,0.353758477248445,0.337574543745157,0.59521578618209,0.109887481985095,27.7979624255215,4.4652906452059,4.17230663513691,1.23172233343771,0.0427029801569481,0.540816306256982,0.0203215687591576,0.0539913258978712,0.714255390877807,0.133723370288186,0.177975113112257,0.418077974281504,0.507767617881311,0.625153612573949,0.415769172715866,0.454741530819623,16.8575436636808,6.04030856079992,13.0304276268347,1.06735068707944,1.04416886427159,0.000522901524407684,0.0143687444486616,0.086376185634582,13.71422172352,37.1895031467946,7.91279048700162,2.06052982512817,0.0906278923188702,0.454149850267752,0.311132633647433,0.0203562592166337,0.530993683042425,0.506714608921008,0.277796811766623,0.330557830621836,0.0922883787813447,0.138983596992491,0.0982663882312852,0.0786467392698742,0.131193355946725,1.66106269243133,1.55433178263337,0.111311711058824,1.15880160526001,0.174468678639577,0.0564931119875992,0.101471525538403,21.1031646165685,22.8940084614567,1.96013313996884,1.73084532528529,0.26065722807404,0.130542287260043,0.0440538858331913,0.102092270670563
21.7796961312137,15.6086363496965,3.4971132273725,4.32230857058337,2.21427214950813,0.123683348119216,0.288862811082664,0.214934515723263,0.254735181574822,0.369502567313661,0.00252505861093375,0.301944346727369,0.231378054606347,0.21339113392837,0.696917078624469,0.701391729893264,31.6541161143066,59.7957262379787,6.48792912011,2.00312000975673,0.304462509684874,0.322098759932346,0.550327190079419,0.0616563784529157,52.9915488125555,1.5797223081923,7.67843194879067,1.45168571629008,0.243123326738367,0.467152277718414,0.0146933338975819,0.0456309736176397,0.650651533713401,0.07484129263659,0.296437905576236,0.473298422765113,0.276397178260197,0.637469106128243,0.152432478796249,0.390626607273682,8.93017087346945,1.67092559529479,9.21564632598098,1.3737820948778,0.507477677405781,0.00151187135653593,0.0278919461721873,0.102831690394223,22.6857137913187,27.4135508162901,7.5539038318797,1.60950809194981,0.0804408479923315,0.665100016960992,0.303622124254578,0.00217118290996664,0.516419287659448,0.315267447597395,0.383061825809116,0.532208115453743,0.252520708687903,0.495777488494453,0.0567608026778938,0.0125392982184466,0.560997144714782,2.41597056502946,2.34889832357114,0.0793549339402595,1.19621057595672,0.208200104454134,0.133999300808706,0.261039661555339,18.518639398025,17.5047923529792,3.04229356166606,1.02653041727632,0.433768118069672,0.131026099557306,0.0437469252962831,0.169860957742054
10.9952529445633,21.7728386554703,1.97086969876233,4.00803855085269,1.70184386667377,0.594008001915813,0.312389795686083,0.0863529357484934,0.225379653910369,0.298139085032234,0.00151807177787643,0.511044582877081,0.421699845390356,0.443393351717759,0.542734091592261,0.761379013791985,24.9701577533921,39.9196719125571,4.99733569521479,4.07768399752514,0.39690060134941,0.332495857436542,0.449103802745129,0.0957184806008645,16.3299795360084,2.75386309936483,8.51417811935042,1.75945530071986,0.0867250226096342,0.584761250897882,0.00780317414948496,0.0473712096180129,0.607139891249959,0.183468082308325,0.180287018145029,0.649013948400209,0.286584130317264,0.554704343714426,0.460248550423949,0.14130097739165,17.1587045461527,5.15927075058797,13.269551764457,1.56069551091614,1.39109802586681,0.00179560118734159,0.017008419327207,0.0676172154830948,21.4863264203864,21.5459088174326,7.28803227438637,1.89648475897358,0.11451884937105,0.304466480736111,0.475898641558367,0.0231055386633159,0.454142793904826,0.234079183237774,0.366679298821276,0.149775994863009,0.158488230130387,0.404224457772902,0.125827779115918,0.0585066398817287,0.602207817294186,2.47555834290418,1.11397683236812,0.128179749771906,0.747905423257142,0.0570409211724092,0.161299268342827,0.116414741078201,10.4785487295555,14.2949851575051,1.04426904058875,3.45784501307335,0.261182440125178,0.146194307730189,0.0618714632683815,0.134480838267356
12.9923939041764,16.9836791588401,2.32889942038575,2.91034344876065,1.04669165642528,0.235580933091177,0.467974119838539,0.160054736193005,0.0963947585167803,0.203182639438318,0.0064494823795468,0.577112819541692,0.260993073902853,0.645176840179886,0.675319237452772,0.56290177794355,14.508693767463,43.2195706768467,6.35717960206251,1.32671464984075,0.327410424935628,0.616388707711024,0.371994670801116,0.0758837628077429,34.5608931592958,2.24721045078933,3.60493873926397,1.81699379846972,0.071426886670212,0.411985324299121,0.00606431322870637,0.0719855727828872,0.77516637497752,0.189396656069584,0.21198634489356,0.0380041632176136,0.462941311186573,0.388440624767908,0.418682432024943,0.383539849341934,13.1640075051416,7.52216586784009,9.52164041029729,1.36906822424417,1.1954163055331,0.000346225273832641,0.0202369566616813,0.0752915605177532,9.54900940625121,38.4995885817769,6.39338809662915,1.57831937511795,0.0646535348362277,0.693541050903563,0.268059114709712,0.0269262863069062,0.747863662600644,0.258048650022492,0.263479919682904,0.298828165657602,0.302474275755191,0.327021139705113,0.117943638953334,0.0669506417864518,0.754632170847155,2.22679953191219,2.28480882632956,0.114166583613621,1.06790875960697,0.165067708757204,0.114018100628342,0.10462292190072,16.5238260895322,24.3159531259136,6.23304694048842,2.86693275181154,0.390155842611676,0.16920887946479,0.0444453571130935,0.129140676084325
11.207788505431,12.5857932532172,4.35388989277124,3.90592869238047,1.45224817708744,0.540496449005328,0.364911747350732,0.149432492890615,0.129216821557138,0.193940162836796,0.00192110946741744,0.359210038490922,0.393086924128237,0.293764701445384,0.671509488901488,0.578945118413829,7.73394123385724,48.680051013953,5.11231377991772,3.19549657118664,0.311350095159764,0.138716370379624,0.379154819225389,0.0775789677520826,33.6132687435647,4.7412344894751,7.60215340857873,0.526851916493825,0.050949384694644,0.71879632660645,0.00814371802860548,0.0431915900093722,0.86102983120355,0.156042124791794,0.37365190227864,0.558855957095625,0.513684384817319,0.842192960898158,0.361767884325977,0.416113256359651,19.8983089837127,6.79623583567405,11.150637297844,0.905839575122021,0.479150101397166,0.00176858737380167,0.00542667428186869,0.154608210003712,13.5935125411327,36.8732959832468,7.56775874623854,2.17524667414519,0.0762331665236484,0.268403557324964,0.335401649378812,0.0130962926100813,0.404733178386807,0.144657451185948,0.527838628005355,0.204422908745002,0.181296225524889,0.261431775429289,0.126734164642421,0.0385818878800448,0.44701122718969,0.972805035231901,1.12100413126889,0.165902085287666,0.353891498477429,0.150221572012855,0.191042497885498,0.168179318993928,11.3641995160519,11.0378680431395,1.08122236193753,2.43504237292359,0.319308872223586,0.165982432988707,0.0595022121370376,0.127153038820651
7.04553156750256,14.3849679587971,2.0915668937542,4.11880920076852,2.14109479624645,0.532816587494231,0.411961602460238,0.169518416167908,0.382303668422958,0.508447736156998,0.00681228867011163,0.515244078306561,0.450493856215976,0.378903084574766,0.484168824863778,0.670176282191488,10.0930968841884,38.556262597562,2.8920859838309,1.67453722066501,0.293253358886286,0.418116468475339,0.355031185561526,0.0915080966077039,12.8219443180801,4.59746123097932,6.18374867657254,1.81310739780134,0.125764824994052,0.306523743223143,0.00866337398534674,0.0694534980141494,0.575052673741964,0.0778510974727045,0.195887297746662,0.490424900969687,0.344049922903037,0.495576051591116,0.515750239524209,0.389355739247572,21.4736889820433,12.219092374615,9.9011244940001,0.525793267620384,0.312909873161812,0.0011656915026077,0.0135150104202148,0.0906227594556934,14.1106160943008,25.5985131117222,11.2164062070624,1.22578775406279,0.108893558183602,0.222127580311343,0.396686022250736,0.0224866774483148,0.55463455541192,0.134690606379786,0.274448971528084,0.468482669973017,0.325560196468294,0.423888681255763,0.112750708008362,0.0415189416088239,0.161446549540382,1.02647954573496,1.89613792166321,0.0275411626413137,0.376102298433563,0.0785897008266006,0.0848736278479535,0.0959922723793934,21.4651471798927,24.5925838343075,5.55794975412887,1.29529060373506,0.220029595928352,0.077640645766779,0.0403436293400577,0.168623158594498
16.4132578659931,13.6023433668546,2.56513917775018,4.35628794765155,1.50773344392803,0.336462947368365,0.194087643844333,0.199466407139147,0.378173001181791,0.336343157257675,0.00556506012036937,0.460213249425438,0.224692277519592,0.366245252373787,0.531790352290809,0.710657591232928,13.2494916279324,43.0818484610287,3.15326576016617,3.12684658095568,0.260449193992202,0.362979132594816,0.57625119527615,0.0798669460740687,28.2028065891422,2.51653457732853,7.33760162015815,0.687987284393165,0.115797165184144,0.940111488919698,0.0155238537910229,0.0405210051336602,0.256025530257457,0.287635568680645,0.236954864141203,0.475405485878721,0.314983389127454,0.617154666431814,0.468618100595199,0.234334668593277,7.4098802728813,7.91454623572702,13.810822766663,1.27556952247592,1.25187683244663,0.000647139610110139,0.0192432143668977,0.120772680553844,12.3329773970457,18.2109015417845,11.872271697926,0.999154245957196,0.0628687388286696,0.159467834024738,0.35198823814186,0.0183761162028222,1.16083909674336,0.285295154804926,0.409605319310062,0.458583384669648,0.140161345095422,0.389323707600332,0.0584306683968915,0.0508845982689564,0.314943961890339,2.13594899462877,1.19902863740981,0.0533631761959689,1.18323431991163,0.0897603079929107,0.201451354846919,0.153649095758268,16.6046466703597,7.66986444176991,5.36846596214839,1.93254215697633,0.542230601753413,0.151452155947658,0.0287981058048047,0.0578020542114055
14.6834601581527,11.5188053484144,2.28643132760975,3.37554282322042,1.660160908842,0.399697443303433,0.191730202315218,0.134939080111712,0.138318783011141,0.19955753995898,0.00555517753236191,0.0975369426013765,0.530601513314274,0.451359229811027,0.592810554670925,0.650637390023307,32.067236149253,32.3316861307353,5.36405397037828,1.27697705290551,0.382598966031497,0.342878110968028,0.652420649799002,0.095473241844879,32.5858845726809,2.43377028405804,3.67606236075785,1.1120863453791,0.117653897830415,0.432022752648764,0.00543540184927762,0.0405865833107959,0.576918616457818,0.165487987482388,0.213836363666331,1.03100130395872,0.423018051283142,0.35717325175957,0.545120927018951,0.319497772255602,22.4568259251506,7.82410125871083,12.440104259811,1.00365899631915,0.493477054759842,0.0015716560600546,0.0154494914376631,0.120501065407014,9.33285713020132,36.5076318449943,8.82256422707303,0.968014322073019,0.0897135980835135,0.395061649480906,0.178361518206735,0.0113626144263288,0.652284487277467,0.264120008343734,0.254559119493329,0.184041819238672,0.293960170411187,0.33194866341571,0.104305788940221,0.0674168114004873,0.652033396999181,1.38281424492596,1.93236293699042,0.0928420975527908,0.121693596262812,0.122494774527886,0.0792386697998003,0.209479370798376,11.5558636499748,19.0392049952053,3.53668734240362,2.46870679691517,0.252099016194466,0.025139646810383,0.0294363245857086,0.091278718723999
17.5741190711944,3.82088171993196,0.957725229935868,3.20690253755858,2.00807956636365,0.389666959304105,0.0192193532913666,0.0988875599120516,0.232121167916445,0.296705297280813,0.00280807153611023,0.657156092644622,0.347823383720334,0.346930327259568,0.629943108090614,0.779886952824217,17.8752427634265,45.6482862542264,0.627274657258001,2.95827711601747,0.407878438051403,0.468416525850394,0.46298296333058,0.0507826169264844,38.0688269740813,1.42748042717713,5.82973854989503,2.4719773237525,0.134335342245482,0.458464406405398,0.00909889124596434,0.0819210093167678,0.364342923964,0.120476917243879,0.331777480262923,0.230914371385772,0.639395267623394,0.49636771682254,0.391877619278305,0.184298458646839,15.6594179284633,13.1660233282975,17.1120417727072,0.321643914698157,0.946852931958568,0.00127324987379289,0.00325405255700329,0.092824080264942,13.0492996714707,46.7552496685014,7.41692782692114,0.646936416684877,0.116721918212619,0.301848181341726,0.203076546193684,0.0180802388637174,0.482420640268458,0.291575785696058,0.579202790325566,0.311112232055414,0.237498786445844,0.37881458095661,0.0357851438859291,0.0126316166846966,0.414638632353807,1.46181685915323,1.21947733981685,0.136530616048229,0.15201951792279,0.212061307463374,0.14892721710229,0.0853308234780937,18.2938204859869,13.3927398255021,3.15844564963653,2.18868829710975,0.449737078674361,0.138498741427659,0.0219070076994436,0.162988478635872
22.794849946965,26.0644621865814,0.165634232251925,1.26544634065944,1.40991460232956,0.521824535256457,0.481096441504675,0.0539293243777861,0.219482755198763,0.812594810667271,0.00468532439620903,0.549876751247719,0.153977695581848,0.235198812770034,0.757131440554917,0.627880747775157,22.1177398241966,31.7770366846956,8.06419051342658,1.15580594631347,0.379816509151985,0.354703963501623,0.204584525314641,0.000212593293731182,30.8487555628745,3.05557952777222,8.06767793439768,2.05735099862294,0.111338901593767,0.589842023402833,0.00816853137347827,0.0637533870475056,0.400255211948942,0.104364486089296,0.501560265859405,0.516397772187172,0.331020707013119,0.652917524203566,0.429575842652896,0.350941058490542,23.9631501855611,8.65531752588644,7.5466708787171,1.71910727877679,0.678745650601765,0.000896517547555916,0.0137475092451195,0.132480017018825,12.1711665520894,47.5105107010372,10.2330151635922,2.66082016549677,0.0706327052452074,0.610769077147984,0.430491074306017,0.0266754152395057,0.387959887859765,0.238755872935946,0.585476490166464,0.46820793190038,0.359570437949893,0.256301213915498,0.063466789600593,0.0476889698232795,0.308898832625786,1.315624395825,1.13294260960751,0.0965489696915147,0.924758275217234,0.181696968266871,0.110427600233035,0.235699803092128,6.02286946924223,34.4139538488841,6.38063450500706,1.20449284401163,0.426344649859244,0.0818889021948999,0.0562636164097857,0.116642414327244
11.9424825970362,14.2235404048693,1.56852548930584,3.8332941548993,1.86611178041932,0.306024797994248,0.0390268531148898,0.15285712926536,0.243679815736981,0.519466496557147,0.0054346032557148,0.292003954967481,0.44517527868589,0.395730970455891,0.558719370249327,0.704536298194818,21.3949994177468,29.1199141952107,5.6440990141707,2.27150359513467,0.436399742055026,0.388252189428925,0.345331512524783,0.0328970339512433,26.1497570709518,2.30504175057579,8.43656952133669,0.418786456010067,0.171181223115027,0.281451938792527,0.0214197104355381,0.0892723631433016,0.565838325297995,0.126717593855369,0.21967674717234,0.838590588428257,0.409854821463875,0.577392055179444,0.477259559084799,0.331126204583978,15.1743422141846,2.39734846801633,7.778715720184,1.09426745687907,0.819854619312415,0.00140259496785826,0.0185422749655952,0.0468023351981355,12.4067527774918,34.9847614008654,8.59433303649641,0.849481252195429,0.0562070596432944,0.417274600062395,0.363102386725242,0.0157181034897126,0.56541549747329,0.291884598015528,0.415418970564177,0.184013926784738,0.0674319457958086,0.332896583542137,0.0829520557222036,0.0244082283994149,0.798829808614093,1.05767158892023,1.62324930448926,0.118082165169788,0.659712061789697,0.0524024280820028,0.14169485858489,0.200739823039994,21.1458653666693,33.4525115951486,4.37102832994395,2.86974415316073,0.497016998889307,0.0488021357129858,0.0448449601948614,0.108220547798682
12.7875739141777,19.5466591242471,1.93830722005356,1.68416794927332,1.66712894684661,0.195996332342761,0.0907044995769125,0.13717621716663,0.223734757952948,0.0683967780736988,0.000978637161584608,0.2751205885893,0.139081495172085,0.428599598664899,0.822489243150161,0.49976842167434,17.1510566915766,49.6127511662947,6.87515358659796,1.30272626284385,0.147856227077859,0.291168067295659,0.534357864820847,0.0549937021271069,31.4207515629451,1.91330482741299,7.84606954993365,1.08515795303085,0.172258450309842,0.453667310876144,0.0113585150512997,0.0781288428260224,0.567916894555396,0.188134292225509,0.235220981963141,0.723853559396436,0.316158222685298,0.581024832259014,0.178634735739337,0.635396910377925,12.6445988133744,6.45663219844874,8.69588378744437,2.18182432853244,0.197219243524946,0.00128695573272479,0.0112406418971974,0.12948883632855,13.9631512226881,32.3152267134809,12.6912659725936,2.55834042928646,0.0379944988550774,0.422000044445934,0.349647761521042,0.0285666866578254,0.0311132385109789,0.294940448520339,0.194994431005438,0.472230798085208,0.424151581236146,0.209041755166111,0.0880323155522341,0.0306888467762141,1.01067514594771,1.09161667329751,2.19831862248619,0.0758445230452335,0.974611187161271,0.197265137369255,0.0814335649487417,0.0937697808772209,27.1365239127588,3.46326549726674,0.354959335081488,1.7974601743386,0.166955070846023,0.155956094423502,0.0386941364745588,0.0824085960229464
11.9911105508397,18.154982731672,0.409178053303178,5.49821361661279,2.32809570614207,0.102637227758751,0.154762020187321,0.120456210971307,0.140575209244936,0.765142052070977,0.00838989224624904,0.449858459810704,0.327076775292723,0.356587588355489,0.560016685881695,0.809428261827306,44.4298618233044,35.6524257241504,3.6175827784459,2.96769055272658,0.0663717907155709,0.367930252790604,0.307812962655857,0.0476705164631957,29.9852600299577,3.07993682559139,6.78889291967431,1.65580086806095,0.132733214712892,0.577473078520654,0.0196038774443297,0.0572638554296667,0.518614036300046,0.0609920422785754,0.178781442706781,0.568012119232638,0.478569927911162,0.625155468828045,0.365126735696923,0.144400747006905,6.55803863545955,2.15659818826302,12.1181974748353,1.23111096217582,1.19073660878896,0.0015530769976336,0.0190661733336628,0.0803963988691395,8.13049170643982,37.1167558031013,9.37380585719828,2.280498518171,0.0827349701255793,0.269396520033332,0.331744016042076,0.0100732158560605,1.03381506826762,0.167003069480761,0.032196456933473,0.09735230606175,0.298924310296008,0.304088668399363,0.0729559716860524,0.033946314072928,0.576975257220702,1.11112189287637,2.32834868321761,0.0604542788839586,0.428764457405939,0.041794653636636,0.198961209149466,0.116834043481166,19.5623338731271,21.3752700838083,2.8784615175327,1.68461921144403,0.196772186046025,0.0678946321723473,0.034437832750639,0.103721851893059
11.9911105508397,18.154982731672,0.409178053303178,5.49821361661279,2.32809570614207,0.102637227758751,0.154762020187321,0.120456210971307,0.140575209244936,0.765142052070977,0.00838989224624904,0.449858459810704,0.327076775292723,0.356587588355489,0.560016685881695,0.809428261827306,44.4298618233044,35.6524257241504,3.6175827784459,2.96769055272658,0.0663717907155709,0.367930252790604,0.307812962655857,0.0476705164631957,29.9852600299577,3.07993682559139,6.78889291967431,1.65580086806095,0.132733214712892,0.577473078520654,0.0196038774443297,0.0572638554296667,0.518614036300046,0.0609920422785754,0.178781442706781,0.568012119232638,0.478569927911162,0.625155468828045,0.365126735696923,0.144400747006905,6.55803863545955,2.15659818826302,12.1181974748353,1.23111096217582,1.19073660878896,0.0015530769976336,0.0190661733336628,0.0803963988691395,8.13049170643982,37.1167558031013,9.37380585719828,2.280498518171,0.0827349701255793,0.269396520033332,0.331744016042076,0.0100732158560605,1.03381506826762,0.167003069480761,0.032196456933473,0.09735230606175,0.298924310296008,0.304088668399363,0.0729559716860524,0.033946314072928,0.576975257220702,1.11112189287637,2.32834868321761,0.0604542788839586,0.428764457405939,0.041794653636636,0.198961209149466,0.116834043481166,19.5623338731271,21.3752700838083,2.8784615175327,1.68461921144403,0.196772186046025,0.0678946321723473,0.034437832750639,0.103721851893059
18.9374724160287,9.23084435550603,2.75884336349695,3.24824351091424,1.56703889967939,0.285331057889342,0.153440341971126,0.120683647474568,0.254586150517125,0.372541729335038,0.00438061904548707,0.369886086363317,0.231337768422602,0.456253817628998,0.504546061249644,0.725389799619387,32.4256739337077,35.7817586016732,4.4209293892258,3.79732966459736,0.332833812195702,0.234890357532004,0.562341747712853,0.0597855231746871,29.3384570232553,3.60188371880013,4.69853390941728,2.0339552278859,0.15435978636118,0.406878465068753,0.00899820798115791,0.0679768452181071,0.207643781881697,0.11527273188535,0.293285146014626,0.824348335467829,0.510178676520179,0.364217577153419,0.604554783886605,0.104942913480139,8.97937843617956,4.66968076335642,12.4601544194802,1.05080711319965,0.68382093176775,0.00161323413116952,0.00986688694239866,0.121713717176236,19.3413756436124,28.4023523354677,11.5671217756172,1.93810168329136,0.063688086124907,0.219840080127588,0.399351278196776,0.0207868056426301,0.995010271696389,0.281036790403403,0.158381311164118,0.386868423988031,0.264691644796386,0.359561792024594,0.107661076263817,0.0408633181179562,0.603754162799504,1.56198567806593,1.38968498182203,0.13370482756661,1.02280074379913,0.1580678761973,0.0924675560504807,0.132710307949995,6.24040959106886,15.5022595000163,2.61796902285051,1.01387807659153,0.172296592248968,0.123163551178287,0.0285370587754916,0.096498815431608
15.2560158071366,10.5183540322945,2.28663925583598,4.24054871194481,1.87211754226505,0.206190725859705,0.0464198367958011,0.233157971846794,0.122231201052498,0.550826924676707,0.00434627759967586,0.256765687568994,0.386966507477296,0.216920406132628,0.652306815295155,0.729845736645116,14.8018682960936,34.1048590539003,3.6324304463767,2.21173256010045,0.269569461451893,0.0779315845252492,0.340899585515925,0.0208154644346457,17.9464475778743,0.336221264697437,4.12614271972799,0.848568409299993,0.138127421539405,0.241780468183415,0.0103128797388693,0.101069369633635,0.417376462097789,0.100739643096056,0.329626329610897,0.853520582285275,0.301620738805709,0.83177549686277,0.45100090443751,0.242338685262571,22.3802222403931,9.12864360765096,12.2527190216199,1.25828239017921,0.980391197649297,0.00171202224761744,0.0244325915897615,0.0112069861413913,15.0751151772288,43.3002587590829,6.55782186983708,1.1281309189515,0.0419229764034911,0.530910609181872,0.278508058625664,0.0316188001945718,1.02093230480403,0.303607331032723,0.693932903564549,0.222320782840253,0.125670165264779,0.389909937838339,0.135870740272569,0.0209867495505223,0.407699492716265,1.62392340028628,0.913761603944087,0.132900474273388,0.809643147129763,0.0574379942472391,0.141245080854469,0.0825197982781577,20.2442758374232,18.3043446128508,2.07600305385951,1.5268089579959,0.204941023376446,0.21228789582053,0.076764465805678,0.120277507526555
11.0838987011934,17.66000139133,2.65139458090944,4.52782523996828,1.10481578611751,0.401862124915399,0.311885462576588,0.143315391505269,0.313687287137324,0.655072194844492,0.00586340025568662,0.169766208349464,0.314867366760881,0.50205492106888,0.433701011254289,0.788348416436537,30.7510027721257,21.6419132808116,3.66837290040499,0.715102679624543,0.171191132258425,0.235624781329919,0.348976768710959,0.0661139949342663,37.7058768848911,3.89278332898472,4.23974483480667,1.70369081535136,0.165079203554064,0.551579250362003,0.0145998859069582,0.0789010310483723,0.325873487102917,0.139793725509666,0.279067640233893,1.15578944039763,0.357880976089735,0.224750869210156,0.462100502544368,0.150742906863579,13.7071349750194,4.84320388581525,9.2000114635126,1.98779971678834,1.41406017249527,0.00123618518676394,0.0228030552801652,0.0965113831873659,5.53820480553308,21.4513251525508,4.88307272793653,2.1143324289821,0.0625606544357414,0.256913041979597,0.248374487832106,0.0170784049832471,0.781340631563216,0.25810546885481,0.545185623119114,0.0368079441021246,0.0782696316543162,0.582567654580487,0.0983120671887368,0.0436974611417,0.656822866639736,1.21748982820129,1.11463438338434,0.124117148552428,0.560299530477131,0.148134774096462,0.180823144647135,0.189064732036171,18.9726827604479,26.8770306822586,5.56543168494767,1.93181506229786,0.34556910955308,0.15513939892867,0.0354375148611793,0.0705401621387215
14.2348607487147,22.815883547976,3.26318010224208,3.91371601144414,0.418378473430852,0.247941123267442,0.178707497451998,0.140287643803748,0.355511212649716,0.270121982624396,0.00172158360500183,0.292449193873074,0.278599778420845,0.508477001434538,0.492735490137145,0.816528880413653,27.239358924176,42.2063617951956,2.66984386244099,2.33689742472408,0.254519892129795,0.630354321622435,0.410715742907246,0.0916951953917265,40.3638325351317,2.6462875318786,4.36201961999692,0.745045081395872,0.13045312770463,0.094631261084788,0.0183890335016768,0.00487888710746513,0.671202613572084,0.167085828960314,0.313107647991108,0.513880166199337,0.447284231457232,0.401075204735028,0.51324899363427,0.17435851816373,20.5974628225571,9.64967253437109,10.0403560156106,0.51062175008987,0.98195195830811,0.0021640629650352,0.00657697436380749,0.0529382567987835,4.68126605372088,21.3250261637447,10.8649047016738,2.52947506921525,0.108223889270728,0.385691852911689,0.350609433822286,0.0195798126053966,0.0380855336200638,0.32595980609815,0.434033903839389,0.439864135259768,0.24298653330279,0.159692069043133,0.104755852387109,0.0529300642521565,0.667568265783636,1.00344763609813,1.43488086193873,0.105226535336738,0.828799879027766,0.0878271418583532,0.148114007038861,0.133836308599214,5.8019951112357,21.1664582433087,2.4953345803578,3.21841864673754,0.274454288059967,0.136911564249678,0.0156778708247007,0.212333259860962
7.02263471562243,16.7384960929787,1.19661834859583,5.4540336162674,0.820507303062751,0.339475157328267,0.102295999266199,0.146011713958945,0.204237801445991,0.180851827969883,0.0034011244286254,0.131981782684904,0.323942999198314,0.263936033845005,0.464601017398878,0.699217994560902,11.6046915162382,47.1952033112231,4.24013792920198,3.0149151625332,0.147499984464829,0.600627990904704,0.301613583779498,0.037743488355995,71.0455690291108,3.91617691251748,3.14789209281717,2.3973023245373,0.231504036742206,0.229371592615529,0.0129580148773125,0.0659173963023896,0.562163043804156,0.0365916266276029,0.11032298264787,0.7950884763405,0.349778175093391,0.712397823154402,0.535642182888775,0.325309777823448,10.8947210292738,3.18963360700142,3.12798424012795,1.62076483102718,1.17021322757469,0.000499472416907388,0.0183254219747151,0.100329025159126,8.2614386983762,32.4237718084674,13.6273811724274,0.287054081212508,0.0769605513421387,0.275052991744482,0.103619312722776,0.0203074003958607,1.12281764187401,0.26647499058307,0.640513617838772,0.424963701863593,0.200328648924606,0.335637950557753,0.0752408136583324,0.0607658993707021,0.403469828610789,1.5228570756436,1.58626421721161,0.140373692226709,0.831980346076032,0.0391570095441207,0.159068666013622,0.129254014561177,19.3238768595473,21.2911806983024,6.14496841205293,1.89907130768704,0.29794888244536,0.10237725006633,0.060598015953551,0.0761933478308498
17.0937773088648,14.9784454869638,1.75741390029257,3.25119272853917,1.6520102487287,0.306040761120503,0.404095134411003,0.0905307909976116,0.28696120005622,0.245499647989366,0.00310486900778559,0.413005667746368,0.315051009440679,0.25734812757529,0.642612722928094,0.69852116816654,21.8231228498558,49.5237261841236,4.55372285132289,2.62289516178586,0.325242625993757,0.358564817936323,0.175509417879812,0.0785549305349155,20.8959617334555,2.04966228246487,3.27808538932353,1.57634367219004,0.183626137436786,0.661918068670128,0.0119415605458618,0.0159107695880923,0.637921579707645,0.0667389028840981,0.338388844131941,0.67896926166471,0.632868172866469,0.563815432680028,0.463609131531286,0.278198018475965,16.7051801078749,5.49605811523148,10.4071461964055,0.3608150674584,0.772361044063877,0.00111393668597812,0.0161855506536476,0.134824745929455,19.2282900746887,27.5795292571295,9.99447812780743,2.81836680529098,0.161638996698364,0.205989750871037,0.435213995558243,0.0120273914668331,0.361949421717453,0.263789638030526,0.464720475356468,0.274011135361147,0.16494223257789,0.278336524633384,0.0307069331477029,0.0548842976788704,0.255080914236328,1.44226664765913,1.47640840739495,0.0995677786623026,0.616987623160824,0.198693695753198,0.112557531788082,0.123514865680715,16.1292482973806,12.2378615483765,4.5937565446016,2.91154301792913,0.181511248948921,0.163060969289433,0.0378781395108535,0.125900949417725
13.9816167144468,15.0530289179678,3.40835594211746,3.19484549438126,1.00668574045977,0.126401862561708,0.667199436063965,0.150560214108087,0.223334087839429,0.578991655317584,0.00610175753110356,0.389940266869886,0.306926491068856,0.273336599579966,0.648170179489719,0.798686901359585,29.4807409537604,37.6552944824005,5.15609654207751,2.60495216488437,0.54595716736033,0.400473726175066,0.361049471429766,0.0673460984532602,22.7161900395684,3.85769065446418,4.35878149533476,0.873665019099552,0.0704243501231913,0.458542603233285,0.0133588903835483,0.0308343329965265,0.61838542262497,0.0496514220258288,0.0470445326772854,0.697287805140741,0.4471293749441,0.661389716633607,0.316754594757134,0.139420956185837,14.7835540116163,4.3744944055798,10.1426462883698,1.56441283899098,0.68233689680621,0.00126078514853662,0.00983433736967376,0.102360971635571,25.825795635849,28.6706521179736,5.82889149953927,2.3933033762243,0.0730133719976269,0.0100450690454175,0.330269574403925,0.00929045086164664,1.01785210897828,0.316269063510797,0.778404425338886,0.0676932218018704,0.287085310509616,0.42876451093202,0.0907794946848363,0.0446278834456454,0.619208193502567,0.718582306779197,1.89482221851706,0.0949774949536308,0.644033957884215,0.154317677615062,0.101024253289583,0.0224174443142697,21.8208141807476,26.9878429340051,4.11489889770773,1.62506822437953,0.0444125492724917,0.113638814284107,0.0396347403405881,0.0797894799175793
18.9816106988479,24.9334931999719,3.54702195470249,3.5844886814586,1.42278961796425,0.549064624783593,0.301336061787185,0.0928815384106988,0.335159441024393,0.454668792531712,0.00226904485261414,0.2183231456413,0.10869150325472,0.371030522128754,0.365162608686127,0.794826384952525,20.5139553494724,36.4691547073768,6.44088806816715,1.9427673582646,0.171391790991782,0.530112236638945,0.358930210025071,0.0229193341135771,32.4366252091575,2.35534265430656,2.36416948502422,2.16515768371465,0.153644166717595,0.470450546844296,0.013396154574529,0.0473498648238115,0.311560536254331,0.0391739542174044,0.226045135010729,0.941669907007178,0.71932674843971,0.580195161593829,0.728413553155273,0.130293110218902,25.0517278866042,6.59202662831538,9.1166521012109,1.42020177789667,0.886059010625859,0.00222262652112313,0.0238604764011735,0.094971675871803,16.1838710690739,32.3912273261704,7.57621040056942,0.986049520183025,0.0773872569054741,0.555074581266901,0.387667438464186,0.0212111552329178,0.655786922468299,0.461616920553616,0.378139062362331,0.0268260167002583,0.204089393224826,0.3448054810522,0.079737617188418,0.0556088987492248,0.516757475728809,2.01216956082399,1.14582521768265,0.0162302597062894,0.612198050904121,0.198286485331217,0.170044174431149,0.141339709191309,4.01816780705483,33.3345295648823,4.0042546762687,3.19641987690562,0.153135543502751,0.141607156694674,0.0602823089146254,0.110786639012767
26.1141217604342,17.7809545008669,3.55408874014531,5.55717752862598,1.40320731185579,0.349870213557225,0.184968253084831,0.170366918730007,0.162651766661048,0.346913649139172,0.00581885284714314,0.433059355839933,0.424464071044067,0.436442591755729,0.593255961248859,0.82204628273431,20.2132144154428,26.5718691655049,5.10494760740399,3.46951521801634,0.363963418121667,0.437316093397606,0.710672724145567,0.110027070704839,35.6355542358005,2.29661453895796,4.89466297620515,2.49118768558336,0.124145204969081,0.188105398903706,0.0204333299492705,0.0450578909440449,0.61162347295557,0.135391173381838,0.114102918341928,0.710573423189144,0.188432302288333,0.354140412011441,0.255930047519509,0.128464116553257,7.49826651874274,5.44388154692206,7.7936276215693,0.476507969234476,1.11985572122177,0.000955830942198746,0.00292977850425534,0.0679543235815444,12.9735448431342,38.0078044513953,3.4381115167709,3.00801062961212,0.0757232080998661,0.348601475817482,0.338219852338245,0.017501914624901,0.248253180033766,0.0237742939537699,0.196272929727895,0.248858506078561,0.104351109690005,0.243004016389788,0.0174748075201157,0.0421541158972867,0.407549703406716,1.24304979613997,1.68210644337112,0.061289164502434,0.909997995169729,0.0740115726627594,0.147639661684381,0.126441024763728,18.266612247425,8.04255561867853,4.49772912884515,3.11351357885318,0.343397125945676,0.179420559138005,0.0468689099064243,0.0413388278675472
14.5685586280789,20.7531940247106,1.77884227963139,3.50619566465583,1.76408844937079,0.364830989765661,0.230658164592535,0.102792208299225,0.173322438765393,0.0751497799657628,0.00495064544878379,0.611801137800667,0.468419483451205,0.263323199672463,0.687231589041371,0.699604343715801,21.5857104035999,32.5241976798301,2.26763674180009,0.656163300320007,0.206370929750952,0.360142447658448,0.444730222563534,0.0994313095616377,7.52520465342994,4.69990985119343,1.32549232089094,2.17474102125501,0.224867645113697,0.0457901349480116,0.00402693433220539,0.0198111782927752,0.356618831460445,0.150423303802413,0.106988595338247,0.493025508953557,0.511868050425801,0.820389061783877,0.577034993824888,0.221526519483409,15.3107482115695,8.69314189865908,10.8113814683774,2.41774515907658,0.949349381803115,0.00203065853171619,0.022581776587333,0.12746807371705,11.6216245910355,39.1469681570433,8.6663439442829,1.46966783233442,0.0369518236212536,0.347036502716451,0.220460117744328,0.0141584404220259,0.448607762479302,0.0758606640593698,0.317429636533587,0.320109564793728,0.101170046366452,0.149276091063089,0.0334931969594998,0.0485104995050249,0.64936582236249,1.93725623465745,1.61968014322445,0.121942115487066,0.351618085403203,0.0779306312569723,0.0976082296980362,0.2623673666059,22.3447704853083,22.3959108948014,5.06402732847059,1.77146337192601,0.431601828718857,0.0496610591055491,0.0427470174650738,0.00457414332260142
7.04553156750256,14.3849679587971,2.0915668937542,4.11880920076852,2.14109479624645,0.532816587494231,0.411961602460238,0.169518416167908,0.382303668422958,0.508447736156998,0.00681228867011163,0.515244078306561,0.450493856215976,0.378903084574766,0.484168824863778,0.670176282191488,10.0930968841884,38.556262597562,2.8920859838309,1.67453722066501,0.293253358886286,0.418116468475339,0.355031185561526,0.0915080966077039,12.8219443180801,4.59746123097932,6.18374867657254,1.81310739780134,0.125764824994052,0.306523743223143,0.00866337398534674,0.0694534980141494,0.575052673741964,0.0778510974727045,0.195887297746662,0.490424900969687,0.344049922903037,0.495576051591116,0.515750239524209,0.389355739247572,21.4736889820433,12.219092374615,9.9011244940001,0.525793267620384,0.312909873161812,0.0011656915026077,0.0135150104202148,0.0906227594556934,14.1106160943008,25.5985131117222,11.2164062070624,1.22578775406279,0.108893558183602,0.222127580311343,0.396686022250736,0.0224866774483148,0.55463455541192,0.134690606379786,0.274448971528084,0.468482669973017,0.325560196468294,0.423888681255763,0.112750708008362,0.0415189416088239,0.161446549540382,1.02647954573496,1.89613792166321,0.0275411626413137,0.376102298433563,0.0785897008266006,0.0848736278479535,0.0959922723793934,21.4651471798927,24.5925838343075,5.55794975412887,1.29529060373506,0.220029595928352,0.077640645766779,0.0403436293400577,0.168623158594498
11.9911105508397,18.154982731672,0.409178053303178,5.49821361661279,2.32809570614207,0.102637227758751,0.154762020187321,0.120456210971307,0.140575209244936,0.765142052070977,0.00838989224624904,0.449858459810704,0.327076775292723,0.356587588355489,0.560016685881695,0.809428261827306,44.4298618233044,35.6524257241504,3.6175827784459,2.96769055272658,0.0663717907155709,0.367930252790604,0.307812962655857,0.0476705164631957,29.9852600299577,3.07993682559139,6.78889291967431,1.65580086806095,0.132733214712892,0.577473078520654,0.0196038774443297,0.0572638554296667,0.518614036300046,0.0609920422785754,0.178781442706781,0.568012119232638,0.478569927911162,0.625155468828045,0.365126735696923,0.144400747006905,6.55803863545955,2.15659818826302,12.1181974748353,1.23111096217582,1.19073660878896,0.0015530769976336,0.0190661733336628,0.0803963988691395,8.13049170643982,37.1167558031013,9.37380585719828,2.280498518171,0.0827349701255793,0.269396520033332,0.331744016042076,0.0100732158560605,1.03381506826762,0.167003069480761,0.032196456933473,0.09735230606175,0.298924310296008,0.304088668399363,0.0729559716860524,0.033946314072928,0.576975257220702,1.11112189287637,2.32834868321761,0.0604542788839586,0.428764457405939,0.041794653636636,0.198961209149466,0.116834043481166,19.5623338731271,21.3752700838083,2.8784615175327,1.68461921144403,0.196772186046025,0.0678946321723473,0.034437832750639,0.103721851893059
21.8861248483005,25.3551240455544,2.91593275553068,3.04393907657753,1.36978624980672,0.182956782652784,0.148558483580668,0.148725843313025,0.245375026950189,0.48344198306319,0.00237615198625976,0.497378700204252,0.452341918761892,0.350464325581384,0.657633265424805,0.61825413151582,28.7882013718596,30.2470832196942,4.83332514210741,2.00564965798242,0.340630067931114,0.0511833656846422,0.634942018847325,0.0737566306446237,50.2906581936838,3.1541206596355,2.24829661514193,0.740597588226286,0.0640403007498747,0.267299727128215,0.00868867150177729,0.0585917936168076,0.515089417009168,0.0975273447794935,0.25819129632926,0.449496377507603,0.12823343447755,0.638221859328523,0.345665402784035,0.282384627848407,19.2669684293803,11.4945252538386,12.4068011839217,2.06081189010876,0.764442148835616,4.06299452675829e-05,0.0166610165416829,0.112370523110571,6.31476114948368,15.7723589734275,12.7160090117211,1.49554787254038,0.0771412679102979,0.486588303883459,0.399584580961419,0.00360528955779526,0.332543681374171,0.363318394465495,0.201959920385828,0.625343093288933,0.0806632376320126,0.358768487136623,0.0801836968223751,0.0140231125892829,0.742096161610246,2.01820928997374,1.49480172078246,0.12396087728885,1.15839495372556,0.239294387618312,0.0938842592791389,0.205164011474804,9.05393550576218,13.8325349335943,3.76821365702591,3.08601270868402,0.258554149645916,0.174188413717362,0.0586255508969956,0.0919403921937253
12.8734124270943,18.9923150196897,0.46472035196693,2.9476094069845,0.754969004905545,0.265814063944923,0.0870019733367936,0.148223846207472,0.299336735236332,0.659808326021198,0.00420149724222334,0.269493085665833,0.38082704665351,0.198813410115953,0.726037385703148,0.657082424327661,18.3338592150623,50.1461123852427,5.17583446620028,3.41531011660862,0.179075447760295,0.213915406679911,0.630747042158001,0.0826568620978574,57.5047400876251,3.43030347586979,6.20344689015474,1.49943880850836,0.103814785421046,0.434611093768971,0.0180085843569115,0.0731508504326206,0.765457360965617,0.0840017653123772,0.260262565753567,0.601986981239678,0.387497361912212,0.682298629961948,0.420498350371397,0.322377094906189,20.4420242913347,5.34503570368022,10.8834294496575,1.42715458965683,1.83529875268856,0.00153869784078163,0.00432622695664536,0.107580695655096,19.2030465473985,11.9864412947022,10.1591770032072,1.50262784349716,0.0351883623395421,0.494340559430752,0.500041592830069,0.0451942280787579,0.696180083575114,0.303896495645013,0.437740034579949,0.32222223951178,0.255441263051957,0.356132845589618,0.0511073070388645,0.017850339539445,0.622317460226314,1.58169054785882,0.879348361704869,0.166299405211223,0.686925629894249,0.241098820320718,0.168140998143919,0.0617352129774318,18.5977909693453,26.4282621411717,4.26820502897989,2.19357893071478,0.0182304796274766,0.105748241429731,0.0488214557666036,0.0995539386405428
9.39705209055339,8.49325251016125,2.79834934405347,3.94376579560552,0.424705116616786,0.343329395107227,0.283167234666373,0.11316011758094,0.108223749534852,0.53390582115102,0.0024587753373238,0.375453921952262,0.322470380144901,0.169317054525805,0.594052130220649,0.73335913672313,27.5721519944458,32.0555109685427,1.41444343110179,2.19704458471952,0.21365982761417,0.257622629860603,0.323454695793403,0.0833712024542336,47.5069298884321,2.68416207265397,7.52880526882643,1.56846111673994,0.0811557857919184,0.471672558513621,0.0215597753358239,0.0595182654363124,0.395182315035029,0.147730434384722,0.288809849747619,0.637025515454999,0.417827002236162,0.74514985621062,0.372445498544756,0.384935952405678,16.6438435231633,4.33377266782601,16.1480631875126,1.46161191914096,1.01863117111528,0.00252558201146347,0.0138420479347238,0.0872094261473956,23.3898112446353,36.7692027501634,7.86600991471499,1.48824321627498,0.0597857177805671,0.475964683229734,0.381975612076927,0.028141654544736,0.863956945144525,0.345637265345617,0.538829928131517,0.233387736490448,0.363976417230884,0.322015973030254,0.118341144773864,0.0599828023394969,0.601662008589299,1.7272095450889,1.24716824279363,0.0353790612316442,0.793105082048497,0.144819096303167,0.089201929756646,0.152003534007814,18.2605428816545,30.1940065176728,2.43673544207521,2.17817507826873,0.0801487538837211,0.0853151872598743,0.0495736953526293,0.0805788214110604
20.1564412280645,23.0132889135048,1.65906940539225,3.25784158697629,1.21688870283614,0.271910174617986,0.0725332295029081,0.183256843351282,0.264087661062968,0.357700335750903,0.00603242004909644,0.366207120773488,0.30627534879292,0.192844012255468,0.481614696630877,0.851166411368839,24.0370121314301,30.0204682611207,4.07850352840737,2.23480824014268,0.302723913080113,0.545499160353704,0.717896618657445,0.0550936928628909,19.7572142743631,2.86814230349598,8.51333038940106,1.65107537270607,0.253547502605212,0.428098595640219,0.0111342420718489,0.0784608064079868,0.628059851106395,0.0329679438746267,0.235363894635177,0.774992618856498,0.306439553812264,0.699977223612446,0.585511488983985,0.0585051695761874,14.353039881583,3.1109796420629,13.1902841006287,1.56423861674603,1.22301231261119,0.0013829783578763,0.0203528879006567,0.045434821990228,10.7082840839713,25.532892467585,9.99037854144058,1.95488690709682,0.0482122424999931,0.354787875400424,0.321000901096967,0.0168139671228055,0.748309737031808,0.297453955744413,0.538674105612222,0.32017776127532,0.251237392530776,0.392595678008449,0.144569602033465,0.0510288181042293,0.76378191166624,1.48796416522554,1.66343787550661,0.131326586080393,0.797986860109172,0.175125107691562,0.186727128027902,0.105423721626301,9.85152989676373,20.9508406004,5.19206985502399,1.96668910879284,0.337182974358227,0.0796394066641114,0.0569615697777302,0.0682172922837012
20.070809986367,17.3855480917175,0.17039804440557,1.8345009147753,1.41664956300048,0.522103997940709,0.192321785748154,0.0741285867944377,0.322188297825617,0.217293841562991,0.00239467718493178,0.638541827339626,0.331643268421833,0.197694843933137,0.471182329962395,0.752815202214454,29.1974287069911,49.5346851378611,4.08058196302165,0.431615008481151,0.321133665774356,0.396420541617159,0.38472686342792,0.0871360467788424,43.3500570792893,4.24494923934137,2.73721781688468,2.12623707828457,0.0886179509091602,0.411178544682672,0.000655255999939949,0.0427977898372532,0.199543429190747,0.133515320089463,0.145733633818046,0.199753710791315,0.146771659852816,0.791135477403988,0.521533943911214,0.157938543941329,5.55634520199,7.26651840178406,14.0462042880782,1.62616428234631,0.98656033366213,0.00186649938035861,0.0233922207461622,0.158671247459921,26.92744565172,29.8120559754179,14.9241576812178,2.25482650438799,0.053440553252025,0.379958488582597,0.123534142175347,0.0277383564888861,0.807468252949673,0.164502983056555,0.315727366690566,0.655895236211904,0.130095451946403,0.49022456806441,0.130725818663761,0.029325398069018,0.647756116975453,0.817104296081277,1.86094134618292,0.0561365135566403,1.12046354345357,0.199781604284536,0.168574272570462,0.143307874809681,8.55717090701124,31.7294803986047,3.37987556350393,1.30039651120478,0.530962599229424,0.072826789370159,0.0301971010926574,0.0211631172500669
10.354556966598,9.91493103698858,2.36360986791629,3.18076648068526,1.69470248775898,0.373489209209564,0.382796771390115,0.0792586412524793,0.180123562621369,0.356008747025366,0.00302649275942332,0.373274664787006,0.312988065761406,0.249340916184454,0.547301322582568,0.818371095253825,16.125800125524,47.6987779831908,1.90405647561629,2.09407042357147,0.137986813327096,0.484362221307499,0.381148058001558,0.0723089464693307,32.2582879512955,4.24169275301342,4.74327927897101,2.05449934528523,0.136383316667107,0.458359359579737,0.0173290858841517,0.0186738842522943,0.379631641266056,0.0326010440971797,0.179911058369586,0.703620958180676,0.305880850187242,0.681204590370804,0.325094829197752,0.189794547225139,16.2018857582538,10.1335147265395,13.091264271811,1.53979367034376,1.45570483255761,0.00104375942328852,0.0158174582712513,0.0733495763095593,13.2600427422499,39.7165926032828,9.44802298347526,2.17343444163387,0.0966931407596442,0.420043118573208,0.356325291494157,0.0263328390321407,0.649640398344273,0.615782448041666,0.357116856569639,0.434232195436415,0.0502315259727888,0.258817354048138,0.128042406121503,0.0379859611421509,0.558826725772311,1.95569098375651,0.935267015555604,0.134214477276947,0.911681485900335,0.322067803246965,0.223257734000014,0.0505046279019239,11.4001773759625,4.10128482664144,2.17818615237362,1.30710648471554,0.149679192083317,0.196234560371552,0.0665405536180074,0.155912780213083
11.2925783323241,8.6374918385198,2.11543482633107,2.49029751793868,1.47872547306719,0.321841424179513,0.303691303563396,0.128284422994694,0.321212955657694,0.439095118022624,0.00597961721895013,0.259080385162914,0.222969011266264,0.460206741308431,0.49446493034098,0.679978760161741,31.4263506553784,25.0603430482635,5.15947845018046,1.06363102091775,0.383017742645647,0.157090122010783,0.396663706535814,0.0467667051085138,34.6020511884167,1.85396723716331,6.34934421363523,0.872488934815593,0.154416030436616,0.436551682011745,0.0163061927972257,0.0442576978095758,0.569696218640472,0.046915157826062,0.0642468942665112,0.657319099542716,0.473291727981139,0.438756409834463,0.705767723965362,0.175551366928643,16.4110715104117,10.7673331577466,10.902238412651,1.71853450956911,0.771511977045992,0.000948612024986897,0.0299896789685641,0.103133464522751,14.9016011945153,35.8934346703563,5.83603659516843,2.17774036625786,0.01550062690388,0.168101025316629,0.301732346232152,0.0191987695225663,1.01941469243221,0.213387179454137,0.30524957109481,0.598092344983815,0.119982237540993,0.337241401709264,0.106821020520244,0.0394852355160588,0.562626516546627,0.943736309971594,1.49668241227265,0.111691837362963,1.09106162699421,0.323180947009451,0.106592649196301,0.270454269139133,4.13844033042075,24.9043957180524,2.44807994080792,3.52709539013608,0.351191940957849,0.0763337750812603,0.0637141284697463,0.0560184095422442
11.2576167047135,19.4502690925111,2.30268172312084,3.6651123729782,1.45612424551969,0.370556278819774,0.206911699191187,0.125476216782499,0.312919501058691,0.57634310947303,0.00273510530882055,0.263852343833269,0.287136624537453,0.426008590872205,0.585196698076918,0.698995600094217,8.57449749883351,50.1872996306982,1.05549022150154,3.72388271213365,0.296619372959833,0.757099463166879,0.388353521713254,0.0632361637422048,49.1477141848843,1.90757253719557,10.7271230205817,0.375484656851907,0.140367815835832,0.444206104068573,0.0113611061427046,0.0499649981371733,0.642418644221702,0.0877359768626009,0.216900548853048,0.86304086937271,0.366611278644926,0.676168374833168,0.386442234189479,0.232909297708139,14.8688491377683,7.02552815974787,12.4292325845708,1.86761396993211,0.320171680509375,0.000885757388865609,0.0321550070604685,0.128672414893226,16.0312885496872,26.3849660341188,6.60271650974363,1.16620673995546,0.0612396039059686,0.41720447049689,0.418611874788105,0.0148913982865527,0.685106003586971,0.128954495779489,0.424272503107083,0.329426320461395,0.259774387683722,0.177302339095321,0.112251566413143,0.0340209378518216,0.584861288612608,2.64159366084951,2.01278829188854,0.196533031299335,0.664925109754671,0.215441925823286,0.0433544593933673,0.0758133681690073,7.39718086273834,10.9619983956825,3.59072452672756,2.14472296559266,0.176995275789878,0.152205652656748,0.00563353185723835,0.121976768775439
12.2356837737472,13.9577929240535,2.12433108265903,4.84911018854416,1.31505758019114,0.438573168678409,0.218779191894904,0.0683676772594214,0.254181498199918,0.415358171973117,0.00634648336440547,0.581530729832395,0.260539266318229,0.298376529976943,0.487551300385242,0.696821915341806,19.6464240517878,45.7916658586714,5.27695051453175,0.803552636544572,0.488275833533023,0.271097485722863,0.532926507008825,0.074901249208935,20.7789526729633,4.49034239447864,6.44091209588754,2.07480684151738,0.141641652824699,0.914976019393617,0.00787867672478352,0.0858299825614886,0.388946796211357,0.128616662367181,0.321710314253486,0.383685903041705,0.39290767468806,0.744764114158177,0.539353400593478,0.224853618341881,7.44640945449759,3.63180353643335,12.4455829871319,1.47312776534079,0.425477657435447,0.000748380789693618,0.00663701959945796,0.135102383813642,23.5311176515154,41.7875713741245,7.70892905373546,1.73750287183648,0.0389231798801547,0.342015180335437,0.308592241744927,0.0325483412658563,0.646438320052296,0.256132027308285,0.406872888267597,0.509560789601604,0.190380411804542,0.331554994884758,0.0956925708266801,0.058045555339329,0.481939899948052,1.40822792313209,1.55202819295009,0.0972254596574245,1.1354988208328,0.119366367305851,0.195101314025449,0.128845709158673,19.04620191616,13.7262319052443,3.95285329396748,2.13745848758647,0.110275833369445,0.0828154672484951,0.0268202596868375,0.0920695187489349
12.9594701742415,16.7871627592955,1.52218268260494,2.80753262811823,1.36336675743,0.382085633122808,0.244392046541644,0.067171889767481,0.200916654007781,0.439803817921227,0.00178686119441074,0.161553701617075,0.26017385731806,0.410624952528927,0.853643885790421,0.623179272094352,32.7840554247212,31.2466274587264,5.98011961688584,1.52242192231154,0.22127071324816,0.349412047257626,0.400665627620948,0.0588993183337671,37.9673705854282,0.629414590971821,7.21641170087039,1.28481705560166,0.116771951135037,0.529615213457986,0.0145029083414859,0.0392445136786614,0.210640874932536,0.167771250702262,0.280189272565243,0.828086198637218,0.511865524243033,0.40578311061937,0.265862477048921,0.502105608941213,8.82554528493333,12.4100936105134,17.4739940438075,0.2199489466653,0.679096855090667,0.00131896102441143,0.018273349570807,0.0518630621326042,23.7735357174186,33.0312795771376,11.8259719412935,2.53012127993843,0.0848130712706828,0.183380156467765,0.134249455798482,0.0219339363529991,0.827136817713,0.260814304639589,0.508028776301638,0.525978696576216,0.111772110374546,0.219565154765345,0.0757313871002397,0.037867060198518,0.451004704741036,1.76439447348615,1.00477402482317,0.0878820673702362,0.801953405769323,0.184518941566714,0.136502726467939,0.110548857352231,15.4374701171871,24.975296552423,2.83809157610298,1.28539279863842,0.349955160230341,0.0871785035923242,0.0268668246488978,0.0514861362418542
13.6593261210217,12.6154653499138,1.76833148191113,4.39966240801113,1.50765431337313,0.239188482240848,0.40503781695147,0.0829703949009365,0.200150753661098,0.195433324826053,0.0037715003497358,0.50004480844073,0.261317207738042,0.434331413488187,0.579582235780738,0.629135854231975,24.4863664405919,37.8617276499191,3.47912747441392,3.22180412244961,0.258102417677246,0.412333944265289,0.273499396654708,0.0606884566430398,34.6184238375175,2.74384085937079,9.50242394520917,0.545599748969915,0.0546613304426656,0.558388632696017,0.000537219518691153,0.0399060241862869,0.38891657827033,0.129911004632743,0.202275070683431,0.633070965366609,0.241567813079397,0.577167694791346,0.377022163296669,0.390494544549167,11.6060984406586,9.91971365802383,14.0478186850675,0.955680978019689,0.528362044929042,0.00104293600968209,0.0160187559496973,0.0837911429907186,13.6397996290504,35.4213003595373,6.30477788556098,1.82291490523752,0.092357820754085,0.410939444530685,0.388414784472594,0.0104578154215394,0.644878404215231,0.501791965618823,0.200527020854081,0.389490169138836,0.195113806686727,0.197444124385336,0.0860900686765981,0.044100296553469,0.325853729543824,1.69271652704807,1.8358190786842,0.198487804631247,1.13994450305254,0.127130847959028,0.165894052476205,0.138625589512608,13.6097142739062,25.0413436242868,2.60391885004876,1.33141447607053,0.328455814076379,0.0972973980507737,0.0496995018550757,0.0774431021154498
15.555044877248,12.3796938143964,1.31364985865407,4.32714474738662,1.36160271037547,0.299036791796456,0.220679582868951,0.0356955933633777,0.197419762985538,0.347510976975887,0.00220646449940798,0.318005682677709,0.0912666177596191,0.357071058064757,0.438016255126153,0.809443473144623,26.5182919749051,41.0207660251516,7.37158095866831,0.638880296467229,0.322072764600621,0.457996939373951,0.442675448182785,0.0650333870027131,56.0374015388997,3.62312378773116,4.15603351585754,1.17632441050053,0.175680640784347,0.463901348874229,0.015955056732166,0.13466577984749,0.549344933206963,0.0755741437486265,0.259010449484566,0.730608108697414,0.492602792908221,0.686098901075713,0.475763365364447,0.0600284397909563,6.16787834583647,12.738078747264,11.0611833326357,0.790689158439181,0.918255450453806,0.00229186157902945,0.00892184446177714,0.101124798529601,3.53548153661917,29.4995873943098,10.7014697830666,2.36395769838084,0.0321453179358227,0.116822059296419,0.25666483135892,0.0193676306479264,1.09987364028212,0.305043890781005,0.474565552712924,0.370036140228836,0.305232482188545,0.23180411632957,0.136471902633842,0.0647832901134016,0.40660395884566,1.23798271841623,1.54825528993495,0.148290170014352,0.818666934860413,0.244500955603308,0.146167666818757,0.171956630387748,18.9458325467431,13.9554669632077,0.708574139215191,3.76298375116896,0.123127543022745,0.11003572017806,0.00349763576446482,0.127583295965551
4.2754514620926,18.0472554347817,1.73640214069119,3.7152280927873,0.735675027200029,0.182042712918998,0.246474558004473,0.200841769124731,0.0707296731673875,0.0764809571240017,0.00476164252097366,0.545134335651061,0.408741586151928,0.226486513604307,0.790990038686955,0.769954500823663,26.9686159616903,25.4248817833272,4.64936757418866,0.823803954284776,0.158752730184071,0.493870156068186,0.34861191209919,0.0665946335427477,55.0539049527261,2.54767900468645,0.0266175386600107,0.23575848856823,0.127661843640706,0.395682529787031,0.00141235594782769,0.0488489422540805,0.575377843866261,0.0881542397184368,0.423407113534224,0.526134363684289,0.131067514529786,0.906608182132313,0.177538503815634,0.225131853030408,15.9228691429194,11.4902470557304,9.52119080990001,0.967281146517197,1.64231137226487,0.000905459344719792,0.0283918631851854,0.0281587538217613,20.792659929404,38.7036562842857,7.45354664437444,3.05642584845157,0.0844057332045398,0.430067256077625,0.0842572974189285,0.0177803901481757,0.807508589377399,0.383562245445018,0.155875469081684,0.191236753495071,0.274266974923111,0.168741310371968,0.0560905375619712,0.00936137028643284,0.784993513350412,2.37367388741289,1.23005493701842,0.0730750429834744,0.741876569830045,0.276378713228113,0.142833857968102,0.0863179951761138,14.3902851700821,23.6297631110055,4.0390403990815,1.60897727310793,0.341993796064095,0.0108271205005976,0.0453173050571379,0.148373855980088
15.3441407381623,25.4817969820199,2.82385600850286,3.61860908881203,1.47694254196428,0.427406443291608,0.375734519477084,0.0358587493642364,0.16287485770422,0.969700210780287,0.00413283557277081,0.288890716393685,0.221126099765266,0.399814792996141,0.615875988826966,0.751230051463025,17.3561339939525,31.1106147145534,2.91971223089004,3.6453639778365,0.182694178847834,0.596011460769845,0.624624853832968,0.0768857421535849,11.1613858736091,2.84130603329979,8.92799766997525,1.90691213615559,0.10654118155079,0.456974335443032,0.00992780604341522,0.0899223256959169,0.585380648452792,0.141064960112721,0.288873205696905,0.872773420983244,0.367782149507897,0.526384746552767,0.289369044448693,0.249492641567898,17.7655665773444,6.71259036513785,10.8746007195437,1.27750167611326,0.74089399248154,0.00201872309020304,0.0152658952479443,0.121224426561975,11.9236940551761,25.028200936773,0.544698461943455,2.08728311145882,0.0380553665587536,0.569041168206086,0.344917861880088,0.0257564641661806,0.209395441107919,0.483961632974041,0.49303064002902,0.232737583080022,0.390312009592401,0.326515272132262,0.125027650895402,0.0677743732798758,0.735029592736104,0.919792933408656,1.42642071641274,0.0457306273693999,0.850880939116962,0.201390643237685,0.062268640890013,0.0478277914129451,18.2672842283576,36.6761305454467,4.80905162478219,2.23409152544794,0.318562515490008,0.117366717733051,0.0666305314226282,0.122340793673021
17.0937773088648,14.9784454869638,1.75741390029257,3.25119272853917,1.6520102487287,0.306040761120503,0.404095134411003,0.0905307909976116,0.28696120005622,0.245499647989366,0.00310486900778559,0.413005667746368,0.315051009440679,0.25734812757529,0.642612722928094,0.69852116816654,21.8231228498558,49.5237261841236,4.55372285132289,2.62289516178586,0.325242625993757,0.358564817936323,0.175509417879812,0.0785549305349155,20.8959617334555,2.04966228246487,3.27808538932353,1.57634367219004,0.183626137436786,0.661918068670128,0.0119415605458618,0.0159107695880923,0.637921579707645,0.0667389028840981,0.338388844131941,0.67896926166471,0.632868172866469,0.563815432680028,0.463609131531286,0.278198018475965,16.7051801078749,5.49605811523148,10.4071461964055,0.3608150674584,0.772361044063877,0.00111393668597812,0.0161855506536476,0.134824745929455,19.2282900746887,27.5795292571295,9.99447812780743,2.81836680529098,0.161638996698364,0.205989750871037,0.435213995558243,0.0120273914668331,0.361949421717453,0.263789638030526,0.464720475356468,0.274011135361147,0.16494223257789,0.278336524633384,0.0307069331477029,0.0548842976788704,0.255080914236328,1.44226664765913,1.47640840739495,0.0995677786623026,0.616987623160824,0.198693695753198,0.112557531788082,0.123514865680715,16.1292482973806,12.2378615483765,4.5937565446016,2.91154301792913,0.181511248948921,0.163060969289433,0.0378781395108535,0.125900949417725
8.25404225445744,15.3815925096573,1.76123167866712,2.4504888633467,1.64252252002615,0.293954590819189,0.237408209888478,0.167326716372111,0.129059342260635,0.247868468184928,0.00271541942990027,0.269400885268301,0.270142965724403,0.367027603483306,0.445011213316177,0.693535524239741,17.0362447238546,47.3369637326758,5.29123028587528,1.17518161019361,0.37263917931932,0.463194483651542,0.523136986212759,0.0156683658643908,42.1680705560517,4.24216329081621,4.41290359571964,1.99404051732046,0.187947794377136,0.191301378274168,0.00734050235797049,0.0691863799723621,0.746091328753727,0.196385982033209,0.303894933593838,0.871280975655465,0.230064456647544,0.55297000395186,0.718004066036475,0.238417692095865,16.7990129047554,5.9628947992282,10.5695169567815,1.90809498850328,0.758550402470371,0.00296545895993128,0.031128722929611,0.122825155627291,19.5098753295322,29.3032758201586,9.25398214945358,2.03012092765813,0.0813088976676851,0.222752073670739,0.303317111650785,0.014860533444084,0.685463150607803,0.328248863464743,0.166180291082354,0.230519129972614,0.206331259685819,0.50648788410998,0.0708478257989667,0.064704993884709,0.680681370869849,2.30747120041452,1.70475603724184,0.054076538615518,1.263680200769,0.169728848941514,0.0334366364722472,0.0918827725967055,13.8879564458515,20.4053807452961,5.06312266307411,2.29449437762739,0.285352738819424,0.115522206103621,0.0383407164782245,0.125031202149475
9.89202183721209,14.5247674601282,3.95414839391334,3.10265548621336,0.779784977827948,0.372666192628756,0.407128262208401,0.160293083426124,0.264245263957569,0.420110694651977,0.00394419237574242,0.410812266683431,0.358980564821403,0.426583447308294,0.458220994996923,0.618362444385529,22.8441845249809,49.0567725241055,1.49444773435317,2.84516439169053,0.244634833093432,0.328869203530266,0.690660442944469,0.118495852965992,16.2350293939515,3.32391325740688,4.40099403016935,1.81671211205005,0.157509777207623,0.312111841462756,0.0121801841224296,0.0436661022475657,0.221934952692798,0.0865479458648272,0.237630132833096,0.872841222965165,0.407020352223931,0.749049798589367,0.478165206900291,0.430031049712158,19.5832626836918,11.1740849319545,4.86368848109377,1.85074972406679,1.12283840592662,0.000601985577554193,0.00492665970866327,0.0859281008585009,20.9192390278456,30.8097234651943,14.3029513662197,1.90629869510631,0.0710460251284065,0.457854630840065,0.321690273829338,0.0207567850903737,0.930407450290049,0.508717928143334,0.404067349930772,0.119729107395298,0.162873022124731,0.160900344553699,0.125399848392981,0.0507713367288555,0.0357633582714392,0.566668594808338,0.6165356770482,0.117036043985621,0.643964675285795,0.204847843080073,0.107039430440453,0.153416588948222,15.3479747666443,21.0375643411505,6.3773869131511,1.80985674661754,0.333760269636549,0.223404209402626,0.0371522967159468,0.0590297715098416
20.1564412280645,23.0132889135048,1.65906940539225,3.25784158697629,1.21688870283614,0.271910174617986,0.0725332295029081,0.183256843351282,0.264087661062968,0.357700335750903,0.00603242004909644,0.366207120773488,0.30627534879292,0.192844012255468,0.481614696630877,0.851166411368839,24.0370121314301,30.0204682611207,4.07850352840737,2.23480824014268,0.302723913080113,0.545499160353704,0.717896618657445,0.0550936928628909,19.7572142743631,2.86814230349598,8.51333038940106,1.65107537270607,0.253547502605212,0.428098595640219,0.0111342420718489,0.0784608064079868,0.628059851106395,0.0329679438746267,0.235363894635177,0.774992618856498,0.306439553812264,0.699977223612446,0.585511488983985,0.0585051695761874,14.353039881583,3.1109796420629,13.1902841006287,1.56423861674603,1.22301231261119,0.0013829783578763,0.0203528879006567,0.045434821990228,10.7082840839713,25.532892467585,9.99037854144058,1.95488690709682,0.0482122424999931,0.354787875400424,0.321000901096967,0.0168139671228055,0.748309737031808,0.297453955744413,0.538674105612222,0.32017776127532,0.251237392530776,0.392595678008449,0.144569602033465,0.0510288181042293,0.76378191166624,1.48796416522554,1.66343787550661,0.131326586080393,0.797986860109172,0.175125107691562,0.186727128027902,0.105423721626301,9.85152989676373,20.9508406004,5.19206985502399,1.96668910879284,0.337182974358227,0.0796394066641114,0.0569615697777302,0.0682172922837012
9.83220559652558,11.9864650206901,3.31422704853704,1.23629496068181,1.45026377244506,0.390780481819439,0.477272781992792,0.169629138207989,0.0994791262700005,0.494062922876665,0.00485878377360478,0.512507800601796,0.287466403627938,0.332733021343241,0.613286160108396,0.66383463878028,12.156663664281,45.1220317989349,2.44482922197125,0.686271513326142,0.151042235185182,0.454513996159065,0.32757471518305,0.0451244854677045,23.0207865336584,2.00998885755075,6.44872030459388,0.676874481531847,0.159324743579803,0.444358837935781,0.0100260845926265,0.0259427732855545,0.560850240135405,0.0673521261850577,0.327505332808552,0.247549522021782,0.190013451487618,0.541246830671396,0.386729848051253,0.252959143580354,13.0757120035743,9.03322851279206,17.6442591551355,1.42329577293903,0.628312461313271,0.00197504640684276,0.027227163858788,0.0767372648507681,20.5887036533256,27.2747795363139,10.5565998241796,3.15672854634587,0.090216159563475,0.401624353219658,0.145383031870212,0.0146543395991006,1.06243763163014,0.346792172589556,0.194037973327308,0.530315916390941,0.301607992196395,0.553060634996713,0.0942883107272764,0.0242227061374502,0.49884963853752,0.144088930952275,2.63835604725799,0.132748299800358,1.21883451270851,0.171249822973379,0.120134580527468,0.127188166398285,12.4184820648966,16.7109655648201,2.86769138620694,1.88267955871423,0.167146514415198,0.141055683310126,0.0351818147870895,0.11389436366086
13.2269664115582,24.5157175175331,0.93351966023608,3.42794766448259,0.879447785357078,0.303282005229552,0.221207895518441,0.140399801180728,0.392165909363587,0.549032431836005,0.00473217802345018,0.285059641649875,0.106582083818382,0.227031705984185,0.68924310943965,0.735150954843363,28.5102045164764,26.4239294565207,0.245785299499058,1.37098720797328,0.345486844833225,0.126511012982433,0.350255195736381,0.0739459178127852,55.0099158879528,2.89178103974167,6.77698715748403,1.3657700310596,0.131251705745268,0.546803171800798,0.00882033082695191,0.0527555350642658,0.976351980545813,0.0463263787885657,0.258071107561718,0.601105133696153,0.457188551739023,0.457223616420889,0.320650910710275,0.287261113805098,12.6680815811259,7.06619615306001,14.8029033623439,1.41493529550958,0.302636614960099,0.0010923204727433,0.00926301708099259,0.0777236296146952,10.4045847197428,24.9080470849898,7.11282035897971,2.27628984173243,0.0782341831850306,0.582998791350355,0.377333242766324,0.00852660569968311,0.575436825928195,0.22035434405875,0.634937320373769,0.450430101615974,0.183021077954168,0.484225337258649,0.0491189775510968,0.0697108048431361,0.309020382709531,3.21134751101508,1.0597269035656,0.142608442468894,1.23450759783455,0.223011273349943,0.0550566517219463,0.135715679433218,9.37345318494958,27.3988701809034,5.61239689055633,0.376729702020462,0.330186601914232,0.119739642734287,0.012763059238182,0.0817322267269999
0.150966793610617,12.8289751435424,1.40671614305598,5.50052034846829,2.63262151058471,0.304361383848575,0.253772588627783,0.148123067949999,0.250179281681327,0.184996244221196,0.00559298286914961,0.407054934098337,0.23836697175542,0.537132147886185,0.583766987484642,0.634231560266284,17.9668079055965,45.7381999979928,8.18785581080709,3.07053912298659,0.149530180835868,0.343219558864707,0.390230501520335,0.0720654594207171,17.1934774056013,6.93630451867231,5.84778014307785,1.28399177931218,0.133145891069664,0.64665921180114,0.0150452329246586,0.0712379285631996,0.460467171553652,0.0812245956817394,0.400217298060248,0.577753949720104,0.335522007920243,0.347283991203771,0.374932061782603,0.400515677349754,28.0469352710981,11.5979486713224,6.15932094527901,1.91831240405726,1.07697585886741,0.00110467653896578,0.00822400820165792,0.0341345338029418,4.24639817642981,14.4983604353277,16.3507262786845,1.53588319261857,0.0951068321702028,0.280724696130996,0.420167490196851,0.0138157504603392,0.441753291653679,0.343693158133138,0.506959875027983,0.5081492784904,0.201812854457513,0.301005888539124,0.0636812738101996,0.0345166822460305,0.670438478858847,1.73622093616525,1.24891748848067,0.0907402244977243,1.38528604076905,0.169829761491982,0.117924293738246,0.0451661775765486,13.940536198131,1.89661698635389,3.06057572913139,1.4448418903723,0.157838258205848,0.179549996341206,0.0251460438803638,0.115899267837709
10.2600150839866,14.4638223867353,0.995017205234053,3.4735647852197,2.15183375496622,0.38023524573214,0.0852521808569266,0.0115493756488458,0.149838204731377,0.0933804915038884,0.00545989443617656,0.438399602358723,0.455359018334556,0.22567363970901,0.711474884448413,0.652734015682163,26.915358398394,35.1604321545877,3.73498041181177,2.97802239326321,0.228295049428733,0.476076055969533,0.747807961714007,0.127639787142913,43.8647425555865,4.78851818963818,1.57973524255901,2.65434527256722,0.077708260668324,0.207963531417176,0.0120747210392916,0.0705473091820297,0.467610208639697,0.112875618925348,0.1395374267555,0.471932140640417,0.143053126608954,0.667669841048341,0.445110388549131,0.289075086332149,9.63022094910297,3.80578684116971,16.6520077626711,0.440360739167738,1.46600612478769,0.00121398511579527,0.0349360024761374,0.0799358925043203,3.22655529507021,21.7156586976245,7.28636096568304,1.50104109591312,0.0788746795252873,0.274170377851407,0.278351866015221,0.0217673336361333,0.322769016707168,0.300445500965763,0.552565723732784,0.330119761100526,0.0671054151760023,0.410333771222388,0.109780941330778,0.0362632177464605,0.726585477450843,1.60300824222472,1.86026263841974,0.107540052861653,1.02490370009682,0.176079309723305,0.109716212515756,0.13551885870783,16.711755781391,32.1436021725292,2.0154232504104,2.49189436913067,0.216181253472918,0.105746573476127,0.0317067096553864,0.0933309911764046
11.7381736173861,18.8555421187682,4.52803932445178,3.89331839492238,0.596960861461168,0.480542612723769,0.108020630314382,0.0428386716252176,0.12989403768284,0.327369472790151,0.00552648864256916,0.520806771323405,0.236704255443674,0.465356749850977,0.451745558502498,0.705848397561211,28.4233514089245,19.1574545563517,2.76358248016515,2.81759276919751,0.232719634189147,0.605945709051785,0.370589847097475,0.10971269198166,27.1754534263448,1.1867000086655,8.46090864765928,0.545713668645283,0.174841464999774,0.622124438022845,0.0116603708446301,0.0767178912155069,0.538234231236815,0.130363416373407,0.466944238795488,0.666383843872357,0.232075953276769,0.421664290909161,0.5138085645789,0.296248102173643,9.50134828726805,8.88083792631592,9.90741623879029,1.63972357982915,0.859502203468149,0.00157946272071772,0.0136491967189182,0.0873202145151063,10.9505516435278,37.4558757057409,8.31778344524371,0.891983014489824,0.0429376492190536,0.366022910736188,0.261995879872185,0.0392087600107731,0.466104094803114,0.3905346130698,0.620524047856366,0.0931200118673322,0.343584846052803,0.347919922192422,0.162643471777301,0.017228683894134,0.358716426399345,1.3732339540147,0.755940737944115,0.192549615069211,1.09171225723874,0.0819313965347225,0.186667046303285,0.109982342458405,11.9382995270154,16.2036374238016,6.28885576909394,3.45913924562701,0.447134506508356,0.0632076319034853,0.0393308534348142,0.0692222506680515
7.60398299743117,21.4270000760568,2.1649755300011,2.89423147335173,1.56590311224233,0.402785581865057,0.160488733623904,0.0790695675421288,0.267781983864861,0.656567734739255,0.00422119433506181,0.585755534331805,0.3071507211492,0.218953135785883,0.635689326056353,0.845637367821073,12.0708248807593,46.3574473885304,2.5018286155917,2.84061573070902,0.097011521520929,0.369883982439481,0.672903571709889,0.0325925196799988,47.2516042815061,4.3675133323389,10.3147719476645,1.1648256780562,0.249635004066411,0.486731649443789,0.0158412651184925,0.0343285904257655,0.559002387696367,0.0875110591381971,0.17284289759783,0.466901472987272,0.281514942630992,0.870430007998122,0.385632650659561,0.0606829965221909,27.5761195756001,9.63860439914938,10.8174551715983,1.48884993002302,0.945172580185107,0.000727801624303752,0.0271145041625763,0.0631001346593978,13.1174522635139,26.6549216737936,6.73777973026718,2.62142952063342,0.104489621727629,0.204316769806784,0.333437265602155,0.0298253338386482,0.634799282888397,0.184799295304213,0.810725255681786,0.196860979853482,0.180322598823459,0.187093138501157,0.0938475298404374,0.0331941989615991,0.446441795648955,0.909808635946168,0.905803030719615,0.162607069992657,1.01573183318305,0.0514682439731266,0.146035112741197,0.167754672740054,16.5817914753744,13.756522241488,3.06819999350774,2.42032303979922,0.358576258993519,0.099228411928527,0.029022324598068,0.0822580948135262
20.2252675765527,27.1412490186992,2.24750376082215,3.9797716970621,2.23975868492204,0.194833925671893,0.159855432876701,0.103358408719141,0.0880430260115554,0.463220154448114,0.00583426314266886,0.450430596269102,0.195345663115599,0.337676935433229,0.784030808112567,0.618120981519033,26.5160785553671,52.9866720034201,3.76120880418984,3.73788778554224,0.396970631822002,0.609934526362625,0.361046285635074,0.0782255954817729,0.356780491992492,4.36534028903852,8.56661978117835,1.10820985637862,0.00827785192643541,0.840504719996662,0.0216672540173017,0.0275580942090124,0.345245964404475,0.156184858888274,0.236094677066826,0.752620707184039,0.474239490684247,0.492657025451489,0.278901920082357,0.332458690061534,8.52786203011397,3.29469817670752,13.7398096279283,0.331499858890651,0.88882144349298,0.00159550961744182,0.0138619660320657,0.118072828769091,7.88341719426803,30.9016346427512,4.94583442363346,1.2450062582011,0.0609457561989245,0.344634094687751,0.257928918720025,0.0143904002877895,1.20293893610227,0.418142983458332,0.780244282834081,0.352422256480563,0.346887587993363,0.197728148378133,0.113023028719247,0.053429168428126,0.454680201673998,0.870649564182287,1.05765726849773,0.123507168035606,0.667033675482904,0.227555082459613,0.142955530648388,0.212397484793527,18.2816238168978,27.1037121108289,1.50465399130898,1.79387300431434,0.207692740652183,0.0297015302797824,0.0178409809731071,0.148867419738522
18.1474656156639,25.4740428301641,1.55956962402423,5.02710942462477,1.04127610086167,0.255450821518349,0.312010109127059,0.0856972081987992,0.306901602108459,0.648551392069313,0.00240427564136123,0.316463883804411,0.242451990947122,0.119744802078219,0.349228797949541,0.733974617163201,13.584619373127,33.816252328844,5.57516845328094,2.41971390818725,0.320073609752184,0.154656194563762,0.261860211271993,0.0576293889984987,22.3121313529973,2.12431933176758,1.7586960648982,2.33606280956281,0.132007230567522,0.339062546900321,0.0120241977612362,0.0234406738611834,0.428046113513181,0.140579822349385,0.113852897003716,0.625746354407936,0.565221034906895,0.893799068876479,0.596065857545624,0.226784478063023,4.3693606443855,5.85706196303216,12.0955969648793,0.364708809552417,0.315195970038443,0.000973077426611817,0.0113724461247444,0.0789429925869073,18.8788834467117,22.9275794470335,8.1434118873198,0.953784326989042,0.0867179325845627,0.54054564372383,0.313899874364516,0.0120388613116698,0.812711417150134,0.247454228432144,0.584968071029878,0.457112099676958,0.357027371331261,0.558225214125374,0.103165212976219,0.0638579896518633,0.359520525426321,2.2164316829491,1.86729506248591,0.179376811706901,0.809926933279486,0.061052049122662,0.177005638766281,0.156339459153369,29.3581738843963,27.8417775074836,4.16671477950783,2.31782863686813,0.591550147670882,0.18250578750462,0.0716830550752073,0.112503511427333
20.6768793102121,24.8908160895677,3.23926722272023,2.61259200748734,2.23453383031582,0.308153258800093,0.14725713034317,0.0877671305772036,0.217125541496526,0.467278844059755,0.00513957926656891,0.494205028862682,0.382893109664716,0.600517021668287,0.75826044246578,0.672179747889538,29.9826730667676,45.9029294725217,5.2981031904842,2.31537817447355,0.490658108714827,0.839897379826188,0.705026491264755,0.0197747818294503,44.4855826965896,0.782852661075161,3.05727066205616,1.97969168103785,0.125163218712091,0.307496651154297,0.0145377993760073,0.0505702328235316,0.165604769242682,0.0555681428944767,0.2135540987455,0.755418528936943,0.44572053824354,0.207341232885754,0.332466901067245,0.326489636467842,3.1573296119464,4.76488237707288,8.56177482693102,1.32966033853963,0.944757399991554,0.00100288505105275,0.0240354042951692,0.0752635453272547,17.9231324497746,30.6293041551579,9.32034540877947,1.40268078602655,0.0358479539206811,0.437762317362991,0.442308846864961,0.00111293236885592,0.461784528888946,0.351707506410074,0.550524877740849,0.287702252721038,0.0730988932386117,0.194513247505138,0.0298863448116309,0.0424950173858411,0.408809721493231,1.76323146729715,1.00608240534097,0.131864217949539,0.535933520295313,0.227852707629891,0.0485979409392196,0.247020088727398,4.98131192012732,27.9646379653918,8.23987283844192,1.99592536035838,0.441287501931027,0.0941373650699993,0.0215687266482801,0.0949764141480362
16.6609881816797,23.2679969742284,3.4976025390014,3.24174063647449,1.25682746709824,0.452062834079507,0.474354473057106,0.098580640541847,0.369924259771134,0.159243723740195,0.00434753564388261,0.484102042876585,0.168065862703234,0.2816164438572,0.837422836123936,0.719950862772884,4.85991446194076,31.4713583797588,3.03105531414797,1.94261580448745,0.259374567488088,0.467866884013589,0.0475745083341601,0.0701390946654831,26.1043502964101,2.96392616459475,4.34688408583221,0.42603799999628,0.163469227311362,0.389713261169721,0.0130034146526448,0.064129609387016,0.369561246920573,0.122298341532676,0.100875568690499,0.254623027138126,0.55143956617075,0.623732666544434,0.0930568610111642,0.326811954104802,22.4171732904762,11.2993059016342,11.1937885341752,0.709495853634428,0.290699196502846,4.45702353743251e-05,0.0284095318511212,0.0690879835717562,16.8282926846004,35.2743883346242,6.21145082029933,1.71228475238422,0.0788230181185528,0.394641048730539,0.346542445086089,0.0292289442278156,0.945087632067175,0.248164321863376,0.109574418677093,0.544831388894727,0.244373682012706,0.421573493688458,0.136646041559862,0.016656365381039,0.466589245589181,1.88174240443669,2.47130415953303,0.135828108502117,0.83113223858738,0.0491284518689184,0.102966967535038,0.0980388526564808,18.3910773479464,21.5111409358749,5.96525249415486,4.01798246828269,0.32502190636497,0.111473632053907,0.0291088624995568,0.129350811745358
11.4661845849567,7.54769689345472,1.99164520377249,2.86098737966734,1.07743131738823,0.367675029505763,0.225804872335257,0.0585018764223335,0.216906901492604,0.39755802594306,0.00157980504331104,0.488948692452216,0.402737730722305,0.125559340236439,0.649201006289591,0.774656953670006,28.2658580211596,39.8259062153463,3.23998714741746,2.90224993758038,0.126765768074347,0.13419198717358,0.193722865272793,0.0726793184488001,36.8881779791805,4.00415999171582,4.41161820387254,2.46104977320804,0.0730555880492834,0.641550646068266,0.00857267366030876,0.000871639562166904,0.406781812393808,0.228577259847019,0.172684268128922,0.375215661105372,0.536826711106526,0.62106933085297,0.386434962935433,0.237779247085656,16.8023970429343,9.46089711220395,8.37876825437416,0.563652338507144,1.28442072116613,0.00109622779493829,0.0261619133131185,0.13171007408059,26.2937754918661,22.792562432342,8.02930842964777,1.55164963202968,0.0474686866042345,0.339030661110119,0.516151766198309,0.0179061781447621,1.39617477174037,0.363000181605726,0.563985484400661,0.468406177448314,0.285569903216423,0.555082483986656,0.0790702669985724,0.0250980427186511,0.383164077387257,1.37056313129052,1.18613768257778,0.046216380792152,0.567311570673207,0.201821096400972,0.217216925500775,0.0608080311534626,23.105539928388,40.8346193250426,2.35297406991774,1.44447041640138,0.166547188077733,0.0930436679820522,0.0641151981111696,0.0546783162155921
13.0992856116859,18.5137068978839,1.6722242369591,2.03843577515116,0.967248307748094,0.183767841848423,0.269696785372939,0.0816004309100647,0.227999237596349,0.0204629949302031,0.00409923902532911,0.512679139838923,0.334523841067027,0.320071317915689,0.652166114717609,0.522766137552743,21.9301777362248,33.1770101299362,4.96648635357102,0.515767571855954,0.142096259010341,0.241084346809245,0.622094563583236,0.0751317560385765,34.6554486265758,2.98634223893365,4.69217345902617,1.41434976056205,0.155529614100658,0.302609605258749,0.010573956742934,0.0280989669386483,0.60515151636414,0.156607586998735,0.423436856464437,0.591098418857026,0.508300680931611,0.573203055964953,0.3588509845108,0.511939540531722,14.72200028068,6.80677236176553,13.734347534256,1.68421316861192,0.883505783184627,0.000908774637186123,0.0251311509955907,0.048790164306551,11.5936724093437,34.2493172703509,6.46960732451655,1.62899500613965,0.0491404857148666,0.412284052182808,0.161213713382228,0.00297959684152987,0.677122853795497,0.209239676882216,0.351503288965237,0.336536848096011,0.0600376123168351,0.413188639180267,0.0458832508161924,0.0605671159501273,0.363719702420218,1.06233901129615,1.83447456851135,0.0958138599721487,0.822676279229146,0.166902148676465,0.116468433769374,0.12084032494641,13.5161184611693,32.5567442685455,1.99235369629558,3.81062448999369,0.212667397122478,0.0453074424886477,0.00419275906574861,0.141658267190254
11.0028777538288,17.6975321976522,3.91576062016944,3.57859686982926,2.47272254568741,0.419102658149407,0.297646077726221,0.0977193288485553,0.355053457080905,0.231278925125543,0.00433195802975735,0.70170488672451,0.297032006565302,0.431882558832603,0.479547150715681,0.727967480910659,14.8362968734579,19.1652377730625,4.73338559365513,2.63940566205423,0.145478573410677,0.568219095000445,0.699105846123198,0.0591043598977083,16.8295412622817,1.39654553398046,5.79752766483713,0.892981490988986,0.174588282887586,0.284279434775993,0.0100480031197796,0.0774417456525186,0.227989073717864,0.0707519147404693,0.291760511841613,0.467082428321287,0.327511968669045,0.281598702411359,0.490907122947912,0.225580559105629,12.2108501074991,9.8594351955768,7.74218960306132,2.17946333750297,1.09684105600361,0.00142671181231578,0.0118352564161174,0.0900607178713252,14.7408533432865,31.1385927975863,9.86511406555779,1.4667597807498,0.099684353513795,0.61542229631374,0.349778249677723,0.0220242314371175,0.837733493873025,0.664563253133069,0.252175332716015,0.19089645015788,0.253028056607871,0.380374879149298,0.0851140064336185,0.0181445987955499,0.144308395824582,0.36013434074836,1.42537571839146,0.0343911146017452,0.928210127036671,0.239603536629553,0.120860800138923,0.157039547869647,18.2457103335474,21.5744470623121,1.11608011855802,2.8727139822892,0.0985464856224583,0.163205875095961,0.0604382044846003,0.167852814374027
15.0665115190194,22.4790094282256,2.73746322905142,3.67353823312284,1.21821572014312,0.130387140348847,0.388687892425771,0.0501524449124283,0.321401527608399,0.672500651968612,0.0072029516693452,0.406777549667648,0.130788037074695,0.440733626954625,0.554071536100679,0.661699946190401,21.846745399388,20.9140353584906,5.23875630900101,2.26349647646977,0.188967834835477,0.461730429743944,0.302552482226446,0.0352445337940089,60.7013802403682,3.82827190235068,6.36901585722999,1.00369462486799,0.202986044615264,0.45198430508737,0.0104082666480405,0.0928252884243103,0.445589879154354,0.111667524432051,0.38446321965511,0.654223220974928,0.228429531500784,0.559060406837252,0.370458017853509,0.358153367380611,12.3554366444736,12.6643539180987,10.2106484160619,1.77062062961058,0.906834154763244,0.00109580110630514,0.0245050657716301,0.136921384350914,12.2337707246187,34.0101034864882,6.76285139131663,1.35424417248789,0.0996786987145484,0.456919414249935,0.316639942790637,0.0196141932165742,0.484634593133475,0.306060904136309,0.577335749370571,0.327151713283516,0.366362314955772,0.273999291109181,0.0861767225466463,0.0436858967103992,0.466125047169326,0.616300950274461,1.66486129207962,0.067004686081098,1.42746433715273,0.109236800143634,0.103712832020866,0.154207520341362,12.3399979393486,32.5652038156642,0.898607035584316,1.79713510781828,0.319013378262512,0.067999159363185,0.0277927659386555,0.0815166842468987
21.8691318774364,17.3459287250588,4.14379088575366,2.2354855742866,1.50497503767093,0.316192825418063,0.168199592398874,0.17965937071054,0.122562482340948,0.785769648175495,0.00371715471961275,0.387059042983732,0.446200262148103,0.415582590911828,0.771305079279574,0.778331267000704,26.8965916216445,46.1480735064588,1.45828409511257,3.31853512697519,0.34833414772069,0.172353833095359,0.531029595761014,0.0668942306480775,42.0110598715603,5.42390734147928,5.4597354130601,2.15929559760883,0.172217332095199,0.648304162736417,0.00765325575431224,0.103149078356552,0.658607050431784,0.111950114492129,0.20698528027073,0.685196127614689,0.293244986973336,0.461182486241511,0.225972014060929,0.131650332762703,11.2869118262538,8.99764011561738,14.7717606767891,1.32504403753744,0.952942644050137,0.00197875791345026,0.0213448228262397,0.0717789594995227,9.29861772302553,34.3586924584566,7.87721448644152,2.1390098491956,0.0488624943220171,0.230854769110031,0.33423131082257,0.0204018930189476,0.349791727205908,0.210021168249795,0.506882444071128,0.293825451899082,0.202900574676616,0.292144432432497,0.0625365765607037,0.0361070677794735,0.736316611072857,1.70701857011511,1.93121366304536,0.094370188195423,0.60413241000677,0.175608908963625,0.12691466211164,0.135809874857575,6.82953400251318,16.6342723355875,4.91563592776024,0.855684050391407,0.208919560097082,0.113718269637676,0.0638639278763084,0.153709264763821
13.0630832682681,16.563299401047,3.48969538220958,2.29200296738309,0.383507726712313,0.377800760346799,0.304341157560047,0.175352242823174,0.158441956803575,0.563600430633646,0.00616280825565279,0.350455006408875,0.457211162357124,0.228271657476097,0.554939692587456,0.783026141093088,35.5695387312375,43.0890160953987,5.33694686664378,3.24307385569971,0.224166006628369,0.112655060286315,0.205175543951813,0.0820703205025379,25.7495772220701,3.76836786476146,2.14521827432226,0.734996255787493,0.197349688124728,0.414131707830579,0.0135121037723617,0.0656367685852455,0.534900321819717,0.096497647594908,0.243992430313289,0.352079149474896,0.488008804306613,0.802165655689595,0.40929791585009,0.202368095516815,11.1372351489401,8.63075723681126,9.01252213380615,1.39854844352184,1.35219827561533,0.000879195002794355,0.00819155052329767,0.10512888411577,8.89109409405841,30.296446885182,10.315684266228,2.40074200183445,0.0532295669223817,0.472453579208829,0.320271608133208,0.0258398524906009,0.384672539500595,0.0418749617530962,0.472437666076154,0.487411030904406,0.212398301344019,0.277454121915329,0.116705227192268,0.0335193155821161,0.230222568083054,2.02409022496562,1.42438748731562,0.084363403826345,0.475605458686031,0.125639912705238,0.103145096553273,0.136750959278633,19.6842846358535,22.2233952280727,4.9726678905654,2.50837443498995,0.395093390471952,0.0103381387234629,0.0538802661498696,0.155457122412052
6.44067535566828,3.4215340529126,3.79056325184158,3.22709604892977,1.15990515709425,0.255851421851415,0.164889667105561,0.079364943342446,0.193340586869886,0.398618633451934,0.00321755014281436,0.257252926339552,0.296745951728676,0.401077090176136,0.622952952002279,0.692117347101304,22.7185108983993,36.4143391158415,3.88167568666222,3.29862626696047,0.405281799975386,0.372685272783097,0.450269433979218,0.0606712909214537,44.0309335149437,1.26310210818074,5.17577446117235,1.47858867210741,0.126800801817845,0.357061132182119,0.00907274793353869,0.0241211176731589,0.544557256363488,0.139318093623048,0.322397705280177,0.606918663506534,0.521773139359123,0.654633189405629,0.269525048865689,0.270102241976116,15.067272150581,6.3415285500766,10.0197217576879,0.949574355743026,1.42916900153536,0.00225235352590765,0.00682785227995501,0.0803756308570662,16.5667888784354,35.4625641520926,10.5197404858122,3.00393441308297,0.0727863082140407,0.26296751689839,0.29782456641963,0.0304942933923774,0.924886479108525,0.359589707850601,0.503734562141315,0.479412727373261,0.196890460660184,0.344249279871318,0.0973206009002277,0.0715073295653361,0.286404499739499,0.308242159772743,1.3540949055585,0.272156060797125,0.5636291399377,0.0288982930133892,0.21126346592627,0.116115989591886,16.2806338153032,1.93416015811484,4.47978842732051,1.71270837814272,0.167300394138474,0.220631224742687,0.0275404194936067,0.111053861611016
5.40876447501239,12.2235354019769,2.76096044592263,4.08266149306833,0.708745980331622,0.320191078395832,0.456135863332395,0.121580403731833,0.338294570264035,0.421881676589417,0.00471491026934511,0.450882053550076,0.476254200141371,0.328106274015774,0.624067249479977,0.79036338614812,25.3724074224402,38.0440695821137,5.23017193268994,2.26849456040672,0.136358277868382,0.454044662574111,0.254862246879091,0.0417979515727563,25.9399109657274,2.46215827356041,6.4664419674587,1.85037352161765,0.080362965178961,0.668556950110897,0.0106358845611991,0.090348411902197,0.322873393905002,0.133364324213553,0.200743458816865,0.455394696098302,0.381222362485514,0.685479127789005,0.384044865798243,0.146250500043515,8.35901125202828,5.90473374010385,15.777042780304,0.647438044645347,1.42505639664576,0.000641407498014,0.0223352083969656,0.0906828902366006,14.5964571462455,31.57842357189,6.87799694264977,1.68103672288517,0.131432942687724,0.4442061314408,0.146016976956356,0.0182082990582258,0.7907842352427,0.411768995805225,0.827561872297058,0.337807029715192,0.203413927251825,0.164654229026475,0.112899520047051,0.0193189582102533,0.0884376661489534,1.35594919209591,0.675554824140342,0.115140188862786,0.452691860326483,0.278873620990714,0.0325319189367531,0.139878451046828,23.9480329077786,34.1568840760077,1.8977789290307,1.40850001124305,0.226899300240908,0.100646178025356,0.0533547333583909,0.127830287064878
16.6540357432077,10.5194275941632,2.21935088803517,1.80135971086153,0.587413103355788,0.374696441817391,0.143949636624374,0.0786326179785064,0.260835004690374,0.569572152777909,0.0058523917015459,0.356501926135473,0.172961613529787,0.249025417626044,0.623723998010683,0.764536506927448,25.0382186877085,45.8165044221442,2.88604176351233,1.34167054016765,0.237758557376343,0.447798731918189,0.236284066891787,0.0674657552425602,23.6103063879293,3.42088216334038,3.42835202634236,2.46301724402358,0.218967964888281,0.315316312858742,0.0110030252671338,0.00528022997467109,0.226007745006552,0.214230363078886,0.0765956087897834,0.664262737271556,0.424639443186328,0.624525826943843,0.434633770983511,0.171301802356543,12.984765624783,8.5399369396803,13.0426685366312,1.91270155136529,1.50881728421787,0.000354284750506639,0.0300138040121006,0.138192814433196,11.1573368151402,39.2741417230179,6.60214732258728,2.09588818669952,0.0719832865359302,0.291889135949608,0.301027777068047,0.0117564058412718,0.834718906463206,0.327346012768435,0.504544908792729,0.572945427854827,0.197388200620924,0.371064371508837,0.0429830081981675,0.0350286967662381,0.313273140658734,0.912226281243486,1.71606082444853,0.101388903632826,1.10021448527878,0.230932936822818,0.130573670024274,0.143568447573375,9.3074763803082,11.6792656980678,4.27113514689694,0.225895414428055,0.249923304603372,0.0727965537365053,0.0297738562874511,0.135907507895996
11.0028777538288,17.6975321976522,3.91576062016944,3.57859686982926,2.47272254568741,0.419102658149407,0.297646077726221,0.0977193288485553,0.355053457080905,0.231278925125543,0.00433195802975735,0.70170488672451,0.297032006565302,0.431882558832603,0.479547150715681,0.727967480910659,14.8362968734579,19.1652377730625,4.73338559365513,2.63940566205423,0.145478573410677,0.568219095000445,0.699105846123198,0.0591043598977083,16.8295412622817,1.39654553398046,5.79752766483713,0.892981490988986,0.174588282887586,0.284279434775993,0.0100480031197796,0.0774417456525186,0.227989073717864,0.0707519147404693,0.291760511841613,0.467082428321287,0.327511968669045,0.281598702411359,0.490907122947912,0.225580559105629,12.2108501074991,9.8594351955768,7.74218960306132,2.17946333750297,1.09684105600361,0.00142671181231578,0.0118352564161174,0.0900607178713252,14.7408533432865,31.1385927975863,9.86511406555779,1.4667597807498,0.099684353513795,0.61542229631374,0.349778249677723,0.0220242314371175,0.837733493873025,0.664563253133069,0.252175332716015,0.19089645015788,0.253028056607871,0.380374879149298,0.0851140064336185,0.0181445987955499,0.144308395824582,0.36013434074836,1.42537571839146,0.0343911146017452,0.928210127036671,0.239603536629553,0.120860800138923,0.157039547869647,18.2457103335474,21.5744470623121,1.11608011855802,2.8727139822892,0.0985464856224583,0.163205875095961,0.0604382044846003,0.167852814374027
13.6274102905967,26.8439908054538,2.33808496519683,4.19249587490338,0.946796903072709,0.153462437248148,0.259620897503648,0.160504664932272,0.197514296128867,0.250080520193478,0.00175172970358804,0.282788308131738,0.41836897156375,0.488700004367327,0.46696469600925,0.64352001785396,20.7569184404218,39.8430326899761,5.63021394489165,2.59261813331963,0.249553276688878,0.312797377878038,0.325386698119333,0.052311077074054,47.4507924082316,1.14731680908549,6.40052237181574,1.36019269956135,0.0885763320374953,0.217331052337052,0.0132826952819475,0.107671037124506,0.609154730121772,0.110465388623272,0.0920243773314896,0.325321485975101,0.210567994025753,0.557806741447849,0.361687810980898,0.405505183698864,21.3005995926085,9.74268767745782,14.3042993085967,0.791042838762451,0.584597913700013,0.00174897139854557,0.0304914740325537,0.0647669063421767,8.41203821626845,27.0945241343175,11.5266949032994,1.38587341768099,0.0965997268215956,0.595013473089926,0.25514113983133,0.0118931187991841,0.929783479894649,0.356519898832708,0.33081892976466,0.795170256100867,0.241796993522295,0.215332454875608,0.0652586779563571,0.0332076671968142,0.656022529753813,0.955938521577521,2.05272981457264,0.110307442033854,1.01596641185722,0.169105615125802,0.0856386787726922,0.251679535156326,7.78913054996438,25.6727010941413,2.21467223663715,1.75099361446925,0.205374876228333,0.0404854669830069,0.0503001426457126,0.181882033769987
19.5133324855174,15.4734986641278,2.07172021013568,3.56459741056963,2.41347310252933,0.262840553250918,0.365385762178426,0.0497862934769076,0.268800674048876,0.355064993872146,0.00291518678716307,0.135717589135442,0.104345719243024,0.427017531566047,0.489532195753108,0.75724782069512,24.6732109732347,24.0072915814501,5.46010424202817,1.31212427309924,0.141286956177238,0.350620437159818,0.603628570992164,0.0780157849278418,42.2993147076325,3.21893344342903,3.51293936173759,3.14582451021331,0.102833437534396,0.439655002128627,0.0147298428555265,0.0884008649542515,0.314032607360872,0.107438076731227,0.387063643003657,0.823604748396167,0.19516543856434,0.566741929319915,0.498719962540276,0.239099809161505,11.697319943223,6.49772208108826,15.7455657914635,1.05619941107435,0.424139017140811,0.000995270545933405,0.0169824973854153,0.0510655694429035,8.3766706416578,38.1424565351417,8.81084456794814,2.16168141148236,0.0516079528467775,0.289141004682704,0.412905664551148,0.025867130639333,1.01214007750271,0.540892552550876,0.344427195452127,0.262732092507976,0.192308746262924,0.284450342977874,0.0861183433035313,0.0418752411299992,0.529355147218585,1.46263095980641,1.64905573436414,0.10809273437473,1.44369142216009,0.0609438928749512,0.109264515036309,0.048948418685167,21.4221623360603,13.3304721499592,3.60879372707779,2.3744478976984,0.234098980474226,0.134985084374269,0.0309166995721694,0.0860983226281464
12.8734124270943,18.9923150196897,0.46472035196693,2.9476094069845,0.754969004905545,0.265814063944923,0.0870019733367936,0.148223846207472,0.299336735236332,0.659808326021198,0.00420149724222334,0.269493085665833,0.38082704665351,0.198813410115953,0.726037385703148,0.657082424327661,18.3338592150623,50.1461123852427,5.17583446620028,3.41531011660862,0.179075447760295,0.213915406679911,0.630747042158001,0.0826568620978574,57.5047400876251,3.43030347586979,6.20344689015474,1.49943880850836,0.103814785421046,0.434611093768971,0.0180085843569115,0.0731508504326206,0.765457360965617,0.0840017653123772,0.260262565753567,0.601986981239678,0.387497361912212,0.682298629961948,0.420498350371397,0.322377094906189,20.4420242913347,5.34503570368022,10.8834294496575,1.42715458965683,1.83529875268856,0.00153869784078163,0.00432622695664536,0.107580695655096,19.2030465473985,11.9864412947022,10.1591770032072,1.50262784349716,0.0351883623395421,0.494340559430752,0.500041592830069,0.0451942280787579,0.696180083575114,0.303896495645013,0.437740034579949,0.32222223951178,0.255441263051957,0.356132845589618,0.0511073070388645,0.017850339539445,0.622317460226314,1.58169054785882,0.879348361704869,0.166299405211223,0.686925629894249,0.241098820320718,0.168140998143919,0.0617352129774318,18.5977909693453,26.4282621411717,4.26820502897989,2.19357893071478,0.0182304796274766,0.105748241429731,0.0488214557666036,0.0995539386405428
20.4075984655396,15.6576777464416,1.55223155742975,2.36203739957382,1.13223075891376,0.475974584470323,0.305064175517403,0.14645666350636,0.148584804980637,0.414924150003677,0.00405135845854306,0.299291753312642,0.486366751892568,0.310758551372842,0.749438379380301,0.723889050362742,27.3437223866294,25.0592270152263,4.79468592589826,2.98651334991492,0.362545306690906,0.192804345122611,0.796874724761922,0.0635127111985373,34.5180010178684,3.06894829880979,2.14620514326881,1.92834276848737,0.176875090269765,0.309684362958979,0.0098844232637195,0.0531813287943462,0.658227887904241,0.0642891886546999,0.217219406777456,0.583571938649458,0.312814016103309,0.564045658276743,0.220034278018774,0.276709013450726,12.2992533750704,8.98720507827942,12.1250108042535,0.980886897954785,1.27590589022704,0.000541808990421204,0.0189661640534414,0.0451219340269462,9.34900618814948,42.9491276886678,8.83415104069353,1.88576581436395,0.0635486847914389,0.293164762546553,0.0647304349807694,0.0170868375039205,0.950724666618286,0.135062190372199,0.22763117692925,0.417237960047934,0.162335747497013,0.506163028920801,0.13666529012671,0.044327336011032,0.545081167916787,2.01139281088845,1.73903342788414,0.108122849599087,0.670355779024033,0.0512479176792195,0.164117440986187,0.0717837245661589,18.4277752215304,14.2697510382172,4.81980301708017,1.4852373605685,0.152650241285136,0.114366025864167,0.0481650639216498,0.105299906762239
12.1408356299342,11.747279300815,1.96014430842254,3.71014729964441,1.32918822352845,0.349859872808379,0.397134878717158,0.108813701597449,0.231571834513095,0.322929760838543,0.00650196576041086,0.249758938838891,0.117912000481498,0.308368767138686,0.802307538185972,0.629269709973646,15.4160653611925,15.207326358035,4.48439139054222,3.14445413190981,0.0530370968503203,0.248545032424593,0.717032984423304,0.013747058045561,6.35919665181683,3.40794763419491,9.25911872765344,1.50859469836081,0.094647050336762,0.303531681290322,0.00440179876961264,0.0661090790759336,0.627262842683301,0.126368954214682,0.184889137688982,0.498948698815636,0.661683519273389,0.461324805614261,0.233357379807667,0.447789732409341,10.5867870369362,10.4039995423622,13.8531362668229,0.65571270788614,0.540688786015949,0.00163222455318085,0.0151305703773896,0.0424758767460923,18.3709764624523,30.4673622433397,6.88064278266733,1.54371704100749,0.0713332626058348,0.486303190123164,0.289502811788251,0.0312498924802348,0.91417625295876,0.186925408875626,0.369823627840251,0.71413383431204,0.0167722440543435,0.423563380767044,0.0289058608040585,0.0364625727766977,0.651868820101147,2.16076644743046,1.67552081444083,0.0931508513832883,0.991946991603219,0.204135660723053,0.121879536369425,0.0965085747863335,20.545239816502,15.6876663732301,2.29911357520749,2.01091914141767,0.388687052435597,0.098471781885897,0.0607400773879797,0.114080199778707
15.761346507566,27.1839488755857,2.13542739458911,5.11831309622551,0.790214446159505,0.621795441528365,0.171312748665344,0.146793915932794,0.319801930643558,0.447699231555277,0.00395200449715141,0.363533776235143,0.19621612633829,0.462602136831845,0.578863127864141,0.771662029679889,23.2037698459954,33.5583257270351,6.48891045379277,2.38728582408371,0.526009253381548,0.121142834876548,0.399479392081138,0.0912222874341086,0.187859765668115,4.20308800727249,4.73998106159413,0.708512920047196,0.0508095879961123,0.352889491682015,0.0101293049680641,0.0509893284105328,0.466944009068316,0.0743820736016834,0.243556313513444,0.383612871633854,0.56630856491262,0.47210054881194,0.477230030689325,0.153546008565989,11.212068365359,10.0194201299268,7.21409518935839,1.1065312778963,0.138790593237132,0.000753236896007312,0.0194137305108277,0.0899428238407937,15.9503618618082,20.7539265391962,11.4986763184888,1.62779809153875,0.0837259658918769,0.421519742656488,0.488517830977243,0.0210749684805061,0.604235524392275,0.266590348522809,0.358667683236444,0.812587938420354,0.299608393985051,0.385310913782806,0.0588838966888487,0.0811585103619852,0.48861860998945,0.497270613352621,0.841019005173612,0.154743910422157,0.338297295275382,0.0647555618748058,0.0475005062815301,0.0408084937937301,19.0751608064473,28.4599003849092,3.6540632404103,3.30361382380803,0.253186492502982,0.155350713337509,0.0513972763963331,0.10653641937079
21.627616020678,20.0755562170728,2.31110891280431,1.84286840686131,1.12179198244122,0.257849414993322,0.526473192351623,0.182829975798032,0.250704805639575,0.2038092426365,0.00285641848529562,0.294535228666657,0.250912775163552,0.415933188994515,0.523883579334307,0.657930847356808,18.4736069920442,21.016292474245,5.74415015504594,2.54567307499658,0.510516038596365,0.109503600106023,0.226940918064396,0.0717378120830251,26.8399792157474,2.88214679794861,4.22235877675356,2.03077651185864,0.0417426575215518,0.669309115194273,0.0118214430383119,0.038663055471713,0.319770407442182,0.137182754916661,0.169268388798786,0.669208923677611,0.400605968446649,0.492382861947565,0.323516262616852,0.302402823995078,12.8321462163426,9.71935244228559,11.5024124697132,1.20961015454782,0.782139885019214,0.00154033830979556,0.0154164663173944,0.119442735186937,13.554454682528,30.3345915205668,9.84997702537602,2.06629540827827,0.0464637380354188,0.432563391282537,0.414773249619528,0.00561979057987196,1.22725299069944,0.263304191334905,0.503934886752448,0.361600823872497,0.148423361389486,0.368892259850951,0.132974858218629,0.0380264666382714,0.546713182911508,1.33040801688859,1.71978732820922,0.030456522345806,1.12984370274549,0.122983698003406,0.108585356687697,0.116769797700267,9.99939825404216,17.9773496327365,3.34494050192699,2.13371832243197,0.26069767141958,0.131899616065368,0.015912276327912,0.166943176520544
11.3236495520774,8.55303695613981,3.2352100899727,3.290105773454,1.76374887415575,0.269985778235343,0.256222398895677,0.127464484606461,0.106098676693454,0.501832167652525,0.00478391727301013,0.367403309590179,0.243074348882656,0.277153912282962,0.535106055918222,0.736643470886809,31.4662463036521,34.3468176836845,2.63121467030417,2.32216385335825,0.194546189648407,0.298955269522223,0.538272632587797,0.0934686762750636,59.0469692761102,2.4817859169014,6.70452225864622,2.05782545603773,0.166433455253587,0.145265782124823,0.0101436088797499,0.0641423561515385,0.503007644707572,0.156484855034786,0.198114119140631,0.706535968613023,0.280950964669147,0.589579680990748,0.617501304472417,0.30540950367278,13.5195471193713,1.97345433937519,14.1971522734353,0.905541752649329,1.09617446241068,0.0015256123947768,0.0212962275771869,0.0946635324941605,18.0853222523093,39.520029318827,10.1799151093572,1.93156106381555,0.091571058144441,0.182170947381063,0.349485358678792,0.030156098200852,0.794868322639977,0.121667157948526,0.452264517165519,0.211763653086892,0.152979535506678,0.507975504692476,0.0509839132057397,0.033911356367156,0.94253570233058,1.08596382613684,2.19182696771211,0.152173140835271,0.792824001867804,0.0714892873008449,0.0677640009690699,0.0890667894130321,8.89174532571922,19.637012877532,3.01564119150029,2.59297441818495,0.190909006508378,0.109176346606664,0.0178243507845618,0.125750632575249
23.1286710185549,21.6254348019277,3.77872791443616,2.65586911305145,1.35497241874343,0.104737370193073,0.335008062008271,0.0763270730530585,0.0996288398762871,0.627491110968369,0.00268222958094736,0.442241699025162,0.356945929389827,0.251181954451406,0.668367519184147,0.45242097357098,29.6158221323632,40.2622009893443,5.1365462087806,2.85214417205987,0.380018294518436,0.215222031843926,0.25243699995528,0.127077634741686,49.9140056472788,3.36401876565295,6.20883744946621,0.42156259414524,0.0871465362461068,0.577153246132619,0.0159698377733535,0.056704373262527,0.631585248053401,0.129222681289074,0.178365928148932,0.649087092800965,0.511228210519675,0.92262169686176,0.35422477495545,0.495947726435306,16.3767433451841,10.0732298180434,8.34729803347318,1.19106126492992,1.17970527018713,5.43437247622464e-05,0.0229221522792652,0.103473338024006,2.61995238738338,18.5033878615159,10.113518408326,0.251148451086909,0.068956244032375,0.56084350132313,0.172034715924568,0.0206665983179997,0.753746373434527,0.272450122244841,0.387156819738863,0.334293409662604,0.11232329713301,0.252620478895922,0.0815383600281295,0.0750361079971461,0.572915155454222,1.5963393120935,2.50731116399121,0.200382602682004,0.593839867362948,0.112571232127632,0.160096121572804,0.226414493768834,23.9565152860453,24.8945438734774,3.60742985824845,2.73540556022473,0.268582997605808,0.193509112879047,0.0275151816137574,0.126836222562221
14.5685586280789,20.7531940247106,1.77884227963139,3.50619566465583,1.76408844937079,0.364830989765661,0.230658164592535,0.102792208299225,0.173322438765393,0.0751497799657628,0.00495064544878379,0.611801137800667,0.468419483451205,0.263323199672463,0.687231589041371,0.699604343715801,21.5857104035999,32.5241976798301,2.26763674180009,0.656163300320007,0.206370929750952,0.360142447658448,0.444730222563534,0.0994313095616377,7.52520465342994,4.69990985119343,1.32549232089094,2.17474102125501,0.224867645113697,0.0457901349480116,0.00402693433220539,0.0198111782927752,0.356618831460445,0.150423303802413,0.106988595338247,0.493025508953557,0.511868050425801,0.820389061783877,0.577034993824888,0.221526519483409,15.3107482115695,8.69314189865908,10.8113814683774,2.41774515907658,0.949349381803115,0.00203065853171619,0.022581776587333,0.12746807371705,11.6216245910355,39.1469681570433,8.6663439442829,1.46966783233442,0.0369518236212536,0.347036502716451,0.220460117744328,0.0141584404220259,0.448607762479302,0.0758606640593698,0.317429636533587,0.320109564793728,0.101170046366452,0.149276091063089,0.0334931969594998,0.0485104995050249,0.64936582236249,1.93725623465745,1.61968014322445,0.121942115487066,0.351618085403203,0.0779306312569723,0.0976082296980362,0.2623673666059,22.3447704853083,22.3959108948014,5.06402732847059,1.77146337192601,0.431601828718857,0.0496610591055491,0.0427470174650738,0.00457414332260142
17.0887273230779,20.293769158611,2.73467780336956,4.96560855786594,1.60716884340423,0.261641710346605,0.197674592492926,0.163371720611578,0.071329793107863,0.475408327288074,0.0074530424036529,0.392571176336983,0.175505907649629,0.322036328100959,0.58386763583385,0.689244271611382,20.9133642146796,41.6185283439074,4.76169197851842,2.3146787464481,0.452109239377427,0.283347755217331,0.555820478851697,0.0679969209615063,22.1951224321147,1.90825431154567,5.22117515560772,0.807477259138248,0.0754154235931046,0.191497975107875,0.0121967504872076,0.0100364244355487,0.309880136779463,0.0644193664705801,0.077947225531716,0.513550804653925,0.492407274917468,0.648627371762251,0.527321041832542,0.201022320745521,15.484919382871,6.03438309695739,10.4558540394012,1.33935941575243,0.649323741818898,0.00107235797115376,0.0118588489955869,0.144931335061534,12.852525333435,36.9089394816898,11.0658120754997,2.0731376350975,0.0729704265310342,0.413283927339589,0.281073704551319,0.017307077396554,0.803858796020192,0.118039445640695,0.492051918741248,0.466287044517291,0.177198647795571,0.390194822626039,0.112388211993611,0.0485375293449845,0.573187585183938,0.847920013979697,2.60547446640111,0.150118225930881,1.23446516821172,0.163789707455966,0.0708138239076657,0.107745100769434,18.0341035929789,22.5188691838714,4.2282888503154,1.87644333601764,0.398750456416929,0.228873975727188,0.0677410090995333,0.121799995973995
4.89467753874044,18.4603069339298,1.9595025769127,3.10168047093468,0.86834098978275,0.157090687754935,0.0764455513291823,0.107719974955516,0.137644116698531,0.476805038821687,0.00367858110858719,0.438546264464686,0.23127475010664,0.334905413092111,0.715099972138082,0.72368609928782,23.2260206887786,44.5621892458607,5.185895901213,0.373645692116869,0.328744939622242,0.213250760385053,0.41268132465877,0.0034587984688846,46.100592966162,1.43607563747708,7.80407632267366,1.82637508923557,0.139578895764656,0.141174042841048,0.0112097580575955,0.062412747720956,0.650997119682637,0.220410749961419,0.4000951051517,0.427435172532868,0.4862833141132,0.65886716699261,0.245097676102632,0.119382822969834,15.4921417104063,5.31249419841978,12.6821603336431,1.2792277028158,1.30035592758396,0.0027318552056919,0.0197416064288978,0.135404015023171,27.0017128223901,30.1588487876647,14.5854428896391,0.189505785813493,0.0483241201407223,0.389847098692484,0.266689992466523,0.0139312311554642,0.329642139809527,0.328482532571595,0.310549528926785,0.601767991404858,0.306490656634345,0.348343739352023,0.115445708412233,0.00795761345845932,0.751675711090913,2.93266270000982,1.43656804054722,0.0950272931463339,0.721765808632613,0.164546987007813,0.128917511734129,0.230620314275298,17.3951365367616,9.86942902160924,4.37259349672688,2.75792256866683,0.0624998420664124,0.108518646906888,0.0235078358520875,0.05007442358205
18.3528132336635,22.4976067419929,2.96386888617197,4.95642392850247,0.825296518398039,0.192419494762425,0.287098339941906,0.109143863771986,0.12491327990298,0.440439809283874,0.00713539042516406,0.357440563858412,0.374173416603016,0.197737962568741,0.505314638716366,0.72792043188762,20.900210223896,37.2843217463962,4.67414450346025,2.38792757384065,0.289724827247603,0.575456826444911,0.592229508613941,0.0984976464552165,38.4824732481167,2.42494381491046,7.11320164729931,1.78511053964939,0.211029296170623,0.442742936502296,0.0100493635838755,0.056984235462324,0.442164136361765,0.20520563164491,0.315971588516475,0.517798878627776,0.109558283140079,0.973969624311042,0.480312709830704,0.237213779219285,10.7660895101001,11.7852513579017,9.04741715890119,1.26038150696356,0.547491862654503,0.00154324084754538,0.00856007207356875,0.0561656987954317,12.9359795845474,22.3548137837898,7.8749338854416,2.02554518763569,0.0786219017636664,0.312248166900671,0.335144723017213,0.00175662752371782,0.624156028859933,0.230601159832879,0.38559312419659,0.540078942056189,0.228272347153785,0.227382997408901,0.0984208536135616,0.0384336118808626,0.570770376940474,1.01419517553969,0.946352150210875,0.0704787355505123,1.05705271876436,0.15830507612567,0.152786475881886,0.12069275957079,14.0792643782455,22.3878621557608,5.01250469434116,2.66982863878026,0.259772899329374,0.165736786490531,0.0281818390224342,0.0512252740011788
19.5192107482843,11.6388620479334,4.07140832699825,2.77435381477081,2.29323736074652,0.318199443287,0.30075251112855,0.123777273130519,0.30224725134222,0.750854969243704,0.00264291143696375,0.0438756824088443,0.310859817246685,0.372203787857009,0.688862442729139,0.651084799695838,24.8489870260002,33.987675412673,1.61449917036658,2.00325998143843,0.384162437220572,0.609459584539003,0.548252338545217,0.0581717849396057,39.4519122428714,2.07109623757464,6.47952696881688,0.839111654408069,0.0819833039164393,0.479152509283367,0.00892288651786701,0.0370176504838641,0.468188536054226,0.13565008102554,0.106176961614909,0.907907582265077,0.382518916252912,0.612422610691868,0.326254778473645,0.259352691056854,16.3901478154837,6.21416639851929,10.0321384227608,1.15399829149973,1.95024116344505,0.000592821642822781,0.0158374869062599,0.106873076502262,9.76843525090353,27.7777555554694,9.71055340773038,1.26941822109768,0.0776652134593113,0.663653413725996,0.284303073701996,0.0138642521740253,0.68481026477176,0.132230690347391,0.289126396942238,0.559212018005297,0.0950369696830533,0.163298016328337,0.106233615672939,0.0453315726817996,0.606449525440524,1.15690392461376,2.20350183070092,0.118568521454908,1.18049062425728,0.14878895311347,0.0967090963609781,0.21010617290479,16.213577892056,19.7481398774841,2.63439991107426,3.74154863982618,0.376862560857421,0.103604800966347,0.0492237464432885,0.123196283494301
11.0028777538288,17.6975321976522,3.91576062016944,3.57859686982926,2.47272254568741,0.419102658149407,0.297646077726221,0.0977193288485553,0.355053457080905,0.231278925125543,0.00433195802975735,0.70170488672451,0.297032006565302,0.431882558832603,0.479547150715681,0.727967480910659,14.8362968734579,19.1652377730625,4.73338559365513,2.63940566205423,0.145478573410677,0.568219095000445,0.699105846123198,0.0591043598977083,16.8295412622817,1.39654553398046,5.79752766483713,0.892981490988986,0.174588282887586,0.284279434775993,0.0100480031197796,0.0774417456525186,0.227989073717864,0.0707519147404693,0.291760511841613,0.467082428321287,0.327511968669045,0.281598702411359,0.490907122947912,0.225580559105629,12.2108501074991,9.8594351955768,7.74218960306132,2.17946333750297,1.09684105600361,0.00142671181231578,0.0118352564161174,0.0900607178713252,14.7408533432865,31.1385927975863,9.86511406555779,1.4667597807498,0.099684353513795,0.61542229631374,0.349778249677723,0.0220242314371175,0.837733493873025,0.664563253133069,0.252175332716015,0.19089645015788,0.253028056607871,0.380374879149298,0.0851140064336185,0.0181445987955499,0.144308395824582,0.36013434074836,1.42537571839146,0.0343911146017452,0.928210127036671,0.239603536629553,0.120860800138923,0.157039547869647,18.2457103335474,21.5744470623121,1.11608011855802,2.8727139822892,0.0985464856224583,0.163205875095961,0.0604382044846003,0.167852814374027
13.6019140551007,17.9071234318343,3.82777539812441,3.11428140444527,1.54521793560787,0.267946812741845,0.247036875298695,0.0697555335260223,0.318867336087196,0.498190470565631,0.00667571568920413,0.445326220607738,0.37451627999184,0.417935188436991,0.472746297457279,0.629588366262329,29.7643592973934,56.4248069135138,4.87273967241757,2.44562803065657,0.303547845584563,0.0476170625713063,0.460499273317398,0.108409469576987,37.7742052763813,1.78223032238418,4.46212371775095,1.76894702042578,0.128610462253621,0.393598076804494,0.0166817573141879,0.0415773211282047,0.58108882486943,0.115226933037527,0.182568693079675,0.51333644908561,0.168799926227873,0.610371683390406,0.493728490321535,0.391252955257989,15.0593921761725,7.80449256755057,13.0271932744196,0.952223594057844,1.01677225054984,0.00105676874071948,0.0177964901012364,0.0253025046239677,9.39480092626434,31.8976272287417,10.0621407076382,2.4370812428544,0.0925931153052499,0.397418270848135,0.236800228337102,0.0237116070366917,0.841033200356006,0.290389084978682,0.491971859943628,0.382933069875889,0.149609612994582,0.2132437481376,0.0287082861520853,0.0358468059634905,0.125615612635925,1.80281721195692,1.89745261949282,0.139621544669172,1.26452307058008,0.184901389723325,0.148418535435204,0.124931852415944,17.1119819028243,19.4459932145049,2.39185420980329,2.2624730231365,0.241884763274399,0.132839698447138,0.0319340064299722,0.147602051382483
18.3457823400941,17.2886137690813,2.97489383136744,3.90803408457594,1.02124307621715,0.168441608043666,0.22787277620381,0.127056686199197,0.193733362251692,0.424989733183114,0.0015738102401535,0.547256090714163,0.318483234391916,0.154543337177283,0.656567467444243,0.751298031660121,21.2217199237458,39.6698569361807,5.16159419421918,4.33972357794404,0.330179638604447,0.324593852893842,0.42414736482412,0.0513913189043298,26.7702269552307,2.71680523372728,7.58654161492845,1.28812967922386,0.132997815449513,0.12042833031018,0.0112574680476967,0.0757446240335275,0.481393820676202,0.140154397022785,0.14498612967135,0.478034106276166,0.452336817049908,0.627173685103079,0.34572046462263,0.282076808943035,12.5574598152859,9.43271608925687,10.0380870446001,0.859226796342863,1.19756641880736,0.000875658946775207,0.0191119856166237,0.0443024501032387,3.29399815471715,26.6402700085474,10.6810322174635,2.75583469062378,0.0669726900895572,0.411465702611438,0.223228730251944,0.0113009479046619,1.40774484464204,0.414619971217389,0.524698307146284,0.180734321033774,0.261453980452279,0.352229576475932,0.09158859458806,0.0138693606466853,0.627728304395425,1.37258963067951,1.86975507046326,0.122638738273368,0.684595268479319,0.272882050650557,0.10328750821017,0.134540825669562,9.46060737535809,21.7179325235068,3.04677623025324,1.53059067540299,0.304917716050775,0.185817246660278,0.0634064666105634,0.102306689797979
13.9165502345798,19.5011218743063,1.45231036498936,3.70065991747246,1.65364077488402,0.30597008276527,0.208278662819541,0.136482316904171,0.354585704529503,0.392118959903334,0.00186623422791618,0.377929541556788,0.384777181858503,0.35433300969164,0.341411522901488,0.675431469088689,10.9097453431865,36.8977486139058,2.46349136280792,2.13476818852869,0.49237069750884,0.2699284647026,0.542937208922417,0.000251699650538478,23.6850799824594,4.61755745768021,1.51280538660407,1.79774813633093,0.0335568856305841,0.735983885951433,0.0282799376167972,0.0363292044873096,0.514764375052687,0.130228064442337,0.241848652820841,0.613393753181243,0.265419608860824,0.486434617573178,0.78159678807721,0.233034357341455,9.66836639305389,3.0766896283655,15.1409817384244,1.12825244200098,1.09798882902401,0.00174775315740649,0.0231700700993618,0.0805084915416728,14.7300912435826,46.9727783763836,4.51511261739196,2.63732711442334,0.0641457919970498,0.26821585344293,0.33249593388574,0.0220762775444907,0.864684679261128,0.252659126733156,0.546615217171558,0.310091806096057,0.201236556355205,0.568786848115727,0.0895940336410008,0.0783715424125406,0.174381551049398,1.81376949714485,2.22260752178759,0.13412746434472,1.04417103370244,0.122061749700619,0.106512953043757,0.119442213661221,19.2754694186508,17.9084446230024,1.49758315974493,1.54282379685307,0.317087413772204,0.0100511528136513,0.0326646912961668,0.0616330804533847
12.8734124270943,18.9923150196897,0.46472035196693,2.9476094069845,0.754969004905545,0.265814063944923,0.0870019733367936,0.148223846207472,0.299336735236332,0.659808326021198,0.00420149724222334,0.269493085665833,0.38082704665351,0.198813410115953,0.726037385703148,0.657082424327661,18.3338592150623,50.1461123852427,5.17583446620028,3.41531011660862,0.179075447760295,0.213915406679911,0.630747042158001,0.0826568620978574,57.5047400876251,3.43030347586979,6.20344689015474,1.49943880850836,0.103814785421046,0.434611093768971,0.0180085843569115,0.0731508504326206,0.765457360965617,0.0840017653123772,0.260262565753567,0.601986981239678,0.387497361912212,0.682298629961948,0.420498350371397,0.322377094906189,20.4420242913347,5.34503570368022,10.8834294496575,1.42715458965683,1.83529875268856,0.00153869784078163,0.00432622695664536,0.107580695655096,19.2030465473985,11.9864412947022,10.1591770032072,1.50262784349716,0.0351883623395421,0.494340559430752,0.500041592830069,0.0451942280787579,0.696180083575114,0.303896495645013,0.437740034579949,0.32222223951178,0.255441263051957,0.356132845589618,0.0511073070388645,0.017850339539445,0.622317460226314,1.58169054785882,0.879348361704869,0.166299405211223,0.686925629894249,0.241098820320718,0.168140998143919,0.0617352129774318,18.5977909693453,26.4282621411717,4.26820502897989,2.19357893071478,0.0182304796274766,0.105748241429731,0.0488214557666036,0.0995539386405428
14.2450890406431,14.4584460737767,2.60044794067115,2.14853596305169,0.996378428131889,0.142408236498613,0.209875721427799,0.100483401695982,0.282732124004515,0.458239244800659,0.00284122703075708,0.0624047373207242,0.463776365520344,0.444573236304465,0.575156341149978,0.631950541290845,36.5120661398094,29.9849134763315,5.77684286465322,2.73599330561879,0.204580564794556,0.307684434129341,0.374032601862113,0.0777946839253848,26.4476794772122,3.62322004764232,6.86355941144664,0.546596673313599,0.109523048634137,0.480316795522918,0.0154795379017235,0.101487205400647,0.221909263909215,0.0748508238751058,0.249241571440498,0.895789633050935,0.48874820815781,0.581197957245139,0.550049351955915,0.375182351783288,10.6188372537007,7.54048857470768,12.5697905687419,1.2023413549049,1.06589648609716,0.00122590207304887,0.0123540380932066,0.145667104753269,14.5057325494875,32.0008997281433,11.2128479550672,1.60560829689369,0.0680762385645959,0.29608921064957,0.319898130754822,0.0171072810420093,0.51552531248853,0.36883264760798,0.330353947283257,0.393404641389622,0.1507429560241,0.252823001347407,0.109613738712169,0.0427482251021946,0.402116210585417,1.46324080429944,1.2958344088921,0.167395903061993,0.521791934164644,0.147937698267947,0.125048159684686,0.139669739518242,13.7786613669817,23.1091442734296,3.18636136750222,3.33788621315607,0.269773462466267,0.0736817510117273,0.015626657484117,0.0913372815780862
16.6377093985211,15.2505184544981,2.66403809604285,3.64845649909724,1.26766879805683,0.213397761380824,0.42411946056377,0.0852076635882633,0.279947769092258,0.315776602102883,0.00678627046026953,0.210369578975222,0.159424776184011,0.0813885470429331,0.657872950329716,0.755453844008542,24.5200958820745,53.7165036642135,3.15140856014428,2.78224133627811,0.303011205294182,0.246856914728249,0.507743384517217,0.102301446607802,36.9821141397091,0.803191495863979,5.79606510024192,1.52912073600611,0.202319758442487,0.406145964555631,0.00811252460769657,0.0790476716971643,0.10211049613753,0.0701114201418159,0.167046784652013,0.935621607765954,0.630714869568996,0.825687758761161,0.234553954806084,0.273607904060591,4.75133097119843,6.88452225410905,10.1764925987729,1.36713963953687,0.587030954850146,0.00105933875124848,0.00813159321314137,0.117810252805012,6.68656506395056,35.0321922690031,11.0009141207462,1.15653896200574,0.0935412965319675,0.187938922236555,0.265093704147226,0.0221944593276995,0.948895157012054,0.484637337030994,0.338165721107051,0.255930631234936,0.203481459033437,0.424595692954316,0.115236427195939,0.0316586367507074,1.06000156276611,0.985582108032227,1.83193834697724,0.0864315284870026,0.853195905365944,0.263647831043201,0.0920263196677941,0.162276932926026,10.7940452678056,29.8605533983844,4.46384882993387,4.0129925257582,0.165208442997322,0.135211973518156,0.0208614282286701,0.0963715152737795
18.3457823400941,17.2886137690813,2.97489383136744,3.90803408457594,1.02124307621715,0.168441608043666,0.22787277620381,0.127056686199197,0.193733362251692,0.424989733183114,0.0015738102401535,0.547256090714163,0.318483234391916,0.154543337177283,0.656567467444243,0.751298031660121,21.2217199237458,39.6698569361807,5.16159419421918,4.33972357794404,0.330179638604447,0.324593852893842,0.42414736482412,0.0513913189043298,26.7702269552307,2.71680523372728,7.58654161492845,1.28812967922386,0.132997815449513,0.12042833031018,0.0112574680476967,0.0757446240335275,0.481393820676202,0.140154397022785,0.14498612967135,0.478034106276166,0.452336817049908,0.627173685103079,0.34572046462263,0.282076808943035,12.5574598152859,9.43271608925687,10.0380870446001,0.859226796342863,1.19756641880736,0.000875658946775207,0.0191119856166237,0.0443024501032387,3.29399815471715,26.6402700085474,10.6810322174635,2.75583469062378,0.0669726900895572,0.411465702611438,0.223228730251944,0.0113009479046619,1.40774484464204,0.414619971217389,0.524698307146284,0.180734321033774,0.261453980452279,0.352229576475932,0.09158859458806,0.0138693606466853,0.627728304395425,1.37258963067951,1.86975507046326,0.122638738273368,0.684595268479319,0.272882050650557,0.10328750821017,0.134540825669562,9.46060737535809,21.7179325235068,3.04677623025324,1.53059067540299,0.304917716050775,0.185817246660278,0.0634064666105634,0.102306689797979
16.3539260503524,23.6884622524814,3.71838744282283,4.43194726960037,1.69054522544682,0.564841411833144,0.143843246107112,0.117689804218259,0.211913710012739,0.384068719452529,0.00247692734712174,0.453703335360357,0.466209201724724,0.191498737378859,0.688404348199467,0.608226845081129,34.0436709577938,25.3708004438693,6.4300949457087,2.66354853178059,0.307927905460247,0.431472554992569,0.582265903988123,0.0723113492332008,29.4690227541966,1.12849011733649,4.83957264729034,1.63326283197123,0.199828017506393,0.139272626754608,0.0199298101894273,0.0918670125138101,0.143829548404635,0.180876582601125,0.175886739002892,0.526154517541467,0.592640339257161,0.677350892338023,0.398330999895945,0.39254580690263,13.1916655664981,8.59432092267235,10.5726485260096,1.75343646795176,0.736280624230641,0.00213288056306168,0.0132394417524317,0.0277338408444808,3.90709524914123,32.1926349378663,6.43262075886329,2.06056568676144,0.049395715492794,0.313907863583766,0.378614903566376,0.0193493870260238,0.628793705805566,0.233546072879198,0.380124211884193,0.518663152845819,0.173412432239739,0.415980044242871,0.022605548823624,0.053937238988695,0.761357024632965,1.85080444067589,2.14361387006734,0.114580929859608,0.43307601559187,0.384937565786738,0.179636596068906,0.225209798451278,10.8969022325517,25.1263561553065,4.57806244048506,0.667486178778196,0.277223545492982,0.212519768237585,0.0333765191484799,0.064884947496268
17.0795920101047,28.5692164947512,2.73978559816206,3.56507283953846,2.22580038374706,0.219666154371565,0.288753189678566,0.0547612290161211,0.388754235037756,0.524581071436497,0.00483498688455761,0.633399622984905,0.15650523415269,0.402953362403703,0.53084667923151,0.768832725356466,18.2530191811708,44.5124693202137,2.37203731433608,3.30383785766241,0.31010671323875,0.246646267747845,0.335222348520418,0.0987504485927656,32.4490251418553,2.12272497332648,5.12854669413413,1.44692142764597,0.0181866485909332,0.533443459449572,0.00704800034218386,0.0652376119263683,0.438550915034668,0.181006445953432,0.19757934419565,0.404691774208098,0.429806597976571,0.567682958030807,0.303942634347834,0.286632616450211,23.5107088712596,3.17253356395068,12.9884208878196,1.03061331378255,0.706245754206259,0.00157711582872608,0.00631792579169119,0.159665489082359,10.5176619074807,32.6578300004241,8.86323966834918,2.65484491346316,0.069038726271024,0.164949546417208,0.154514922681475,0.0107961845502117,0.752819560118011,0.28239350321995,0.779297069263191,0.32392984820829,0.204689273772955,0.370114032553397,0.0723963207935612,0.0343157162393484,0.527572086011444,0.870880014930311,0.493262661148443,0.0775398358106998,0.835480469252671,0.171168672837597,0.12471273216094,0.182962188364966,9.88644149902729,7.39957643790868,5.72008675539194,1.90710941494352,0.208376899088392,0.195438052837127,0.0278304141306265,0.0499891305254256
15.8805722427851,18.3740603318254,2.63598730173319,4.82527152635815,1.35405687891826,0.482078579617735,0.0759542221106417,0.150394776099285,0.177066310764204,0.557558832503494,0.00362029892477337,0.538499859824781,0.102703090545535,0.434979520577564,0.709627938120145,0.645651483491748,25.5799278062706,44.492614128801,6.72870010665392,2.93333395763553,0.375095937742027,0.194492939282836,0.49184235325701,0.0608178691402645,27.2999683072452,2.65858179727973,5.03886888093049,1.64768226072149,0.229337824645945,0.457065927454659,0.0154618130647486,0.0736126400957303,0.696098557973619,0.180702976526732,0.486558045690909,0.586650809112222,0.735981264579142,0.681969800292554,0.253239231361406,0.315209685714891,9.1586921975956,12.171894780237,7.91605255272108,1.29855880565173,0.605389475815855,0.00223340746466802,0.01811470398761,0.0743357777682307,14.365937737465,44.2919626727317,8.69608885187307,1.15683172646642,0.0163292565806522,0.164578797535771,0.454353682214482,0.026841147516503,0.45998949207787,0.121450442813221,0.611979676326551,0.0874025683514032,0.175080854675172,0.232187086455461,0.0192405062524932,0.0335202282061266,0.590015870925978,2.22143318758506,0.721348507730188,0.168167019917897,0.534669766427565,0.108477256159232,0.201886427675188,0.174249009764324,8.24226991754043,21.8932637784778,3.43505456461953,2.61307370142293,0.2512167705976,0.145571863507258,0.0529678051315587,0.102158456805261
20.4075984655396,15.6576777464416,1.55223155742975,2.36203739957382,1.13223075891376,0.475974584470323,0.305064175517403,0.14645666350636,0.148584804980637,0.414924150003677,0.00405135845854306,0.299291753312642,0.486366751892568,0.310758551372842,0.749438379380301,0.723889050362742,27.3437223866294,25.0592270152263,4.79468592589826,2.98651334991492,0.362545306690906,0.192804345122611,0.796874724761922,0.0635127111985373,34.5180010178684,3.06894829880979,2.14620514326881,1.92834276848737,0.176875090269765,0.309684362958979,0.0098844232637195,0.0531813287943462,0.658227887904241,0.0642891886546999,0.217219406777456,0.583571938649458,0.312814016103309,0.564045658276743,0.220034278018774,0.276709013450726,12.2992533750704,8.98720507827942,12.1250108042535,0.980886897954785,1.27590589022704,0.000541808990421204,0.0189661640534414,0.0451219340269462,9.34900618814948,42.9491276886678,8.83415104069353,1.88576581436395,0.0635486847914389,0.293164762546553,0.0647304349807694,0.0170868375039205,0.950724666618286,0.135062190372199,0.22763117692925,0.417237960047934,0.162335747497013,0.506163028920801,0.13666529012671,0.044327336011032,0.545081167916787,2.01139281088845,1.73903342788414,0.108122849599087,0.670355779024033,0.0512479176792195,0.164117440986187,0.0717837245661589,18.4277752215304,14.2697510382172,4.81980301708017,1.4852373605685,0.152650241285136,0.114366025864167,0.0481650639216498,0.105299906762239
22.794849946965,26.0644621865814,0.165634232251925,1.26544634065944,1.40991460232956,0.521824535256457,0.481096441504675,0.0539293243777861,0.219482755198763,0.812594810667271,0.00468532439620903,0.549876751247719,0.153977695581848,0.235198812770034,0.757131440554917,0.627880747775157,22.1177398241966,31.7770366846956,8.06419051342658,1.15580594631347,0.379816509151985,0.354703963501623,0.204584525314641,0.000212593293731182,30.8487555628745,3.05557952777222,8.06767793439768,2.05735099862294,0.111338901593767,0.589842023402833,0.00816853137347827,0.0637533870475056,0.400255211948942,0.104364486089296,0.501560265859405,0.516397772187172,0.331020707013119,0.652917524203566,0.429575842652896,0.350941058490542,23.9631501855611,8.65531752588644,7.5466708787171,1.71910727877679,0.678745650601765,0.000896517547555916,0.0137475092451195,0.132480017018825,12.1711665520894,47.5105107010372,10.2330151635922,2.66082016549677,0.0706327052452074,0.610769077147984,0.430491074306017,0.0266754152395057,0.387959887859765,0.238755872935946,0.585476490166464,0.46820793190038,0.359570437949893,0.256301213915498,0.063466789600593,0.0476889698232795,0.308898832625786,1.315624395825,1.13294260960751,0.0965489696915147,0.924758275217234,0.181696968266871,0.110427600233035,0.235699803092128,6.02286946924223,34.4139538488841,6.38063450500706,1.20449284401163,0.426344649859244,0.0818889021948999,0.0562636164097857,0.116642414327244
16.8486395938674,15.4870308242188,3.14997754744954,1.55752972759461,1.14469361700552,0.351430351576679,0.29859904407857,0.219528115013439,0.176381799276645,0.409380827920981,0.00313784087686005,0.451687878631618,0.370918341151907,0.374140742097188,0.632127321669533,0.685379941458078,38.8383444955691,50.514878994925,4.75732939660075,1.52114301776946,0.370433783403941,0.0593768017179373,0.275316869587694,0.133964555386441,33.6298214561704,3.17582925580581,2.83125522824798,3.34679291016107,0.0994951303681919,0.70260120231074,0.00997412464037146,0.0816510748943909,0.471250883096895,0.150644334229201,0.223777448824495,0.593305522811501,0.310154844192246,0.763223692990261,0.279345952129531,0.327173335319696,8.76101867795383,9.01385377202658,12.1376643846098,1.31552786910117,0.798129684114093,0.000957234803940951,0.0165802996749664,0.0823147215637434,14.1086404030792,36.2526267841977,10.9846032628846,1.75898978020083,0.0359569711186294,0.412458004806839,0.152225850938573,0.0194450349723633,0.643140865792235,0.0389728587388341,0.396655466530183,0.34267764922084,0.23246188259936,0.212615376693805,0.129619873559594,0.0501712515953129,0.496522398004165,1.72470977303796,1.12129436579706,0.180784610969326,0.486285509588202,0.0999896274379958,0.0751599218941372,0.174019671851944,17.4859400599265,14.6896225835648,3.48107874878799,2.72770033253453,0.391051972383507,0.0535760600371204,0.0404639437028438,0.0834900604055219
13.1301783300682,19.8393830527182,2.57404011819554,3.35995486178847,1.65843816251755,0.373541715875,0.378697492198779,0.113933277948693,0.193455946509772,0.574592584664189,0.00347910626376547,0.321552304147206,0.452171525352204,0.256353279386367,0.69396249148442,0.393922085132913,29.0308074798412,42.9075657831745,1.78099788104312,0.203759314423056,0.198214441842699,0.332142947387017,0.362945105052503,0.00710876428763319,34.2523587207825,4.95533280172512,9.17704911135747,2.08460877844074,0.00291533686822468,0.259479455256081,0.01193307998236,0.017566070823414,0.522555413368651,0.121579635414412,0.217969897578868,0.819927038891096,0.401883456331503,0.719088558422624,0.433964272462619,0.628548265690889,15.5193315721328,8.50266885524843,10.2329600433101,1.88237220901519,1.04418288788624,0.00133169132549905,0.0179771118185358,0.170708841356239,13.2469399287543,39.7900771362261,5.93726408524722,0.745416294483788,0.0875059537170338,0.257936181869068,0.313142323473976,0.0186403544011739,0.748896890617999,0.549971381760894,0.629653519691637,0.274225242485802,0.223779247457666,0.264622749230526,0.0898581801289164,0.0218606842899905,0.780607437840028,1.42460967648036,1.40060711925216,0.178376310238817,0.662619552600099,0.1806966573135,0.105746844002616,0.244357695208057,11.6282589644152,6.96884873656511,1.36840127091853,4.05307407869122,0.151595835152222,0.132723782711696,0.0203224867148634,0.137024041850554
15.2972763652212,14.2884391340673,3.5177670617597,1.32377847440226,1.82139400698018,0.193777232243388,0.230109359975484,0.0870922074578641,0.258291509804128,0.530364816512442,0.00179918068526023,0.460746871461605,0.281105652069387,0.235402755217479,0.759578370929294,0.686335936783041,21.6057691446921,18.3862705764563,6.1586145816042,2.64259071912494,0.335603174856025,0.479886279450136,0.270060428956092,0.0874911581310394,33.1583825505909,3.72818933194126,2.94267371486556,1.28523509354512,0.156441216903834,0.483476835360248,0.00788005053460856,0.0586699853526534,0.430136121465344,0.0640879108394249,0.487516447431065,0.447108971125406,0.393731299199452,0.808617599607947,0.337939823809603,0.287058911654348,22.431437083569,11.4279015336169,8.8978542571693,1.59763418407962,0.812228167142777,0.00211694671793052,0.0180537104218349,0.106967316985185,9.23453745386137,32.0520774496127,9.73410117043669,2.37111378266975,0.0494793604228696,0.209090947511493,0.390016307465625,0.0132995574931679,0.936871906064782,0.282787149448153,0.456726469635621,0.606945112610299,0.182272082878978,0.0802183808928394,0.0875343214969996,0.0305925178559373,0.422396142570331,0.692684469686693,1.07568974882907,0.174670060799422,1.01948028455012,0.186089405976203,0.155797298336655,0.0966217274391115,6.51091267581184,16.4256613410127,6.88010276918262,4.54704123343895,0.332398287205738,0.0694151856772657,0.0357477452289256,0.121717659388986
9.41890415813057,12.2168679677701,1.84745625785006,4.03944150009298,1.66782980845847,0.319211906252786,0.298883014704382,0.176558916960761,0.379821708113571,0.271613772031613,0.00335260373553971,0.277553960945475,0.302586920492709,0.266019331324316,0.645499741728054,0.620569154468597,23.0478757371827,44.3642902140892,2.64550295904346,3.03006097589742,0.344954425584175,0.21422952046334,0.708328671530065,0.0535333388239788,61.2138349775093,3.71086546496004,6.71719958214446,1.08877890084252,0.116859879909043,0.0159482965697588,0.0182395838168722,0.0745634503664441,0.79393413683112,0.0342006672189128,0.24475968955352,0.830294025628241,0.310134570795165,0.626338082734969,0.299178687288262,0.455163024994898,15.7076944167194,10.4664334322033,10.2532148223217,1.72456426176341,0.811031676043798,0.000271840035413719,0.0196836727855435,0.07536248802352,15.6312351855302,30.9363948935538,9.15216817496935,0.109036259033096,0.0989811124733251,0.0878350000956742,0.269198645453929,0.00319415443828828,0.384912710532582,0.282673885554615,0.465537264286223,0.343313222502707,0.252996977923659,0.483430571007782,0.102784366593063,0.0537896142693189,0.274291977637676,0.81978085351596,1.89248027179546,0.133132127556449,0.897801688893915,0.0545705044157355,0.0275511449521525,0.114112851939922,13.7919929161064,18.7729504627134,3.74513624650949,1.70793753663507,0.471556825306791,0.0384148558830217,0.0343641382963249,0.12282487465173
13.0992856116859,18.5137068978839,1.6722242369591,2.03843577515116,0.967248307748094,0.183767841848423,0.269696785372939,0.0816004309100647,0.227999237596349,0.0204629949302031,0.00409923902532911,0.512679139838923,0.334523841067027,0.320071317915689,0.652166114717609,0.522766137552743,21.9301777362248,33.1770101299362,4.96648635357102,0.515767571855954,0.142096259010341,0.241084346809245,0.622094563583236,0.0751317560385765,34.6554486265758,2.98634223893365,4.69217345902617,1.41434976056205,0.155529614100658,0.302609605258749,0.010573956742934,0.0280989669386483,0.60515151636414,0.156607586998735,0.423436856464437,0.591098418857026,0.508300680931611,0.573203055964953,0.3588509845108,0.511939540531722,14.72200028068,6.80677236176553,13.734347534256,1.68421316861192,0.883505783184627,0.000908774637186123,0.0251311509955907,0.048790164306551,11.5936724093437,34.2493172703509,6.46960732451655,1.62899500613965,0.0491404857148666,0.412284052182808,0.161213713382228,0.00297959684152987,0.677122853795497,0.209239676882216,0.351503288965237,0.336536848096011,0.0600376123168351,0.413188639180267,0.0458832508161924,0.0605671159501273,0.363719702420218,1.06233901129615,1.83447456851135,0.0958138599721487,0.822676279229146,0.166902148676465,0.116468433769374,0.12084032494641,13.5161184611693,32.5567442685455,1.99235369629558,3.81062448999369,0.212667397122478,0.0453074424886477,0.00419275906574861,0.141658267190254
9.85067571234918,27.3370263552234,2.83540035727463,3.31578361560933,0.692163900883129,0.307732876357239,0.203426972289693,0.0648529629500573,0.179522765783257,0.184400413310413,0.00566115403174874,0.595994269862596,0.1521804550792,0.328420019278124,0.635080888808917,0.470080964170224,28.4524045944712,40.2352874984658,7.03530095784453,1.70874561910841,0.0604001286462763,0.464537610488416,0.102255473812468,0.102128643070508,29.4893561588688,2.48347966900254,3.46361838621682,1.82198230922025,0.0920809293567692,0.523488125691216,0.0148638851864176,0.0729667622088979,0.435388836824816,0.120745139867371,0.276312788525139,0.629879147759267,0.666408730568612,0.701519376944506,0.508789322335062,0.423458714556437,15.5691331738118,5.88630549528821,10.3144406721324,1.44806646942994,0.7289056199944,0.00267802931961871,0.00948153852548724,0.0895435842223732,11.9330353149414,21.7464227143706,15.3276804247414,0.885243298370738,0.0518189896286136,0.213687903805417,0.111876228316984,0.0087826301391748,0.645785859338951,0.346259766894574,0.451084041210766,0.138356966272637,0.167612769995377,0.438846976258987,0.10473934105879,0.0340821059048332,0.401727751197813,1.95557099149711,1.72091611790863,0.0950026094789745,0.894597881037169,0.111450368073359,0.140911895356035,0.160893158165122,14.2142495316883,18.6008220721037,1.02361542596802,2.74719831347442,0.368758644993649,0.176710901265016,0.0302753646153576,0.0413547984344749
0.150966793610617,12.8289751435424,1.40671614305598,5.50052034846829,2.63262151058471,0.304361383848575,0.253772588627783,0.148123067949999,0.250179281681327,0.184996244221196,0.00559298286914961,0.407054934098337,0.23836697175542,0.537132147886185,0.583766987484642,0.634231560266284,17.9668079055965,45.7381999979928,8.18785581080709,3.07053912298659,0.149530180835868,0.343219558864707,0.390230501520335,0.0720654594207171,17.1934774056013,6.93630451867231,5.84778014307785,1.28399177931218,0.133145891069664,0.64665921180114,0.0150452329246586,0.0712379285631996,0.460467171553652,0.0812245956817394,0.400217298060248,0.577753949720104,0.335522007920243,0.347283991203771,0.374932061782603,0.400515677349754,28.0469352710981,11.5979486713224,6.15932094527901,1.91831240405726,1.07697585886741,0.00110467653896578,0.00822400820165792,0.0341345338029418,4.24639817642981,14.4983604353277,16.3507262786845,1.53588319261857,0.0951068321702028,0.280724696130996,0.420167490196851,0.0138157504603392,0.441753291653679,0.343693158133138,0.506959875027983,0.5081492784904,0.201812854457513,0.301005888539124,0.0636812738101996,0.0345166822460305,0.670438478858847,1.73622093616525,1.24891748848067,0.0907402244977243,1.38528604076905,0.169829761491982,0.117924293738246,0.0451661775765486,13.940536198131,1.89661698635389,3.06057572913139,1.4448418903723,0.157838258205848,0.179549996341206,0.0251460438803638,0.115899267837709
16.1510313564155,21.0739929985927,2.94368002396975,3.55550614260868,1.69133021791645,0.356404391016995,0.358314996315169,0.114250870631204,0.157901229273811,0.492053491263036,0.00518644460610847,0.460517851336413,0.339559782056785,0.327521839124579,0.767178796698502,0.641222389696941,12.9273582171839,43.1776883273477,0.756179930551805,1.69803169990161,0.490584982907015,0.66591288551806,0.571430819877048,0.0587068719360931,44.2245741242188,2.82084645756667,4.47800499991105,1.33167947446318,0.128210898938378,0.435089992387519,0.0109308826888619,0.0666553570258918,0.793417741708901,0.0652079304608632,0.42248330699983,0.518100077235621,0.376598688027505,0.783205273374196,0.314488650639532,0.345080750925052,21.072456181787,8.23714202873981,12.8376220256234,1.00740056673563,0.839299142374465,0.0023830907139977,0.00474034058558585,0.0592680948250967,15.2827181568221,11.5207682573223,8.33770939700649,1.35196966571731,0.0510692618876003,0.385781486797073,0.395744007858047,0.0342984139978983,0.652856982865279,0.181294618118896,0.485888935046961,0.415858860328444,0.176305213241239,0.0618179879269217,0.0867731175339083,0.0681863411275501,0.467089388763575,1.96395616408767,1.19919825207895,0.00869851505263794,0.961553095448452,0.215612543820099,0.119768765833939,0.142640089667266,10.9124312248375,20.6179899394048,5.99148922405515,1.49216069053622,0.180937020033692,0.0755562302213726,0.040530685624194,0.0739183922559049
13.6593261210217,12.6154653499138,1.76833148191113,4.39966240801113,1.50765431337313,0.239188482240848,0.40503781695147,0.0829703949009365,0.200150753661098,0.195433324826053,0.0037715003497358,0.50004480844073,0.261317207738042,0.434331413488187,0.579582235780738,0.629135854231975,24.4863664405919,37.8617276499191,3.47912747441392,3.22180412244961,0.258102417677246,0.412333944265289,0.273499396654708,0.0606884566430398,34.6184238375175,2.74384085937079,9.50242394520917,0.545599748969915,0.0546613304426656,0.558388632696017,0.000537219518691153,0.0399060241862869,0.38891657827033,0.129911004632743,0.202275070683431,0.633070965366609,0.241567813079397,0.577167694791346,0.377022163296669,0.390494544549167,11.6060984406586,9.91971365802383,14.0478186850675,0.955680978019689,0.528362044929042,0.00104293600968209,0.0160187559496973,0.0837911429907186,13.6397996290504,35.4213003595373,6.30477788556098,1.82291490523752,0.092357820754085,0.410939444530685,0.388414784472594,0.0104578154215394,0.644878404215231,0.501791965618823,0.200527020854081,0.389490169138836,0.195113806686727,0.197444124385336,0.0860900686765981,0.044100296553469,0.325853729543824,1.69271652704807,1.8358190786842,0.198487804631247,1.13994450305254,0.127130847959028,0.165894052476205,0.138625589512608,13.6097142739062,25.0413436242868,2.60391885004876,1.33141447607053,0.328455814076379,0.0972973980507737,0.0496995018550757,0.0774431021154498
5.97428289958323,29.9582323401951,0.605496181613066,3.27852656410512,1.88715829205691,0.343177292116479,0.164366467073214,0.120790902406479,0.379848825184978,0.421164403951849,0.00406109528354405,0.314457951780226,0.332582748128046,0.258768854864461,0.876824212350197,0.679151038720276,27.119602762668,34.8083115517709,1.95355195505313,1.23416279481282,0.261554617620948,0.360685913836776,0.473678580282006,0.0872324851414384,32.8102849976638,3.31898679666592,7.45509525720459,2.06949546638769,0.182609005185053,0.0775833866945209,0.00607804857728042,0.0246183135247288,0.510594574709631,0.185007791589042,0.0925695213146257,0.646469244431545,0.372616372688813,0.565132797572494,0.208698548459359,0.365306930927073,16.5043251236915,7.31342950930445,19.4120698590776,1.71007685993551,0.772818583313899,0.00069028577979236,0.0240158992672974,0.131100537316342,17.3255105006161,29.1531516488114,5.21470541101942,0.794343409821289,0.0620943642353996,0.593806521595374,0.201444610407009,0.0262543495153482,0.964667215176605,0.567810396170225,0.326231364218105,0.271383928412192,0.107710553062165,0.285245883032725,0.0336799564531591,0.0392140598290463,0.54166470074366,1.51812760345627,2.19184727925977,0.195316762987569,0.822031301626714,0.137114375159716,0.0251029268554732,0.131426815915354,12.0904823193185,20.0285406380051,3.08703624800558,2.01005389078102,0.156088621267988,0.0981537682971513,0.0156066851504699,0.0814982188627815
17.6614507612359,26.7068134923949,2.08074511534817,4.5854305359444,1.16912304119279,0.191180191923008,0.393508677976494,0.0656201125531848,0.245859962350357,0.448705381402441,0.0054488003863361,0.223603009345395,0.154455074148921,0.287971442911862,0.573520405278734,0.886800106855703,32.9169251211026,48.3338343922004,6.00910610862224,3.05603394341594,0.470899481942522,0.333974740643853,0.436711735662126,0.0368718599785026,37.4077932901882,3.37268100778397,6.47581222822966,0.930734250077197,0.080640363478537,0.612857935968074,0.012335491168781,0.0718061357720255,0.319939684385948,0.0563692983553747,0.326490841721514,0.737568855166388,0.37660259277254,0.598642335002476,0.358830682445523,0.147934960968819,11.6562861600511,9.40231334662787,12.553468737338,0.00510979003497636,0.50074941568517,0.00225934253858835,0.00602281152114341,0.120398743998922,7.22295562231317,29.2986819885629,11.6707870699306,1.46490622528012,0.0567535276680843,0.311450558667892,0.10442246031834,0.0136646350227421,0.562363117904627,0.190636709212198,0.65181365278726,0.233282368227591,0.0496534461892889,0.3868644873946,0.111895407472743,0.0386410675198119,0.496980533859382,1.86644371643325,1.50537890566838,0.161276640904582,1.29221705862602,0.0887316992214918,0.196216842653425,0.241676560781711,14.4452539352288,15.5114275776491,4.82575728875392,1.3814554318097,0.295278492735169,0.180238270670349,0.00634436415005282,0.0754810840177316
18.5345908327275,21.7723569766547,1.93718350871047,4.03925612926876,2.15463315858351,0.369759218851171,0.417219548382621,0.188985020498909,0.339173100799291,0.316861948734318,0.000457157047762197,0.493640478581841,0.423379218933895,0.445389338228489,0.684021447719101,0.728714287925015,28.6220899736144,47.2416239599595,3.44904497208257,1.30806180081863,0.420457553514417,0.650786937457244,1.02817348874453,0.0689129192787839,23.2486894066677,2.47152538534482,6.34250066579025,1.22710857003019,0.211177884625392,0.0540168166820951,0.022753920561771,0.00928482527909953,0.543301419529664,0.198657500478867,0.223923038968589,0.376664114659292,0.337862862621597,0.574855108056102,0.315634534048432,0.347854159527379,9.0541136994515,12.5716033921502,9.05252490150513,1.19800208963482,1.1887062492919,0.00152436328918303,0.0188510984310908,0.0412219970288546,10.0165238436056,21.0092572732468,3.93675725851784,2.126033563811,0.0782634018417328,0.244108121869365,0.419143749609169,0.0173185291870198,0.896032229227116,0.389854552024271,0.425433949330627,0.143016192873843,0.133527282257191,0.121387320656472,0.0640075851290325,0.0307265008309871,0.634681530055703,1.38190403315013,1.58209768836583,0.147400039429576,0.582385198490882,0.131264263127838,0.091461974130323,0.0436112771921669,17.6983346629163,19.2890933230405,3.63868541399574,2.55359299985785,0.266287908688208,0.241929507597097,0.028735460312977,0.082567160531007
14.955620995976,16.2209738206295,3.4420700963426,4.02536262397266,2.11439403398247,0.324353821637141,0.266873761922965,0.120647988900538,0.224789023230129,0.304431139882596,0.0054489983100361,0.329380246171803,0.0810099334756106,0.295075383137603,0.58085743945333,0.886463181310831,38.5521544983154,44.7274264250011,6.76785921447334,3.2488012440923,0.125202238934122,0.438830424951796,0.410919767849841,0.0192107240627218,48.6271710966826,2.94664621686803,8.27468957229869,2.02855174922427,0.137917185458982,0.778655254401379,0.00841388255464242,0.0595674617370451,0.551216998941068,0.155791978547289,0.324919231299602,0.848891922952948,0.285157268129373,0.853405030089948,0.325802448939376,0.00808611773102919,4.24815441057441,9.20912325694513,9.45998288205887,0.769067821370566,1.25949017498891,0.00097261194273947,0.0225412420767357,0.0753596572210851,13.3114570783882,24.0771219076728,5.17760067295833,1.61184724503476,0.0587990641485196,0.488202309082959,0.43100013865411,0.0309568311284467,0.653482112327376,0.429484119612671,0.520803885975155,0.0663401804431831,0.279524993358507,0.132252874053131,0.0934258805685807,0.0489598172088207,0.71127956608412,1.90148766913029,0.571712204655856,0.183672215656055,1.47203031630666,0.0916890673510442,0.0832577945442791,0.173007996205619,12.6428488568922,21.3584787316395,3.90331821596681,2.1425858931437,0.352882027319635,0.0278025584541054,0.0622651698461249,0.0786138759391364
19.4565157929786,23.6238538504949,2.0751223102721,2.56917406468612,1.80618552130917,0.399468185873361,0.277359165708827,0.16255656880183,0.339745688837386,0.36827175637756,0.0067996415291915,0.345277288695667,0.056780039309962,0.151374951291301,0.387068106168289,0.788296312001127,19.7096332339069,31.5968387730832,5.40606147469802,3.05336970597986,0.289304018416673,0.42458895719785,0.355548745738482,0.0617758281975403,48.3805479478629,3.46643309816649,6.58374044973233,2.30708794915106,0.113833441985967,0.96138622885169,0.00934558336570556,0.0767063235752727,0.266385674658047,0.0695138393067964,0.213896778665667,0.608568233456686,0.480711411884314,0.880970052123703,0.610093943153712,0.338694155123164,21.6049566592312,12.5197103032738,9.47321243337156,1.707119301332,0.902221748561352,0.00119997565497706,0.00507368332388708,0.0251215640533256,7.02917397132954,22.0534099731884,10.0902336166352,1.11940928818169,0.0596847671922105,0.30461373375044,0.303832469122364,0.0248456148657411,0.728292780392111,0.330212366077948,0.188717428928175,0.393690190194397,0.187353072885772,0.297960228824541,0.0913882756749282,0.00913574073561453,0.328067795805568,2.11863713148775,2.04561971312084,0.0721971999702085,1.34755742682127,0.141736211158455,0.106545093753498,0.183737200014838,9.05210726969925,36.4157944269972,3.15240079020524,0.963055018678919,0.377691592269031,0.0929505171968525,0.0663454003947064,0.0934262609292473
26.1141217604342,17.7809545008669,3.55408874014531,5.55717752862598,1.40320731185579,0.349870213557225,0.184968253084831,0.170366918730007,0.162651766661048,0.346913649139172,0.00581885284714314,0.433059355839933,0.424464071044067,0.436442591755729,0.593255961248859,0.82204628273431,20.2132144154428,26.5718691655049,5.10494760740399,3.46951521801634,0.363963418121667,0.437316093397606,0.710672724145567,0.110027070704839,35.6355542358005,2.29661453895796,4.89466297620515,2.49118768558336,0.124145204969081,0.188105398903706,0.0204333299492705,0.0450578909440449,0.61162347295557,0.135391173381838,0.114102918341928,0.710573423189144,0.188432302288333,0.354140412011441,0.255930047519509,0.128464116553257,7.49826651874274,5.44388154692206,7.7936276215693,0.476507969234476,1.11985572122177,0.000955830942198746,0.00292977850425534,0.0679543235815444,12.9735448431342,38.0078044513953,3.4381115167709,3.00801062961212,0.0757232080998661,0.348601475817482,0.338219852338245,0.017501914624901,0.248253180033766,0.0237742939537699,0.196272929727895,0.248858506078561,0.104351109690005,0.243004016389788,0.0174748075201157,0.0421541158972867,0.407549703406716,1.24304979613997,1.68210644337112,0.061289164502434,0.909997995169729,0.0740115726627594,0.147639661684381,0.126441024763728,18.266612247425,8.04255561867853,4.49772912884515,3.11351357885318,0.343397125945676,0.179420559138005,0.0468689099064243,0.0413388278675472
13.3827803709705,19.8242387584728,1.94658855920828,3.95599030271279,2.37415746727637,0.103331790918976,0.179810721666223,0.0731345786226672,0.167230142916595,0.784460662826226,0.00229345646700182,0.313058821122926,0.316294243430226,0.48533596573726,0.404052234469099,0.51913274047808,22.941036564584,28.4529232697795,2.48146364452535,2.46190467404654,0.311343331849698,0.345613831761219,0.388045454028069,0.0750083970117043,46.9006013039949,2.56414935652912,3.57526276467285,1.2481299585934,0.156108073492443,0.324627596985199,0.02012948235932,0.0876090196158986,0.640864477385466,0.140052594188224,0.0945686453388942,0.690780199027222,0.491539442103333,0.594397862531719,0.674170346699111,0.447074966720733,13.1164256102342,7.82490301007566,11.3664545511767,1.15944966366705,1.48311469969903,0.00120832809583527,0.029405171040851,0.0343148520243794,9.37274809538326,19.0027857840987,11.8952255898031,1.57524746246994,0.0650711602227755,0.289837428042925,0.30469673102571,0.0121684988617903,0.870669806632877,0.229038874330033,0.00127619334315199,0.144062900306128,0.254981715939812,0.33847125767998,0.0455228095047141,0.0566906821034856,0.529260707286944,1.71362264565475,2.09488901606052,0.113351392791528,0.817581198732602,0.191821319133483,0.238294261460785,0.222237759481406,13.8609215357908,25.0706048776126,3.60891975997353,2.76001508288531,0.329529310173587,0.0961299639981135,0.063106931875654,0.0951774890997193
9.47277586975649,14.662225076509,2.83957205353162,3.34496892557082,1.30120814379318,0.415078885158321,0.179397431188967,0.106494148007095,0.199185167827241,0.0866905654552195,0.00544742451977145,0.349439948470751,0.36545802043887,0.313526855394897,0.781888113288354,0.678696265940257,16.3605877922172,21.3992424206818,3.41122742288626,2.68709822717454,0.197752680134588,0.383684202708985,0.781482441525494,0.04228868353527,40.8520191718477,1.90065406155774,8.72743329241089,1.49683289579153,0.228048371905355,0.421045330285444,0.0176604319116912,0.0708350660603575,0.375251464776993,0.123197417856416,0.3228113933594,0.711820204831125,0.437887335935775,0.510235619896259,0.183976094691701,0.355555982382478,20.8612763200768,7.00784809661048,10.9669037324516,1.85027082976251,1.13002894657912,0.00204341800650031,0.0136442957307943,0.0538869439292946,6.73552047415139,29.4968513398266,6.08445982188041,2.4861472727352,0.0627876036013682,0.0480231708885246,0.352710423791466,0.0192155582404578,0.796537365979186,0.187064832394485,0.464019652028588,0.441860636616458,0.123901377475218,0.375975302673532,0.145700933965755,0.045709658035925,0.401020953426802,2.38957420522829,0.958968437296884,0.0801088597627934,0.7407090007934,0.181365300773678,0.116767071287423,0.191243558022681,12.9836356003714,20.0662271013747,5.10691375450126,1.42719345598823,0.224588012741125,0.155579390501415,0.0249412795345882,0.11785526790405
22.7419049778847,24.3476704102823,2.74343681797342,3.32356566861451,0.881515021485361,0.368077942764652,0.271364550570778,0.123527495714551,0.288910196683076,0.553793049177506,0.00376311201896176,0.501840299556987,0.454238141409013,0.379499887090542,0.8338039755766,0.679490825039372,20.8003818372632,43.2042220686674,5.15726201041688,1.4888820830993,0.322039354377773,0.471120269276938,0.627846393331249,0.0789758859273201,22.6131925938037,1.73063774965556,6.27213910574827,1.77314675205445,0.169002287406166,0.255545482161711,0.00768317780213937,0.0850023569322676,0.643050102161398,0.092389843703542,0.140182839860588,0.525188840004234,0.326740406589533,0.464443591240898,0.296310450553133,0.272855330065192,12.3272264606919,5.77880208811215,11.6253311119622,1.14693867428986,0.598280965052459,0.00118262279380303,0.0153567419983184,0.0537337353513214,9.08309270108428,19.8307883669379,11.8577633177091,2.46574179367503,0.0767221190918877,0.50148589678716,0.284587198633699,0.00959571946555558,0.303227189807828,0.311783623072174,0.170517067546202,0.585382556682658,0.191209693445112,0.367290263276703,0.0477444952382893,0.0355128661168689,0.200301383725524,0.926685781949514,1.52203015150846,0.0768587618250549,0.341768386669383,0.150994220462612,0.139096746789586,0.182621108005366,6.37488251870378,16.3407925250194,3.38589082960907,1.76907471007837,0.423314472210461,0.0809001019259744,0.062492748346872,0.12120939937833
17.4751449458806,17.3403350300217,2.42491604304583,2.97285622489144,1.7656614636439,0.460624566207037,0.441943575658788,0.120097018804626,0.285205995791537,0.454522428036844,0.00227104460542647,0.600021809105488,0.284355823626329,0.518126396228707,0.829090961115436,0.645307190820556,31.065335992142,62.3677512788934,2.51391091066291,3.36579398632075,0.0785220815373641,0.405278481331721,0.5501396708177,0.0871854576744592,58.4979561462934,4.16286009286881,5.44331972100667,0.829152012405903,0.16434866697604,0.634065443527891,0.0174198236567677,0.0853365063513186,0.615335805290456,0.13386685020045,0.0469996244360973,0.519639687257001,0.385435946069408,0.325636212485463,0.209225772213495,0.300659271480929,8.97948892240727,0.338954648717222,13.1041418014974,1.48359324905588,0.904711042693939,0.000869464138643238,0.0116341506557081,0.0706773169537293,17.5459879562675,38.219279435582,5.99225256640593,2.50186788786768,0.0278411294852464,0.511939553602484,0.235374504599438,0.0108276203773762,0.836312652740012,0.172781606650117,0.392231293566196,0.258656008989908,0.128810704994691,0.427802346268574,0.0464108358321136,0.0997774560096924,0.434651415893739,1.10195181687286,1.48406978907881,0.130363664350265,0.985816782605885,0.170970750360782,0.157936413501477,0.0344134350759414,11.7476994385342,13.1719173242494,2.75915309983383,1.67643238493751,0.23354337335908,0.203341111888875,0.029400640348269,0.136790428843365
15.0665115190194,22.4790094282256,2.73746322905142,3.67353823312284,1.21821572014312,0.130387140348847,0.388687892425771,0.0501524449124283,0.321401527608399,0.672500651968612,0.0072029516693452,0.406777549667648,0.130788037074695,0.440733626954625,0.554071536100679,0.661699946190401,21.846745399388,20.9140353584906,5.23875630900101,2.26349647646977,0.188967834835477,0.461730429743944,0.302552482226446,0.0352445337940089,60.7013802403682,3.82827190235068,6.36901585722999,1.00369462486799,0.202986044615264,0.45198430508737,0.0104082666480405,0.0928252884243103,0.445589879154354,0.111667524432051,0.38446321965511,0.654223220974928,0.228429531500784,0.559060406837252,0.370458017853509,0.358153367380611,12.3554366444736,12.6643539180987,10.2106484160619,1.77062062961058,0.906834154763244,0.00109580110630514,0.0245050657716301,0.136921384350914,12.2337707246187,34.0101034864882,6.76285139131663,1.35424417248789,0.0996786987145484,0.456919414249935,0.316639942790637,0.0196141932165742,0.484634593133475,0.306060904136309,0.577335749370571,0.327151713283516,0.366362314955772,0.273999291109181,0.0861767225466463,0.0436858967103992,0.466125047169326,0.616300950274461,1.66486129207962,0.067004686081098,1.42746433715273,0.109236800143634,0.103712832020866,0.154207520341362,12.3399979393486,32.5652038156642,0.898607035584316,1.79713510781828,0.319013378262512,0.067999159363185,0.0277927659386555,0.0815166842468987
24.7159669789849,12.177554506044,2.35551932189459,2.50301992810989,0.323373510680283,0.28566048829059,0.384878840767348,0.159994091700069,0.105155833571827,0.235541037685097,0.00280781053422786,0.330108749990636,0.43502172338326,0.211713784070337,0.58968890930561,0.776674127299905,24.4916885689681,33.3200923743823,4.38564626313636,3.26025597454163,0.341740313485992,0.460447344392734,0.269393232429992,0.069148918865165,32.9386554881549,3.67547943447577,8.618972915328,0.764817429005064,0.0402970321607253,0.548769674594501,0.014620248676918,0.0232263316190974,0.608117627037525,0.0666616058494881,0.212213720197956,0.58798107536978,0.219295934637259,0.80085655808136,0.334631743628882,0.274935906442123,13.945544577144,7.36156205013732,14.4242023964516,0.882934007081251,0.820485939231451,0.00191670838865805,0.00908537563019165,0.152520309574346,10.9329335219915,35.1402434111524,6.84008160964072,2.85967972080252,0.0719623968933906,0.484813739408454,0.0593646806477318,0.0148289814846386,0.488776802984597,0.294825788535226,0.51011874390624,0.366945654915176,0.191768140495487,0.298076427774621,0.0391262650965433,0.0103955763447506,0.19655737027671,1.10724192988323,1.43980753965514,0.143356391995652,0.965760529782775,0.109586662993078,0.103626616742639,0.124725070869375,19.8720850777381,21.7126810486916,4.84152173542929,2.06550832540887,0.576328329650382,0.180366132777758,0.0489187529059108,0.0586838699388186
4.30762269921422,19.3352072155065,2.94458720314323,2.65398703568018,1.84144558883304,0.284750960751999,0.454707835728726,0.119990103910728,0.176023293705388,0.31725395471715,0.00244051116312129,0.376796515558572,0.232607783457465,0.321409109352226,0.603307947271976,0.69922962320175,20.3121210041646,27.0114139810266,1.20616223462243,1.70888108456085,0.334627773800464,0.044400418946891,0.393970785994121,0.0614213095216124,31.6723432279446,2.11788342097025,8.23283100900892,2.46498941795056,0.133130651051532,0.308211822722326,0.01540487350203,0.0430191253005312,0.35166306854191,0.0676032978590699,0.176282674187467,0.626536199220679,0.371810967628965,0.685044853451848,0.398196653026209,0.245149700497412,13.9503961110365,8.54882071440676,15.3671535895072,1.51213875876749,0.955543490480769,0.000391570110457738,0.018978633535888,0.0820575030069178,33.5229124155897,25.0511994187364,4.08226748929635,1.824673059419,0.0745461388499501,0.172856495702147,0.252740651531728,0.0227580419717135,0.770897029534698,0.32976071417638,0.327639843259596,0.369487185478694,0.0510042429086674,0.332683987687545,0.137815169813955,0.0499625698810652,0.615770365786022,1.69344948163794,1.24519101977141,0.140761620887886,1.52694492856715,0.0362771149021889,0.226841715081217,0.101027079748421,18.1786878312384,23.1763710490206,7.37170698485307,1.96052185821265,0.0987061694715924,0.160413403036229,0.0593296024987908,0.11383346925263
23.1286710185549,21.6254348019277,3.77872791443616,2.65586911305145,1.35497241874343,0.104737370193073,0.335008062008271,0.0763270730530585,0.0996288398762871,0.627491110968369,0.00268222958094736,0.442241699025162,0.356945929389827,0.251181954451406,0.668367519184147,0.45242097357098,29.6158221323632,40.2622009893443,5.1365462087806,2.85214417205987,0.380018294518436,0.215222031843926,0.25243699995528,0.127077634741686,49.9140056472788,3.36401876565295,6.20883744946621,0.42156259414524,0.0871465362461068,0.577153246132619,0.0159698377733535,0.056704373262527,0.631585248053401,0.129222681289074,0.178365928148932,0.649087092800965,0.511228210519675,0.92262169686176,0.35422477495545,0.495947726435306,16.3767433451841,10.0732298180434,8.34729803347318,1.19106126492992,1.17970527018713,5.43437247622464e-05,0.0229221522792652,0.103473338024006,2.61995238738338,18.5033878615159,10.113518408326,0.251148451086909,0.068956244032375,0.56084350132313,0.172034715924568,0.0206665983179997,0.753746373434527,0.272450122244841,0.387156819738863,0.334293409662604,0.11232329713301,0.252620478895922,0.0815383600281295,0.0750361079971461,0.572915155454222,1.5963393120935,2.50731116399121,0.200382602682004,0.593839867362948,0.112571232127632,0.160096121572804,0.226414493768834,23.9565152860453,24.8945438734774,3.60742985824845,2.73540556022473,0.268582997605808,0.193509112879047,0.0275151816137574,0.126836222562221
9.48661121178101,11.2755781172479,3.12501937942855,5.26054861164606,0.686361001713096,0.202081800579473,0.207947382240355,0.079510515998472,0.23360544932549,0.343651089093438,0.0012503015895382,0.475927415088677,0.42227826082099,0.481905603240317,0.568808273898913,0.67787540969935,18.5710865088197,39.0491453285552,4.63878378498054,0.789556427466959,0.153040344572354,0.161581260403374,0.474382625633478,0.136202645133461,30.3051142454743,5.78041605119312,5.59299754367561,1.24592193477272,0.116827263579785,0.0968528309676325,0.00592357947133566,0.0574682260620972,0.444990613840975,0.154398647076553,0.14807973328712,0.485442045857602,0.4466828132357,0.456821138621063,0.428383259555807,0.37671772371887,22.5006121640297,6.39993585561599,10.3527077451253,1.70022640713691,1.03388904778056,0.001017142382368,0.0115742136942224,0.156585736779917,20.0580271125257,23.5929307302994,7.047166555856,1.71440591580411,0.0610355506553976,0.471450266810586,0.40175830383811,0.0253915069988087,0.978216682544654,0.1104409357615,0.258478066538464,0.113807766404893,0.181393735227118,0.224366916724898,0.0790309739292151,0.0298447283655036,0.586294737897088,2.32468813209904,2.22506222602225,0.175332596820274,0.508361913780017,0.0411768562318415,0.0782699953570842,0.145092980278434,12.4673524091496,15.7902546530366,4.94105905644333,3.37542746316391,0.323412443636424,0.0647145453765457,0.0418060938907861,0.162983900016367
3.5319738176889,14.5948034772536,3.12947647407332,4.39765125699338,1.68412278162606,0.0340554096541952,0.151505804162918,0.10103505913379,0.154244583376848,0.342379762990058,0.00165033823403423,0.177608750354409,0.470088927959053,0.420234763349583,0.625707532420606,0.792513757115775,23.146478204085,51.4842576497135,6.46675950423321,2.10050587352824,0.349935157477481,0.341360302813985,0.849246979090857,0.0270891279963179,20.7765481309254,3.22037410024053,6.94021138336712,0.950166717378767,0.123982294176554,0.415724222086048,0.0115223591417853,0.0935489600538235,0.57973258137525,0.0408727973734558,0.194083041685954,0.651641020281692,0.36212849389529,0.517180301799204,0.453891532452028,0.10131258980371,20.3417659028169,10.7603645373775,6.53231359028387,1.52528225452809,1.15172691171319,0.00167679429503469,0.00537605212322367,0.11558310993284,18.1386597694677,26.8391339330217,13.0062094676377,0.821843334715674,0.061757937897559,0.546270171980487,0.435042019687147,0.0259159684893453,1.28051413241934,0.109915029957833,0.463023028489378,0.482701244091423,0.3310870728282,0.204081213220261,0.0903782373917133,0.0551279255616657,0.178894025646876,0.332403640044626,1.95660742703173,0.0964196552642052,0.315637308624419,0.154405653160547,0.105746386191325,0.187631492241887,8.61795377509523,17.3910918073133,3.63820718076393,2.9209624903561,0.356682159116313,0.0514151909205358,0.0470945065460908,0.0414097574102205
9.41890415813057,12.2168679677701,1.84745625785006,4.03944150009298,1.66782980845847,0.319211906252786,0.298883014704382,0.176558916960761,0.379821708113571,0.271613772031613,0.00335260373553971,0.277553960945475,0.302586920492709,0.266019331324316,0.645499741728054,0.620569154468597,23.0478757371827,44.3642902140892,2.64550295904346,3.03006097589742,0.344954425584175,0.21422952046334,0.708328671530065,0.0535333388239788,61.2138349775093,3.71086546496004,6.71719958214446,1.08877890084252,0.116859879909043,0.0159482965697588,0.0182395838168722,0.0745634503664441,0.79393413683112,0.0342006672189128,0.24475968955352,0.830294025628241,0.310134570795165,0.626338082734969,0.299178687288262,0.455163024994898,15.7076944167194,10.4664334322033,10.2532148223217,1.72456426176341,0.811031676043798,0.000271840035413719,0.0196836727855435,0.07536248802352,15.6312351855302,30.9363948935538,9.15216817496935,0.109036259033096,0.0989811124733251,0.0878350000956742,0.269198645453929,0.00319415443828828,0.384912710532582,0.282673885554615,0.465537264286223,0.343313222502707,0.252996977923659,0.483430571007782,0.102784366593063,0.0537896142693189,0.274291977637676,0.81978085351596,1.89248027179546,0.133132127556449,0.897801688893915,0.0545705044157355,0.0275511449521525,0.114112851939922,13.7919929161064,18.7729504627134,3.74513624650949,1.70793753663507,0.471556825306791,0.0384148558830217,0.0343641382963249,0.12282487465173
13.5234822855895,19.3464440838441,1.59944664858067,3.73519308372466,0.187104171040402,0.478006936422484,0.338139116818244,0.151477495296473,0.288953806343824,0.296095683949317,0.0048924728840618,0.661838960366255,0.22974405402013,0.278785387863086,0.654266415880071,0.685930764047094,22.2816365985749,26.185837727495,6.36351073482101,2.08849904978281,0.196699602670486,0.377788970341415,0.232745010143095,0.0894068854720549,29.5568632915004,2.71950852540345,6.61424024925185,1.76182094977302,0.119937891691423,0.191260998973978,0.019418537753098,0.0504928341134575,0.480036457262155,0.117817506210617,0.141009160877062,0.418027226629533,0.389721968316689,0.585172434134463,0.308458566037285,0.298870341947003,12.1807824200198,10.2350059921329,11.2658824750381,1.64688982272284,1.01967750199319,0.00219765744605408,0.0215856525306999,0.0292071186757304,14.8369274377173,26.6118192974541,7.96207794980041,1.27837222375494,0.0411736230208697,0.168150218877057,0.330502182054313,0.013437362313934,0.686111036979293,0.297079692633337,0.191962142341148,0.288904999697945,0.399296875379582,0.362917217990739,0.0796019519641583,0.0489007494062285,0.597922747939725,1.85968257310181,1.63025434545684,0.0783897850870926,0.761268201128463,0.159171105029107,0.0908679178459109,0.147140758546644,16.22129391428,18.2922243897259,5.81524807196886,2.17905029864647,0.260787470412533,0.0930325068707038,0.0415177621144767,0.0477672712706605
16.1950840679853,12.4901113905024,3.63054989572228,2.02182219401927,1.11849888020265,0.268896875077325,0.237567942778155,0.0560959950267499,0.13852189076099,0.316467826430665,0.00155799743317769,0.276412689501613,0.185719655048362,0.231838452943718,0.58890366678929,0.71636142375056,30.2387932832608,26.7913940357466,4.77367120076548,3.9696769356012,0.296928144334435,0.474796560834198,0.197737533588299,0.0850514355051362,54.5328217856659,2.666460707457,7.66072327356646,2.08505130915795,0.139531891906392,0.465775998907995,0.0119673324055041,0.0760151760336669,0.49303113434379,0.10176847478115,0.180023360300631,0.758308684844058,0.607006444763148,0.859800228204132,0.321116191885156,0.226448544784227,14.1037213437292,7.08800269471469,7.90183263836665,1.74799903856386,1.14083084642854,0.00172989989883878,0.0213455221647601,0.110719852719135,9.38208814680225,25.9655460822351,10.499462534479,3.07129620859956,0.0843452548556041,0.220348313502815,0.249634414765721,0.0337951576288979,0.850603970522196,0.364053210615877,0.778546787552925,0.201203765506865,0.275983219330481,0.22074658803204,0.0847605681359699,0.0393938627184289,0.707981870253546,1.15589511051147,1.41248979929679,0.11698673246392,0.772818312299162,0.210720139584922,0.102232479645446,0.200360862910168,7.89622017718196,27.1040683113057,2.61676488981999,1.69275378671248,0.255166626053678,0.2426795765021,0.0622122508402936,0.0549542545274437
24.4748655465173,21.0136832276118,2.04246397074853,3.50933646621766,1.80251405820063,0.345876941658581,0.1880687587756,0.121582300053829,0.233082777564041,0.44069570338323,0.00537131760350877,0.0583548307170784,0.172553356980744,0.284916458156303,0.698984087296246,0.507981720514109,28.9315593413482,22.4587198907306,4.3385523394133,2.64883028278599,0.178845460684187,0.183661063873856,0.316524023092194,0.0685609950951125,41.7401798030802,4.60718468113406,7.80557353571362,0.899771835023452,0.215520679854513,0.695031522256421,0.0113311416156822,0.078471533332922,0.488393896639173,0.154752940247108,0.358933933994153,0.785692335651761,0.180529096217509,0.742546126722532,0.273343734025881,0.622591756450579,7.08852802927922,8.46811075116325,12.5835385721617,0.505254734746116,1.32316289546248,0.00262637505399304,0.0210589498350651,0.134866317382587,9.08006703404401,30.4844079900065,4.85245394932591,1.78604948357617,0.0529010520075614,0.480712137289873,0.10778516745963,0.02250239453027,0.979977448376797,0.171082634997944,0.799379930913934,0.587453325953085,0.344278632649923,0.320870657175614,0.0523498743452288,0.0627622560224025,0.512076791369195,1.32074754323321,1.37791407133687,0.194582208827117,1.24585885277362,0.162040666886118,0.0259529978214582,0.15853170390274,20.0432468803607,19.5084706555084,4.7028737149809,1.35152522289053,0.133460415718585,0.15557855792991,0.0222868670328811,0.0870649714668052
25.0414739270169,22.7471204681753,1.31207167526448,3.04109672562222,1.71018533450595,0.57967167371882,0.340235490648571,0.100610059747586,0.235274786688398,0.78258781216328,0.00410604635856648,0.419312606921124,0.131521079007864,0.212146808290578,0.693660722387723,0.618021628045614,23.7803626504125,31.7553007179564,3.55252817688402,3.03158743453439,0.30815820409028,0.579382425259562,0.328212854475315,0.0578865694595144,46.291434627124,3.07168488269426,3.62827557945358,1.66415122753235,0.156898535709274,0.827090603534015,0.00563862500757513,0.081442043132231,0.602013944857949,0.141198495091056,0.158602329909695,0.637200214128578,0.530728384765891,0.396247965509741,0.287135922544854,0.429827979711184,9.2757330692313,5.95551601921702,9.49971495669554,0.988390081067445,1.14571651450669,0.00101689485570282,0.0152641571302805,0.0750843737974424,12.72797047137,35.2801967130755,10.5442978781744,1.95759961072428,0.0759261951599174,0.490205813762812,0.470162011694799,0.00881030291026609,0.574117262830332,0.496322815251052,0.376702231595036,0.481420202506059,0.211474310547607,0.674599347508177,0.0285148984596638,0.0237478044651711,0.790649177219843,1.35144485548336,1.43610666133082,0.0778589045308219,0.794192884311291,0.296180159308229,0.109040989152404,0.157688375706755,24.2800346876646,10.2246959085056,4.30487560826561,2.94386325890055,0.292334343405352,0.044848316543662,0.00870633183132016,0.135112956156872
14.4254813747441,16.0395755594226,4.18581094439186,2.97405860802647,0.95396844601582,0.273199680196237,0.299499674871771,0.209433655633489,0.331484185207772,0.609221994819634,0.00557186266551624,0.193637555230427,0.39967057132132,0.25051456009338,0.592987471600356,0.725637445605973,17.8732809536568,32.9162308287794,4.13207453112623,1.30002049248464,0.236782101411827,0.139369090866964,0.620790400333498,0.0868854589524057,12.3606539656492,3.57178441465378,9.99927321224612,0.851199119429483,0.0636098244626927,0.0645195310154871,0.00775701757475064,0.0868154368680263,0.839033744732398,0.148032979655308,0.26991269419127,0.620090677728398,0.305043059241169,0.600548521908064,0.423729436291944,0.266404200609796,7.667266345023,5.15652780950716,10.4934680873689,1.6625641812392,1.325750714518,0.00253492346434423,0.0164810535985577,0.154399310576978,24.9743713607939,52.9429169601727,9.06300888864571,2.21359518578678,0.0566850664511462,0.121033477465361,0.267446649492554,0.00706640301779857,0.609312553904592,0.109314552014423,0.44423816206882,0.44728320938653,0.2599567693811,0.444179494394742,0.0443615342573624,0.0225802802573671,0.29525422964278,1.48175933070615,1.39710113944331,0.237046071026474,0.682628740427815,0.233320997019477,0.134112012155258,0.217374308008253,13.4876174722835,17.8490392926247,4.51535494550496,1.11787718388733,0.127233045742456,0.283266477536547,0.00842992189506409,0.114677606989268
2.78226434736155,25.3980058621675,2.52793783002066,4.03405173011899,1.90420471887094,0.228336975474434,0.416902449382794,0.0884932238495601,0.179848667209634,0.305369102690125,0.00486660924761575,0.163832456396261,0.276948564724007,0.497198659890364,0.799935136727647,0.55016857213317,22.9842441855119,51.7614131222103,2.8628635177731,1.78370786814146,0.264297615764589,0.567081404102471,0.388726619230204,0.0280895334491192,39.3781475560498,3.24066081787422,8.95888093629597,0.396665127490489,0.0336681531837989,0.603421458584821,0.00993541643682296,0.0446650876594388,0.591677586205387,0.0391778660277073,0.241679921664176,0.902756714964326,0.575921969598956,0.383226606459851,0.264820786422059,0.447768590899484,15.1621865903305,9.95417155070017,13.3154271738764,1.07264820511825,1.08998904554979,0.00170259646304106,0.0253540738198505,0.0468479500823383,12.2211319145171,22.5954139217372,7.92442471898816,1.90408814876433,0.0641315749047162,0.144257140490582,0.453238436848079,0.00782873421263129,0.608832793914861,0.403399427871587,0.57832447067431,0.3390118291314,0.103357384484511,0.434215657170167,0.128229191564568,0.0243629763700311,0.868950020719944,1.77391293435078,1.69006511868651,0.144960022835362,0.876637699119822,0.178595029083231,0.0155524374639305,0.101248000242766,18.2479598482505,21.3257314769341,2.66578559251818,1.83415512875871,0.456681885473868,0.126593536180378,0.0389649312742537,0.180271729033341
22.794849946965,26.0644621865814,0.165634232251925,1.26544634065944,1.40991460232956,0.521824535256457,0.481096441504675,0.0539293243777861,0.219482755198763,0.812594810667271,0.00468532439620903,0.549876751247719,0.153977695581848,0.235198812770034,0.757131440554917,0.627880747775157,22.1177398241966,31.7770366846956,8.06419051342658,1.15580594631347,0.379816509151985,0.354703963501623,0.204584525314641,0.000212593293731182,30.8487555628745,3.05557952777222,8.06767793439768,2.05735099862294,0.111338901593767,0.589842023402833,0.00816853137347827,0.0637533870475056,0.400255211948942,0.104364486089296,0.501560265859405,0.516397772187172,0.331020707013119,0.652917524203566,0.429575842652896,0.350941058490542,23.9631501855611,8.65531752588644,7.5466708787171,1.71910727877679,0.678745650601765,0.000896517547555916,0.0137475092451195,0.132480017018825,12.1711665520894,47.5105107010372,10.2330151635922,2.66082016549677,0.0706327052452074,0.610769077147984,0.430491074306017,0.0266754152395057,0.387959887859765,0.238755872935946,0.585476490166464,0.46820793190038,0.359570437949893,0.256301213915498,0.063466789600593,0.0476889698232795,0.308898832625786,1.315624395825,1.13294260960751,0.0965489696915147,0.924758275217234,0.181696968266871,0.110427600233035,0.235699803092128,6.02286946924223,34.4139538488841,6.38063450500706,1.20449284401163,0.426344649859244,0.0818889021948999,0.0562636164097857,0.116642414327244
6.7396596955889,23.9030832930677,2.41414454357864,1.979283313433,1.55108632338723,0.494036360059915,0.170233913699111,0.106438312182215,0.179003280158387,0.859570264738915,0.00359937229555386,0.0508267129506252,0.267770716985669,0.246217938875152,0.566740978532206,0.689338486142923,16.9721123151912,42.9104773685619,2.97414520931306,2.01935455454173,0.424097234615481,0.444491003630479,0.574775241207887,0.0626428160407094,42.0445777953257,3.07786185670018,8.02522266536256,2.08717880880384,0.17635688334932,0.460272290803683,0.00822958892510398,0.079537521603696,0.422765350504725,0.111256687999776,0.298861244698664,0.869417837910091,0.597249304040424,0.677354660805718,0.411297324014031,0.233429285673722,17.5806530705017,5.1655665999441,14.1710922358272,0.894732971074056,1.00387718506131,0.000887063701989565,0.00873168320929622,0.0710438229130403,18.0845948347991,13.8496850763597,11.7987705611547,0.561584796842404,0.0423677187073402,0.40899054830419,0.291704015055804,0.0236350579194542,0.742785272952568,0.367546618828296,0.171536086528779,0.311013530454166,0.321902580127032,0.212094093437331,0.0939373397114458,0.0412065177532344,0.784536178086425,1.95954552345228,1.58678874207044,0.211199481739527,0.677127071332402,0.204791232611408,0.149454128075856,0.272123965144922,13.4378819249695,30.7586376878764,5.08566348573674,2.58337526635871,0.328555499500176,0.0526254841000689,0.0404289608257579,0.0530916014276153
8.6708578470192,15.8134820760375,4.29163099097886,4.4043805098865,1.08998343239064,0.259736101968863,0.188996192838155,0.223887924397352,0.322226601001531,0.422308639930545,0.00446655519974651,0.347524110640276,0.229865355214782,0.242335165472151,0.409532785639221,0.860488482470532,28.3261444644125,23.0540898040767,2.72429989070432,1.82699582127741,0.194551865293576,0.598111566695088,0.875450182990166,0.03278010119228,31.9971587579054,4.1357601365828,4.95454218419039,0.318584144936784,0.243996669133849,0.490565149720159,0.0126897320348039,0.113218856853777,0.186964542881552,0.135847500528543,0.106170829872662,0.722092165303137,0.611031265047371,0.713601536030944,0.529733232734738,0.13508011110314,19.3462881727249,1.52540286534643,6.52670106187204,1.97056592585116,1.58065784399165,0.000269231070323907,0.0292622503961093,0.0514659862539031,18.2302898549531,61.0856128421045,5.74568245958232,1.28775919853416,0.0252656521411821,0.630054886091029,0.251796551595822,0.016426581009407,0.936225566296738,0.261192227662841,0.897069360636332,0.320586762859866,0.309426077348133,0.349419396659286,0.0874836759471662,0.00584580420045,0.512273562782272,3.02215748375837,1.1679413069843,0.162849475540878,0.485405586155104,0.193616226456074,0.132249921592518,0.0496707271738584,5.89504366889977,10.3703774991813,5.56414642236167,2.42054923961346,0.258547715847289,0.120979193191484,0.0511188952108149,0.0422466492939259
18.8240558093867,14.5714629599937,2.01489408941745,2.267315522195,1.40625458483926,0.351029203778679,0.475794475307583,0.122055308158001,0.40443697108647,0.411106763520309,0.00332940166546014,0.289208061327297,0.334047952303453,0.383297788062103,0.574490253626213,0.67924435861304,23.8013485121188,21.7213693431293,5.14046647992179,1.97395006894003,0.00660620497663111,0.425415386102399,0.383156419261017,0.0366180529310363,27.3829188763585,1.860635693688,2.4830499553792,1.65636860893713,0.0852248291356102,0.46593950295895,0.0122450972499982,0.0779222930848849,0.418008280990551,0.0411445248328155,0.302136443039963,0.584858321827615,0.285287405870513,0.586112205890112,0.47459207891267,0.238674943273963,12.3361422416325,8.35529930295602,12.8809376986571,1.10359291173107,1.30306779619537,0.000947001992336799,0.0191548709575564,0.131344689058037,14.1477556973238,33.6271836115833,11.4562630200299,2.09829750439382,0.0434049609406842,0.61030947386699,0.0645108376106469,0.0142667358265586,0.551028777384463,0.222790432629569,0.252810296994993,0.588937543729306,0.225098738335868,0.3692419826799,0.0848735116018162,0.0515210181690324,0.881698654610661,1.61108371591313,1.97555995047691,0.0473308316224287,0.72557230672872,0.209014431922069,0.206330074543466,0.129972733558151,4.69380601463709,30.3657295781718,2.91800364578376,2.20112860329875,0.211765135167359,0.0726028003270998,0.0244540769871381,0.143014791537329
20.4393447257275,17.0110086318654,1.69370269036006,3.67201759238856,1.20836592812211,0.363449366737212,0.211245400474728,0.108561447251152,0.278319756570401,0.393027055405181,0.00478889023083621,0.407216397562345,0.256133646809611,0.435139959942495,0.76442521407399,0.70121409587214,31.7015961706785,30.8998208828142,1.21960318295741,2.47797757784999,0.246766781946885,0.351429078460149,0.512012267469446,0.0561462341690998,40.8817128089761,0.796751197179761,8.39599105962741,0.888808261126681,0.146259200381364,0.448997925251388,0.0165513031567058,0.0432273711466918,0.502480199260168,0.123737168402827,0.168962488137319,0.515179567108609,0.375377436853495,0.292584433987303,0.174839385496951,0.247810545850052,7.42059223500351,8.97094732740299,13.6000525122693,2.10653954749175,1.17214148036352,0.00120009090410808,0.0182099028365582,0.114647382723394,7.24688256722954,41.0998315805475,11.8190076235258,1.94837351507373,0.0599122857307983,0.184909442391628,0.258234599758045,0.00772199219295737,0.912968663240378,0.168677183214711,0.602892131507471,0.290678317479105,0.276359163702785,0.444622227033329,0.0620485159797923,0.0372541596936325,0.330676760557573,2.629346247214,1.34779548859721,0.111153135457223,0.774935341086326,0.242538531867247,0.10055116145169,0.0943089035667916,13.1589816826851,12.1776108449777,3.05733105599456,2.52271315030077,0.351137626768242,0.130229814669323,0.0356264627744784,0.0935532282972368
9.23140946880332,24.9332192132971,2.95102925640158,2.24532162292253,2.11970424483296,0.387424021569273,0.363425848256519,0.10596235137037,0.283297048849906,0.202800452338228,0.00266183730335712,0.278354073802507,0.245153549416394,0.505936681942713,0.667523888347055,0.73564389682113,28.1749132006749,32.1190455549897,1.20973731896836,0.937342687318634,0.300629021872388,0.284358803828974,0.339611123215173,0.111451682374439,35.3765206202749,1.2951679192962,4.73474111700004,2.60543986847261,0.111714899120768,0.732596075395868,0.0139159333807224,0.0835983159417746,0.644483449824219,0.090916440052169,0.0669027249795346,0.741517084313913,0.457415255759125,0.415071263908623,0.421893118231656,0.27635565903064,19.8198434983778,7.28025176560055,16.6980510615579,1.1150925522881,0.407071523834329,0.00221571831408087,0.0188616260833274,0.130877971027993,25.7652970335206,25.7471281319101,4.09680202786881,1.79909893145212,0.0927433705660508,0.0587320557259586,0.338063017337135,0.0185785753158604,0.661001122483141,0.136807215161153,0.472866716655825,0.163323449146,0.29990725115178,0.428538837726018,0.0229608337691725,0.0736674185913179,0.445903872068214,1.83210076044479,1.69131131548254,0.113103224991833,0.858516028437521,0.0886688419513435,0.1391688946133,0.107155594652264,7.80218617362118,30.3141668319084,4.62156824333226,1.61704679708477,0.0363181518579433,0.105863694725263,0.068674932850538,0.0755681022849793
8.25683323332767,19.888190261807,3.58908495656704,3.45717012269176,1.10877873998702,0.414049518532886,0.467133497573577,0.0441713603047361,0.287057366440068,0.740893000485267,0.00744297062007527,0.191529795873882,0.434327518009305,0.497795801832672,0.659259725449044,0.728124231102777,32.7590873435311,43.4900452082255,6.34298586988687,1.86011565219037,0.249742127163942,0.373883583412142,0.393146558854216,0.0677121640594453,24.7530583886678,1.8904262860392,5.24236083520913,1.3600825969928,0.0687539209724275,0.0740285309946477,0.00762800448808656,0.0287847047186642,0.174597214922211,0.0925752117326998,0.389901781841414,0.671503069309428,0.61230883419248,0.280664317964817,0.315964182412236,0.243166460780899,10.9710432095016,5.61863520606163,9.9617303543084,1.26754467800585,0.674125379769223,0.00126490026479044,0.0200042310287951,0.0627015097739744,11.8954740115027,25.2695131203773,12.38164714467,2.34464029918099,0.0792157123733077,0.33867860682912,0.372632483153373,0.0249396378621217,1.00209817882795,0.308351421848892,0.422206170229688,0.385286130212216,0.186744097279539,0.335419218454177,0.125984430567681,0.0151973938786613,0.511698169764108,1.66947488098889,0.955503513303791,0.167036192702245,0.505144486305385,0.18268538618966,0.120902917458543,0.14546596289202,7.34603169915184,26.0333393737775,1.36754107113578,2.18949053101101,0.245017212234111,0.100157100170985,0.0641277601984745,0.0518848026766108
16.0495714014585,18.2446954967362,1.99499847357097,2.86481243601706,1.09744413441782,0.315383102508424,0.245112259401126,0.0204030756188215,0.0832218641364789,0.3520456372391,0.00238611292719367,0.327708614938185,0.578726588567759,0.424442468173799,0.501264352811111,0.6112585060898,12.7651933301481,13.2234096594914,5.79091320245826,3.31994094717149,0.199734350923967,0.396479826515589,0.369422464442094,0.0685888835446809,27.6434142891669,3.60944022182529,5.48057339846484,1.26320834150432,0.168850061216706,0.0933868884786893,0.00698661935376239,0.0082801712421039,0.718436806137799,0.0403169631630632,0.313274177234692,0.577190892953905,0.354142980341893,0.602043736152264,0.49499009833134,0.39093617941971,21.4819480232999,10.5861071132465,9.32954783434234,0.949852672753103,1.67366006655816,0.000491649885564771,0.0207297600151184,0.0768030973864371,9.68574227240351,29.1924391218034,11.3050331781808,1.45780545406319,0.074543654332944,0.652757691540781,0.324984277951222,0.0197288742708555,1.15397100924335,0.436633901001774,0.658473350848737,0.300956716931283,0.250105027923471,0.357025695028052,0.125079732979975,0.0246002091336071,0.30341457756682,1.28525055367442,1.30881756502546,0.0852980597822939,0.490803052440672,0.219016124225456,0.0747476155687426,0.0915197233666228,14.7703043693854,27.2937194837352,6.03924979916721,1.83673353251559,0.186959429035747,0.219832864332473,0.0264719496690867,0.200788632185798
18.3528132336635,22.4976067419929,2.96386888617197,4.95642392850247,0.825296518398039,0.192419494762425,0.287098339941906,0.109143863771986,0.12491327990298,0.440439809283874,0.00713539042516406,0.357440563858412,0.374173416603016,0.197737962568741,0.505314638716366,0.72792043188762,20.900210223896,37.2843217463962,4.67414450346025,2.38792757384065,0.289724827247603,0.575456826444911,0.592229508613941,0.0984976464552165,38.4824732481167,2.42494381491046,7.11320164729931,1.78511053964939,0.211029296170623,0.442742936502296,0.0100493635838755,0.056984235462324,0.442164136361765,0.20520563164491,0.315971588516475,0.517798878627776,0.109558283140079,0.973969624311042,0.480312709830704,0.237213779219285,10.7660895101001,11.7852513579017,9.04741715890119,1.26038150696356,0.547491862654503,0.00154324084754538,0.00856007207356875,0.0561656987954317,12.9359795845474,22.3548137837898,7.8749338854416,2.02554518763569,0.0786219017636664,0.312248166900671,0.335144723017213,0.00175662752371782,0.624156028859933,0.230601159832879,0.38559312419659,0.540078942056189,0.228272347153785,0.227382997408901,0.0984208536135616,0.0384336118808626,0.570770376940474,1.01419517553969,0.946352150210875,0.0704787355505123,1.05705271876436,0.15830507612567,0.152786475881886,0.12069275957079,14.0792643782455,22.3878621557608,5.01250469434116,2.66982863878026,0.259772899329374,0.165736786490531,0.0281818390224342,0.0512252740011788
16.7935217074893,14.5689900823244,1.46518836660621,2.96350644640746,1.6577359883861,0.324040425537343,0.432259826135659,0.0441644680657911,0.102484831920778,0.372857194741215,0.000873684132834903,0.5852813785642,0.22127276289568,0.173167625677091,0.616593100469829,0.599336603714405,19.3709932428236,26.7809176495117,3.41151927928339,1.54135961381151,0.300875232873395,0.289054600079815,0.522278041277705,0.10761213873507,31.2655599203327,2.08648676142059,4.02577575961301,1.43444077669371,0.165183762359196,0.532594643428981,0.0106311496019204,0.0423761735060792,0.464596672940954,0.118372159684926,0.338340891724978,0.234141778902458,0.537204789922276,0.83304035476607,0.443945437203624,0.388966477207723,14.5881765433196,7.53600340460433,11.4619416654917,1.40987181284288,0.845679314012545,0.00216032379141048,0.0270875536401686,0.104113082466844,15.3171473789545,32.3883478592283,6.59965550410086,2.84314864875917,0.0686767797984965,0.414468497212584,0.285954300668704,0.0255043010641317,0.609510634464555,0.344080093207024,0.287682407773007,0.595382754400301,0.0870189154807078,0.170058298909985,0.0381801627555111,0.0494727137084975,0.296180573193826,1.9274424741724,1.91471213294211,0.09675060736921,0.964637344649845,0.211279967568054,0.114817689848013,0.141632958097447,15.5612180494896,19.7568381664495,4.47109662535908,2.09474074050041,0.190263410604348,0.105882456102146,0.0470394907859212,0.139716552827914
23.2185264877364,20.6025018218613,2.43441013617458,2.48695411295433,1.8835992850488,0.432050106683722,0.077670046924955,0.034516726802942,0.318530228601877,0.386570737021968,0.00331208088810673,0.236360309422484,0.474044599176204,0.380053984751069,0.765669163386949,0.558507244142873,23.5703321893929,16.7568027550556,3.80969478160107,1.33108023387474,0.301618899543932,0.513131209127603,0.121032414471852,0.0437677474117496,21.9025048353199,1.81932706225148,7.07010731245319,0.374985288051225,0.170654643611032,0.246305617016395,0.00980927065403289,0.0507252265783783,0.269409494256091,0.128260583189193,0.27235248673619,0.762034109722562,0.349435297295397,0.728418394532826,0.341038614008021,0.390153456641127,13.6982261560006,6.18799156415557,12.6210722962023,2.04306139422007,0.717265229820851,0.00185919456724429,0.0110090967164684,0.0570950923994859,8.39158378940372,27.8303969305448,4.41778293546924,2.77063460758203,0.0671048132313213,0.271836733651485,0.308551512754344,0.0115757583149858,0.76228454027088,0.0972741880405688,0.806776971651448,0.421277892775324,0.223632397116833,0.26019291283004,0.0926671871422367,0.020106292116581,0.303170872938134,0.742800629601158,1.7613300550041,0.153564942688136,0.544212167270045,0.117842135841204,0.15132610588979,0.0113107910238334,21.615156211351,21.3136370982758,6.26613224218466,3.22451227470276,0.223327585743559,0.0634091427247912,0.0303135305996239,0.106604260968968
5.57524816714335,5.37420317274002,2.21674858059099,3.83081377659041,1.6386447431861,0.302078618669991,0.327695391828756,0.0480569730456402,0.0491959783306661,0.274224057189775,0.000553230181726468,0.113002979441718,0.190287123054744,0.163300541804616,0.616201214748739,0.709821780507875,25.6796799021395,43.3779646188387,5.09950176277134,3.51017084827584,0.306312723407609,0.298181764532444,0.381019006193833,0.0962660216409546,26.6856389468783,0.981157175109481,4.80067696594525,2.02590526581015,0.0794196283824085,0.545759847396929,0.0056216104673677,0.0597646828334971,0.651679536687764,0.158461027631624,0.264764949402036,0.963442840748107,0.525687269021438,0.698126045203499,0.553399123532913,0.236517501516242,10.7259088429442,9.87415777104864,9.69782603992508,0.296352565810729,1.50979377145753,0.0024734181152085,0.0235526700817336,0.110124314059656,16.8440065552683,61.3734012260018,10.2167688540552,1.06224882823159,0.092093041730142,0.257937323569472,0.460323248563033,0.0293816884081477,0.552407716306919,0.292106451469471,0.389424517806897,0.381938180688302,0.374730688071272,0.570451982492022,0.0560643658918686,0.0265091560605533,0.0968688029784247,1.24652124418924,1.63265672091291,0.112101333697577,0.819815107440468,0.132130561513397,0.00942032880273604,0.14057492852451,13.3592647170382,8.19452564456758,3.37715409056112,2.91226679403111,0.290318742351056,0.200620544850114,0.072437247081698,0.140190367427184
13.8051096324399,15.1221994372819,1.90476828463287,3.37594295347691,1.18788594382979,0.337722241738644,0.228051510843279,0.0988847588223127,0.385891398826155,0.471583621959262,0.0032318006364128,0.420232156065144,0.305824307983122,0.309268789881876,0.536439785219035,0.733797009264526,24.2734894037226,53.1011122253079,3.16715829460306,1.53905843092189,0.366639285377304,0.138994294233742,0.504910677733639,0.109452727588754,41.5131440476049,4.8149798722065,7.90066940351985,2.35697762034082,0.082167116945627,0.553924634858411,0.00699866022448777,0.0666980737589484,0.308789303628125,0.147194336866741,0.186017389698647,0.561218089071218,0.253670498291274,0.82223911562625,0.471279870985758,0.23825831473241,17.2961225547298,7.73527297372467,12.1819758775984,1.09151880966981,1.07451069286004,0.00143947069067172,0.00248631682983908,0.115519457319658,10.5444304808318,28.7747639326,11.043318243398,0.206499874288604,0.100526898200054,0.353605389741346,0.197965618281128,0.0267805213664663,0.607341914359811,0.347839740808732,0.258964431907939,0.574766054071073,0.195039714105914,0.12986137373834,0.131809960139441,0.0928144346628177,0.164851449401248,1.76543175612926,1.60164505675671,0.0823663433264287,0.902094052315587,0.139314455147999,0.10495690847622,0.0861926261253803,12.1504507567203,7.41278604983778,3.14235257694083,2.18219643724563,0.280434442375122,0.127810671943846,0.0860783618028871,0.0290633974177507
20.6654945301215,25.7906565980718,3.19562511701343,3.67881018169466,1.05088897426196,0.297771213251203,0.483544026754817,0.00434330353282042,0.335953428226981,0.256233450402061,0.00446054892467248,0.448367217377269,0.0974240324677058,0.495149264516174,0.601647752640637,0.763696625848956,19.7823169960484,47.9609711728895,2.65216424379862,0.999331861410934,0.232354186909808,0.574961826753226,0.252629969820065,0.0932650668620962,44.846876054155,1.69273538739177,5.54389446258681,2.3442173142396,0.144581704979023,0.569875614333857,0.0055821602256838,0.0564497635292297,0.163356333616579,0.0717444146716311,0.284418529759148,0.647451579028093,0.536449005367108,0.51934282978364,0.490130630535296,0.282348845183969,15.5706257671065,9.13024326229743,13.709789010135,1.05202666497236,1.22231766063093,0.00177971946919731,0.0170024312769521,0.0576558577983133,18.0507887161095,33.3037176953697,1.94211165727685,1.5618326601071,0.0469010568734203,0.367595183993639,0.150938736272276,0.0220766124377523,0.57581214898609,0.230053284999884,0.146129795097333,0.240927548621739,0.0566199253312204,0.277372893533235,0.0914687214636429,0.0237079703972874,0.699624968788552,1.28882867886395,0.7148112519922,0.110953941421033,0.83197445799801,0.0230965694273581,0.0765978867366218,0.196182915439962,17.7543272460324,25.3349498795402,5.10151813419118,4.59746364771121,0.456795584761107,0.169558428212454,0.0824953054043094,0.0746660221593795
7.59680942076334,22.7105643611862,2.58629361946307,6.06344188480495,1.5628974464508,0.555292828280703,0.296101261789176,0.151985246423756,0.121957681471409,0.708846452141574,0.0062968277209304,0.166412426112519,0.196232765303956,0.139827991855125,1.04830367202718,0.662772941075778,31.2725293159337,54.3742038623612,5.41962264548745,4.37694674188401,0.0904783866746043,0.416327693292536,0.301778781853754,0.0766968035188677,44.3888171747951,1.88166403155811,3.52587546524267,0.496757087829124,0.0917831571488574,0.278650818004683,0.0185783317797885,0.085913791564046,0.601330089790678,0.0793490037868355,0.208424439231403,0.676341114738431,0.270707642546409,0.728285582895714,0.131175988482834,0.253108296083745,2.69113064707795,1.44475391553949,3.96533792694263,1.30207134450993,0.996612742457235,0.00135547027916089,0.024097272013491,0.117455171304364,14.892803971233,50.4151903343986,3.2260281402133,0.950568567786159,0.0701844311463288,0.514270187567379,0.189479540804314,0.00705132796947628,1.01129990966547,0.375688592935143,0.654436398608182,0.47840307024482,0.270915531838758,0.48720193844167,0.0663577343585207,0.0754731372268817,0.462915501683051,1.60836219778279,2.08888398511304,0.161165541013868,1.24426405313554,0.201808313762069,0.125095385764727,0.131086558631629,13.9192558573543,19.1379523525815,4.94263396736785,3.67466702883719,0.3952898256924,0.0533320013518919,0.0202836830487358,0.0990207779103064
13.5793225647338,19.2469746343116,1.07652565907955,3.76181128755304,1.8802634291701,0.232406730529813,0.242258605951033,0.132792973256381,0.269769209916389,1.02700051738595,0.00735628443078103,0.164277128605488,0.313422012177979,0.624463086302094,0.594533988492199,0.521102192045842,37.508825000858,18.1746385479316,6.93173807249247,1.78593040784899,0.109751278553157,0.527266010759646,0.843306766958118,0.0495025804757866,36.2179288878969,2.8337434165036,5.72133503553405,1.01048853914768,0.240256964222211,0.474060742681628,0.0104800048479258,0.0779554566454145,0.253579158400931,0.143543343363104,0.144387511084329,0.973410509096922,0.351582459225563,0.224121377779049,0.3346952978554,0.491549920267639,20.4915340510264,7.80679807799198,11.0213686917905,1.15635617565832,1.23035896420756,0.0010388554546284,0.0159458732353474,0.0927699332538718,22.4082210145142,30.8470334525987,5.96555989297816,1.55734322048313,0.0477495963772636,0.110580853331263,0.321183936739119,0.017869661136452,0.460107129044479,0.124083986240948,0.668831005422052,0.29875789370025,0.323813314866493,0.378143514952764,0.15571942375046,0.0468418390548411,0.461288634573889,2.10067168486415,2.9101851044499,0.160950470153842,0.557451336238424,0.269424775045254,0.120702552003192,0.203340237846854,10.5387219328926,10.9489975247816,4.67516090781091,0.98928113135247,0.0661089940392386,0.0969581344418352,0.0661045447098676,0.111617217535169
10.0989561238804,14.7316048295019,2.82782426243175,3.42468092152506,3.08494790053295,0.0722593772831271,0.336840423591746,0.139596628031792,0.341158421535338,0.0196628144195354,0.00362857837204814,0.399509437506712,0.270671202861663,0.532282938751362,0.67925138448632,0.696220112091659,23.2252752496778,47.032387183281,4.14338789437242,4.70223122465826,0.131835364619685,0.300836461344547,0.324519073752097,0.11008778419599,41.799109144343,2.04906524777415,5.9155490718389,1.6679457449827,0.123290642138808,0.452203497454671,0.0133735963908535,0.0936894715277522,0.183702286736986,0.105912837007166,0.320460387598519,0.572225017040232,0.451750810478142,0.357495099183174,0.337472051810843,0.276063268128482,13.4669085399245,10.6328479712282,8.11403554701664,0.591325692649631,1.93558856627794,0.000961953190164265,0.00291132248723954,0.0614492817339067,7.19628813456341,40.977236906536,11.4387492329768,0.563532687254036,0.0702764718837624,0.264136779328211,0.386393781625335,0.0122079321073591,0.801164315152315,0.42835965541492,0.382012605271783,0.368436233883227,0.17159861725885,0.356758748140715,0.0972436258251086,0.0468633344104594,0.386458181665797,0.394305598976094,2.22140643766627,0.120783254591053,0.828111367066072,0.0559538040589678,0.0116157899870395,0.0858978246423069,14.5290152511995,18.3529329777674,2.94133273221322,2.88277790563194,0.378350727514911,0.128264021628839,0.041734032662659,0.105151904262845
8.17103623793457,20.3860235647846,2.97869431349015,2.59465078299509,1.0287561360935,0.269980343512263,0.301591262707845,0.182578010502126,0.251967645207623,0.499815561059778,0.00253204014615741,0.227470503045624,0.33504906665236,0.259128957778015,0.517104084381326,0.641624824039736,33.5798116977082,44.1417745150233,7.05275812085246,1.4245306337029,0.225243052875342,0.3581517111797,0.135828817750907,0.0811856628637437,27.7366891224239,2.21804455423611,3.39258061345625,1.47077687227128,0.190703131010664,0.482014680210208,0.00789542088293974,0.044591118109992,0.344607362654621,0.155843579580422,0.162556648063257,0.80939572629061,0.282311705456452,0.832691599858432,0.469920620002062,0.304263019785613,15.1938524783478,9.5325410609544,10.9477068355016,1.17209449109831,0.264573980600123,0.00164730419411718,0.0255149248243461,0.095361243980783,13.5938557195455,25.4252329800168,11.9914782979148,2.74612910571909,0.0324435774654676,0.0853850702531429,0.221836865789599,0.017508194875267,0.867308835336123,0.0687537967286012,0.602579041710646,0.327719475684578,0.164146268060122,0.211503717291122,0.120229999826476,0.0309907428155863,0.459756943741653,1.14217776870609,1.50501507799761,0.0780490004898645,1.17656697450581,0.150604175741896,0.103839859283439,0.139126138253663,9.51726502862368,15.9999881522212,3.3505886830787,2.03268060752025,0.217841042172102,0.109868091595397,0.0499964131987909,0.0847032005908587
5.81225488268103,32.5152487735569,2.71979636875934,2.8446126978458,1.87190183994937,0.4378540396918,0.391168598512627,0.0643746752462644,0.290164129664735,0.568496548979476,0.00515224341045969,0.115585498111262,0.198229275789533,0.291120071662486,0.775087655770478,0.615907715341228,17.6927855869027,37.0371190700417,4.36785985491778,1.96785539469878,0.287682105656643,0.430692964325391,0.681951035916998,0.0818228889750671,31.7612787736741,2.54128616912931,6.27914675547528,1.09253117837356,0.0902837176402064,0.47647937698261,0.0124135461772416,0.0628983351953269,0.489329800783581,0.0481192538441384,0.202237079841216,0.986852868210565,0.664603353328921,0.798824000449596,0.11805096877666,0.410912060161408,10.7510614927669,9.16785123265189,9.44333962073777,2.12324605129299,1.26989686598979,0.00183268292912412,0.0183102538747783,0.133843330125405,16.4248723965766,30.80456721191,9.22911613404215,1.3693325047721,0.106708237579561,0.459953955740098,0.147233341875266,0.0249267122805983,0.713204209280974,0.210893860595884,0.244672057180429,0.332275489975068,0.166419057520846,0.224125599106904,0.0582588650825465,0.031095579364799,0.909129576281226,0.939418532288389,1.68743736314515,0.225683456654633,0.93196144442724,0.140756720552318,0.0282980327378876,0.0976166360338656,9.95716825661927,21.2839254494356,5.55740707198976,1.67453848788611,0.254233107405126,0.126099140586735,0.0445223765296816,0.0200942882791674
15.3441407381623,25.4817969820199,2.82385600850286,3.61860908881203,1.47694254196428,0.427406443291608,0.375734519477084,0.0358587493642364,0.16287485770422,0.969700210780287,0.00413283557277081,0.288890716393685,0.221126099765266,0.399814792996141,0.615875988826966,0.751230051463025,17.3561339939525,31.1106147145534,2.91971223089004,3.6453639778365,0.182694178847834,0.596011460769845,0.624624853832968,0.0768857421535849,11.1613858736091,2.84130603329979,8.92799766997525,1.90691213615559,0.10654118155079,0.456974335443032,0.00992780604341522,0.0899223256959169,0.585380648452792,0.141064960112721,0.288873205696905,0.872773420983244,0.367782149507897,0.526384746552767,0.289369044448693,0.249492641567898,17.7655665773444,6.71259036513785,10.8746007195437,1.27750167611326,0.74089399248154,0.00201872309020304,0.0152658952479443,0.121224426561975,11.9236940551761,25.028200936773,0.544698461943455,2.08728311145882,0.0380553665587536,0.569041168206086,0.344917861880088,0.0257564641661806,0.209395441107919,0.483961632974041,0.49303064002902,0.232737583080022,0.390312009592401,0.326515272132262,0.125027650895402,0.0677743732798758,0.735029592736104,0.919792933408656,1.42642071641274,0.0457306273693999,0.850880939116962,0.201390643237685,0.062268640890013,0.0478277914129451,18.2672842283576,36.6761305454467,4.80905162478219,2.23409152544794,0.318562515490008,0.117366717733051,0.0666305314226282,0.122340793673021
21.5873903443589,18.8995603416065,3.45826664602092,3.81910670465321,0.476946887101539,0.428486281112941,0.38584377449674,0.0412984775742011,0.314917003920025,0.559647833681712,0.00165368037225429,0.286068776183323,0.381196857219189,0.312126683343845,0.488090631295113,0.615643874316711,8.56424091418145,40.9917370327702,3.99500796287075,2.31486248953396,0.348906158729725,0.411430652899729,0.437789659107669,0.0535196924097306,30.5258349327571,3.32607671776393,4.56266793893268,1.77136006894317,0.144932005738128,0.171328128879298,0.00268705738904845,0.0178780406742591,0.361647821220659,0.106158173085033,0.251348984996935,0.804753723804734,0.540933703918053,0.702749149172387,0.567595440170964,0.383086383381166,12.5207414654263,8.60586765189356,8.96735810837435,1.73275646895341,0.942321003583794,0.000952866072242579,0.0151312320749913,0.0315299197364611,9.18344359238587,40.3568454908897,12.3539412498742,0.658452822425258,0.0964886451812356,0.311174097508086,0.305575605967716,0.0297781485198535,0.708601582627129,0.587964408970045,0.195550248752973,0.300914667656389,0.191964010666703,0.328987056476486,0.0933867622574276,0.0456908502976756,0.704770820252359,2.13772261415337,1.79396475686402,0.120001304221776,0.722426381579661,0.163119111699269,0.127363365901273,0.195426537235819,20.9490648266539,24.023151578506,3.65429159273393,2.29184292363047,0.30916292110884,0.120665840526588,0.0388844324425516,0.0269638055328539
9.27743702914971,23.9198553331882,0.534854693755377,4.70801558889158,1.57258782306093,0.299719183251798,0.239762369506642,0.129645439216679,0.233849893513901,0.248407171249603,0.00208786780156331,0.487932449479198,0.471526849316232,0.340525138697116,0.796465635471497,0.531229732247407,25.5796594662452,53.9468879916083,4.04338306830925,1.54921508869417,0.213924753325313,0.225698098485894,0.417746927520932,0.091863491297839,21.3203422918083,4.57383756540409,4.05417741721404,1.34320009414061,0.12276439180317,0.277034821883011,0.00573403540739145,0.0926972036395564,0.266818572385309,0.15059075302204,0.23996167619436,0.467181688857572,0.560136899980367,0.644262842103944,0.361088296868992,0.390879579769361,12.2415682549285,6.21360552122584,8.64164468225349,2.0107182499503,0.577480116314646,0.00235141530721366,0.0246226359860964,0.101690244465679,20.2175604763872,23.2531282593176,12.5027783793312,2.1193223822429,0.119308806544566,0.0806974259179295,0.564410056972677,0.0009681610023945,0.907904874532509,0.154129099721979,0.287132957160042,0.426191853845522,0.208377176581994,0.584279925113365,0.0906412407526033,0.043114974019654,0.752486708890497,0.281023850645912,2.18513925844741,0.150751888897357,0.0232606664175203,0.161980908276641,0.241853136421406,0.130777358674009,14.1616058648961,24.9293174864095,3.82838644491067,1.18636533861953,0.434331115095425,0.163374300227399,0.0365149506003323,0.147648428001745
15.555044877248,12.3796938143964,1.31364985865407,4.32714474738662,1.36160271037547,0.299036791796456,0.220679582868951,0.0356955933633777,0.197419762985538,0.347510976975887,0.00220646449940798,0.318005682677709,0.0912666177596191,0.357071058064757,0.438016255126153,0.809443473144623,26.5182919749051,41.0207660251516,7.37158095866831,0.638880296467229,0.322072764600621,0.457996939373951,0.442675448182785,0.0650333870027131,56.0374015388997,3.62312378773116,4.15603351585754,1.17632441050053,0.175680640784347,0.463901348874229,0.015955056732166,0.13466577984749,0.549344933206963,0.0755741437486265,0.259010449484566,0.730608108697414,0.492602792908221,0.686098901075713,0.475763365364447,0.0600284397909563,6.16787834583647,12.738078747264,11.0611833326357,0.790689158439181,0.918255450453806,0.00229186157902945,0.00892184446177714,0.101124798529601,3.53548153661917,29.4995873943098,10.7014697830666,2.36395769838084,0.0321453179358227,0.116822059296419,0.25666483135892,0.0193676306479264,1.09987364028212,0.305043890781005,0.474565552712924,0.370036140228836,0.305232482188545,0.23180411632957,0.136471902633842,0.0647832901134016,0.40660395884566,1.23798271841623,1.54825528993495,0.148290170014352,0.818666934860413,0.244500955603308,0.146167666818757,0.171956630387748,18.9458325467431,13.9554669632077,0.708574139215191,3.76298375116896,0.123127543022745,0.11003572017806,0.00349763576446482,0.127583295965551
8.17103623793457,20.3860235647846,2.97869431349015,2.59465078299509,1.0287561360935,0.269980343512263,0.301591262707845,0.182578010502126,0.251967645207623,0.499815561059778,0.00253204014615741,0.227470503045624,0.33504906665236,0.259128957778015,0.517104084381326,0.641624824039736,33.5798116977082,44.1417745150233,7.05275812085246,1.4245306337029,0.225243052875342,0.3581517111797,0.135828817750907,0.0811856628637437,27.7366891224239,2.21804455423611,3.39258061345625,1.47077687227128,0.190703131010664,0.482014680210208,0.00789542088293974,0.044591118109992,0.344607362654621,0.155843579580422,0.162556648063257,0.80939572629061,0.282311705456452,0.832691599858432,0.469920620002062,0.304263019785613,15.1938524783478,9.5325410609544,10.9477068355016,1.17209449109831,0.264573980600123,0.00164730419411718,0.0255149248243461,0.095361243980783,13.5938557195455,25.4252329800168,11.9914782979148,2.74612910571909,0.0324435774654676,0.0853850702531429,0.221836865789599,0.017508194875267,0.867308835336123,0.0687537967286012,0.602579041710646,0.327719475684578,0.164146268060122,0.211503717291122,0.120229999826476,0.0309907428155863,0.459756943741653,1.14217776870609,1.50501507799761,0.0780490004898645,1.17656697450581,0.150604175741896,0.103839859283439,0.139126138253663,9.51726502862368,15.9999881522212,3.3505886830787,2.03268060752025,0.217841042172102,0.109868091595397,0.0499964131987909,0.0847032005908587
11.2031668043191,27.1660014095901,1.81279902200921,5.34271284722198,0.720413855791971,0.242793375410143,0.156448155760419,0.0966669285165504,0.149617333779127,0.449436584388294,0.00523697833389763,0.59259386926836,0.124612842041149,0.367231028710331,0.539737551689096,0.58377771261328,12.6304996372688,39.9230897674738,2.72402848079592,2.85440575898378,0.278199204903474,0.612930778300131,0.446030040669541,0.0447130161722475,27.8505217131887,1.43281047194864,6.12938005449363,1.14180272206941,0.174801953870885,0.306079368920307,0.00469987569325398,0.079862296469877,0.672678749487998,0.0968835200183839,0.214572941489124,0.41334690056085,0.51005973199572,0.541600779216282,0.618180167785764,0.482788314045135,15.6677747872212,6.81794348079801,9.39426434187924,1.44895190192984,1.50309701226338,0.00131730265775938,0.0129767804088995,0.0743418094612011,12.4337499183045,27.6798509011275,9.72144019862029,0.557752298943862,0.0717265256069049,0.277614104285499,0.265752404238547,0.0254269685945731,0.705214622096289,0.33652369685292,0.644693381039477,0.207462198789013,0.260695182738746,0.265070510076305,0.0913985127974986,0.0513639106463641,0.770380567011861,0.896762832237758,1.35512572871504,0.109998234641717,0.994349423802282,0.103763860871628,0.1194839909449,0.152302715885018,11.5814655892315,19.9977323413365,3.41364626180068,1.84179823404399,0.217627646623307,0.111190818988156,0.062963844525568,0.0778988301165499
13.9165502345798,19.5011218743063,1.45231036498936,3.70065991747246,1.65364077488402,0.30597008276527,0.208278662819541,0.136482316904171,0.354585704529503,0.392118959903334,0.00186623422791618,0.377929541556788,0.384777181858503,0.35433300969164,0.341411522901488,0.675431469088689,10.9097453431865,36.8977486139058,2.46349136280792,2.13476818852869,0.49237069750884,0.2699284647026,0.542937208922417,0.000251699650538478,23.6850799824594,4.61755745768021,1.51280538660407,1.79774813633093,0.0335568856305841,0.735983885951433,0.0282799376167972,0.0363292044873096,0.514764375052687,0.130228064442337,0.241848652820841,0.613393753181243,0.265419608860824,0.486434617573178,0.78159678807721,0.233034357341455,9.66836639305389,3.0766896283655,15.1409817384244,1.12825244200098,1.09798882902401,0.00174775315740649,0.0231700700993618,0.0805084915416728,14.7300912435826,46.9727783763836,4.51511261739196,2.63732711442334,0.0641457919970498,0.26821585344293,0.33249593388574,0.0220762775444907,0.864684679261128,0.252659126733156,0.546615217171558,0.310091806096057,0.201236556355205,0.568786848115727,0.0895940336410008,0.0783715424125406,0.174381551049398,1.81376949714485,2.22260752178759,0.13412746434472,1.04417103370244,0.122061749700619,0.106512953043757,0.119442213661221,19.2754694186508,17.9084446230024,1.49758315974493,1.54282379685307,0.317087413772204,0.0100511528136513,0.0326646912961668,0.0616330804533847
20.070809986367,17.3855480917175,0.17039804440557,1.8345009147753,1.41664956300048,0.522103997940709,0.192321785748154,0.0741285867944377,0.322188297825617,0.217293841562991,0.00239467718493178,0.638541827339626,0.331643268421833,0.197694843933137,0.471182329962395,0.752815202214454,29.1974287069911,49.5346851378611,4.08058196302165,0.431615008481151,0.321133665774356,0.396420541617159,0.38472686342792,0.0871360467788424,43.3500570792893,4.24494923934137,2.73721781688468,2.12623707828457,0.0886179509091602,0.411178544682672,0.000655255999939949,0.0427977898372532,0.199543429190747,0.133515320089463,0.145733633818046,0.199753710791315,0.146771659852816,0.791135477403988,0.521533943911214,0.157938543941329,5.55634520199,7.26651840178406,14.0462042880782,1.62616428234631,0.98656033366213,0.00186649938035861,0.0233922207461622,0.158671247459921,26.92744565172,29.8120559754179,14.9241576812178,2.25482650438799,0.053440553252025,0.379958488582597,0.123534142175347,0.0277383564888861,0.807468252949673,0.164502983056555,0.315727366690566,0.655895236211904,0.130095451946403,0.49022456806441,0.130725818663761,0.029325398069018,0.647756116975453,0.817104296081277,1.86094134618292,0.0561365135566403,1.12046354345357,0.199781604284536,0.168574272570462,0.143307874809681,8.55717090701124,31.7294803986047,3.37987556350393,1.30039651120478,0.530962599229424,0.072826789370159,0.0301971010926574,0.0211631172500669
14.2348607487147,22.815883547976,3.26318010224208,3.91371601144414,0.418378473430852,0.247941123267442,0.178707497451998,0.140287643803748,0.355511212649716,0.270121982624396,0.00172158360500183,0.292449193873074,0.278599778420845,0.508477001434538,0.492735490137145,0.816528880413653,27.239358924176,42.2063617951956,2.66984386244099,2.33689742472408,0.254519892129795,0.630354321622435,0.410715742907246,0.0916951953917265,40.3638325351317,2.6462875318786,4.36201961999692,0.745045081395872,0.13045312770463,0.094631261084788,0.0183890335016768,0.00487888710746513,0.671202613572084,0.167085828960314,0.313107647991108,0.513880166199337,0.447284231457232,0.401075204735028,0.51324899363427,0.17435851816373,20.5974628225571,9.64967253437109,10.0403560156106,0.51062175008987,0.98195195830811,0.0021640629650352,0.00657697436380749,0.0529382567987835,4.68126605372088,21.3250261637447,10.8649047016738,2.52947506921525,0.108223889270728,0.385691852911689,0.350609433822286,0.0195798126053966,0.0380855336200638,0.32595980609815,0.434033903839389,0.439864135259768,0.24298653330279,0.159692069043133,0.104755852387109,0.0529300642521565,0.667568265783636,1.00344763609813,1.43488086193873,0.105226535336738,0.828799879027766,0.0878271418583532,0.148114007038861,0.133836308599214,5.8019951112357,21.1664582433087,2.4953345803578,3.21841864673754,0.274454288059967,0.136911564249678,0.0156778708247007,0.212333259860962
17.8713386847673,24.0119444972176,3.33606394087135,3.99422395082949,1.5016620204853,0.503759827334572,0.300993081820557,0.111544127208431,0.197237891893807,0.225633384604416,0.00429080553752488,0.364557443319115,0.331619721767709,0.404053009982673,0.601875533005764,0.650830273548447,24.384048778667,43.8335050305404,6.27617664689154,2.65328638594312,0.336270318982073,0.276612748452073,0.67859790551011,0.0576866673421556,13.3417830870128,3.65974869257655,7.89895957728444,1.94570862100131,0.234062365397181,0.391020911111245,0.012518214207794,0.0168818064587249,0.647547961304218,0.109100955070862,0.32311344344117,0.468996395283361,0.393731246948431,0.618937558280527,0.415477904700978,0.263030498142986,9.89517990966274,12.3098472298843,7.00219086708322,1.11698330267299,1.11334835801243,0.00107386631879229,0.0189247043571987,0.0799729888491321,18.6138244640348,35.0783818864513,8.54380410211247,1.61558042912476,0.0941177075257084,0.53291394218338,0.228256671878079,0.0177128033034585,1.02941456423323,0.403637186506563,0.798803938258304,0.403726620337782,0.280025145573747,0.327282772894025,0.0807586126944416,0.0391464168297768,0.555674847023733,1.02818551933398,0.963000418941436,0.116649757608817,0.841747344817584,0.279095082319568,0.109660062512072,0.168016069592852,17.3357275654716,13.1821262520693,4.32951114869646,2.34957713297568,0.0968995100888121,0.174710073982097,0.0573669231508341,0.122749613034511
13.6185511986433,19.808314520756,3.24663738005724,3.15504595037287,0.50956565644714,0.37998471444178,0.315500952283816,0.139322041579766,0.104627470420862,0.579017820060999,0.00428167836915969,0.384240377173875,0.329383857532046,0.278305429443784,0.404008215048616,0.628117695491915,18.9138954077176,33.246331589806,4.90317196017863,4.07417508525098,0.105738643598545,0.105335041856134,0.23633249468056,0.0811779975740414,34.7906496339151,2.8271192253306,4.90400701996903,1.98066858751594,0.123255131136299,0.652150013475578,0.0113253288875261,0.0612111158943095,0.483456016706481,0.116567701623629,0.28142743422182,0.758192519693426,0.609279202715945,0.607348670287073,0.658784847142435,0.314894476083627,14.7315880142594,5.21822804740058,10.4349199859512,1.13442388034451,0.387785206056006,0.00143672545665797,0.0207960266335545,0.147538064033713,1.28384098920472,39.3543624622689,7.91239504181121,1.44710350712117,0.0943029093913124,0.340313300127043,0.327849327172169,0.00893043710693636,0.695558953095772,0.506446203963067,0.42535897377806,0.227843842041528,0.133953161616735,0.41021061828446,0.0884248260075353,0.0783317296947347,0.293450180453837,1.01266319046826,2.08706271650826,0.137709558363529,0.770047897491762,0.197154615376305,0.181865982303361,0.136508170576558,10.9954148176725,25.2689528094949,3.08604194699113,2.08735180667105,0.27034009244193,0.155876897765594,0.012279024027737,0.0318636663955344
10.354556966598,9.91493103698858,2.36360986791629,3.18076648068526,1.69470248775898,0.373489209209564,0.382796771390115,0.0792586412524793,0.180123562621369,0.356008747025366,0.00302649275942332,0.373274664787006,0.312988065761406,0.249340916184454,0.547301322582568,0.818371095253825,16.125800125524,47.6987779831908,1.90405647561629,2.09407042357147,0.137986813327096,0.484362221307499,0.381148058001558,0.0723089464693307,32.2582879512955,4.24169275301342,4.74327927897101,2.05449934528523,0.136383316667107,0.458359359579737,0.0173290858841517,0.0186738842522943,0.379631641266056,0.0326010440971797,0.179911058369586,0.703620958180676,0.305880850187242,0.681204590370804,0.325094829197752,0.189794547225139,16.2018857582538,10.1335147265395,13.091264271811,1.53979367034376,1.45570483255761,0.00104375942328852,0.0158174582712513,0.0733495763095593,13.2600427422499,39.7165926032828,9.44802298347526,2.17343444163387,0.0966931407596442,0.420043118573208,0.356325291494157,0.0263328390321407,0.649640398344273,0.615782448041666,0.357116856569639,0.434232195436415,0.0502315259727888,0.258817354048138,0.128042406121503,0.0379859611421509,0.558826725772311,1.95569098375651,0.935267015555604,0.134214477276947,0.911681485900335,0.322067803246965,0.223257734000014,0.0505046279019239,11.4001773759625,4.10128482664144,2.17818615237362,1.30710648471554,0.149679192083317,0.196234560371552,0.0665405536180074,0.155912780213083
13.0769125972645,20.3096516952147,3.06777538777115,4.05190499191808,1.53856800600576,0.275576750255097,0.387146597119276,0.194899349714745,0.156096309877698,0.539621283777449,0.00494746202564984,0.485700490743653,0.351801763526772,0.224167824355441,0.457811927486405,0.844747133771868,30.1577544483033,41.0529936000438,5.67670844374997,2.39754341376367,0.401091163175153,0.32442831087585,0.224996373236038,0.00927024664377605,10.8903987131636,1.92204724214359,5.07403655935824,1.16514933223552,0.0807258291850233,0.467979228026153,0.0112854995170302,0.0852141032920138,0.850021009207186,0.0783849746977174,0.190603387199484,0.50919465585291,0.290427779800331,0.774558800587689,0.411530599364177,0.137627625327476,13.9741918798884,5.62986958855564,9.68889736826216,1.12270971669355,1.34516446725377,0.00178441265663296,0.0280576049338925,0.156101285891579,22.0695641653642,47.4533179061979,7.54523429760409,1.81303935039694,0.0387566621125637,0.581966244408726,0.148173655472786,0.0211200247380161,0.817537803460365,0.161862668545969,0.528394263184239,0.258144958449855,0.307599574688332,0.295225529320866,0.06559012471041,0.0251206979895783,0.561995040096281,1.66712214080419,1.69012128869498,0.142770350464777,0.733829025150487,0.0465312845877516,0.110053300498157,0.261662658118061,18.0702816582106,23.2442583185427,3.13853349367394,1.36466559392424,0.32531211406015,0.163559787453586,0.0419981470437535,0.151559061428686
23.9729138415969,18.6993195185233,2.86633693922004,3.01658445205198,1.86246888021579,0.220113924713442,0.13326331495446,0.0992145330862887,0.330514075528307,0.49568884657869,0.00365619484719692,0.509045494520321,0.25065207745645,0.336393818283611,0.576568041062479,0.623779773116713,18.0217049749784,42.5848307777573,1.3395840743898,2.85255189369296,0.5117824973075,0.462885712368466,0.573814451375759,0.0502063076878769,40.8033944627545,2.85821245902129,10.9968789643879,2.4952934405822,0.142071592237242,0.202621847560537,0.00427398007899214,0.0515751139571719,0.453628864434028,0.103999461677449,0.368175127423344,0.682782999045288,0.452120004193023,0.558097024732774,0.34979929412181,0.398327351150129,10.0016522689896,4.85935031685075,17.5634773093482,0.143743521487705,0.958981973959781,0.00187865192900385,0.0194302719259609,0.114324688958902,12.8157384796368,20.6865583349111,8.11164213010903,1.68543536931869,0.0451154359017917,0.0841621059854029,0.238645564720449,0.017345567987699,0.345037261304328,0.21748054854515,0.216932244389895,0.448714151608389,0.191565502122125,0.153333098902287,0.0973029449100178,0.0396067058646696,0.547098025439293,2.87401279813976,0.300440948612132,0.122174366748235,1.05939923572578,0.129147849238748,0.102747180586536,0.202238703250741,21.3692885834276,20.1410592660584,2.5975010203157,1.56265010482216,0.201557240886915,0.198515569262059,0.0444998436380478,0.0971729928628442
8.82659875076702,26.2442951604407,1.82994042078533,4.76972427932722,1.51184840169133,0.219408687709855,0.374913804838707,0.11116143122973,0.14489133045236,0.195429444443188,0.00524837871615585,0.119082525967296,0.449500237770788,0.322106027529346,0.769373754762636,0.75557480817625,18.8734598587926,34.4256056151855,5.69940973772417,1.80729420944207,0.349657932832252,0.14058461294903,0.504419869570539,0.0437937530979855,11.4223820411913,3.03628189643329,9.96651071413325,0.787536731556546,0.0976281228748376,0.466389633151428,0.0135895344038477,0.0660580469880118,0.770750808765628,0.106107937171958,0.235983744756376,0.763797719432233,0.196244261571241,0.564929987664232,0.166376465110658,0.259944592672883,10.5346397184313,6.10344038204565,10.7049489020256,1.51740425778777,0.514211589153857,0.00139106216134952,0.0116416309952038,0.0573960442836885,8.68759779996965,33.0210179978579,6.39216314471467,1.92709646111476,0.0964485710632494,0.27589122648993,0.269125187772815,0.000947983013977771,1.26502597585559,0.276852362278217,0.514491875338996,0.50074398643503,0.2212544242616,0.300668482498741,0.111105544669509,0.0628057967665412,0.408375564245253,1.73477341400435,1.889762755314,0.13166403115404,0.917490559798251,0.275874609835064,0.136365773642081,0.0702602448800397,17.793908366423,17.2562766690981,2.43318838195112,2.21535013674037,0.45533843763635,0.0785114342776363,0.0308926775183613,0.0574612200414467
11.9424825970362,14.2235404048693,1.56852548930584,3.8332941548993,1.86611178041932,0.306024797994248,0.0390268531148898,0.15285712926536,0.243679815736981,0.519466496557147,0.0054346032557148,0.292003954967481,0.44517527868589,0.395730970455891,0.558719370249327,0.704536298194818,21.3949994177468,29.1199141952107,5.6440990141707,2.27150359513467,0.436399742055026,0.388252189428925,0.345331512524783,0.0328970339512433,26.1497570709518,2.30504175057579,8.43656952133669,0.418786456010067,0.171181223115027,0.281451938792527,0.0214197104355381,0.0892723631433016,0.565838325297995,0.126717593855369,0.21967674717234,0.838590588428257,0.409854821463875,0.577392055179444,0.477259559084799,0.331126204583978,15.1743422141846,2.39734846801633,7.778715720184,1.09426745687907,0.819854619312415,0.00140259496785826,0.0185422749655952,0.0468023351981355,12.4067527774918,34.9847614008654,8.59433303649641,0.849481252195429,0.0562070596432944,0.417274600062395,0.363102386725242,0.0157181034897126,0.56541549747329,0.291884598015528,0.415418970564177,0.184013926784738,0.0674319457958086,0.332896583542137,0.0829520557222036,0.0244082283994149,0.798829808614093,1.05767158892023,1.62324930448926,0.118082165169788,0.659712061789697,0.0524024280820028,0.14169485858489,0.200739823039994,21.1458653666693,33.4525115951486,4.37102832994395,2.86974415316073,0.497016998889307,0.0488021357129858,0.0448449601948614,0.108220547798682
20.6768793102121,24.8908160895677,3.23926722272023,2.61259200748734,2.23453383031582,0.308153258800093,0.14725713034317,0.0877671305772036,0.217125541496526,0.467278844059755,0.00513957926656891,0.494205028862682,0.382893109664716,0.600517021668287,0.75826044246578,0.672179747889538,29.9826730667676,45.9029294725217,5.2981031904842,2.31537817447355,0.490658108714827,0.839897379826188,0.705026491264755,0.0197747818294503,44.4855826965896,0.782852661075161,3.05727066205616,1.97969168103785,0.125163218712091,0.307496651154297,0.0145377993760073,0.0505702328235316,0.165604769242682,0.0555681428944767,0.2135540987455,0.755418528936943,0.44572053824354,0.207341232885754,0.332466901067245,0.326489636467842,3.1573296119464,4.76488237707288,8.56177482693102,1.32966033853963,0.944757399991554,0.00100288505105275,0.0240354042951692,0.0752635453272547,17.9231324497746,30.6293041551579,9.32034540877947,1.40268078602655,0.0358479539206811,0.437762317362991,0.442308846864961,0.00111293236885592,0.461784528888946,0.351707506410074,0.550524877740849,0.287702252721038,0.0730988932386117,0.194513247505138,0.0298863448116309,0.0424950173858411,0.408809721493231,1.76323146729715,1.00608240534097,0.131864217949539,0.535933520295313,0.227852707629891,0.0485979409392196,0.247020088727398,4.98131192012732,27.9646379653918,8.23987283844192,1.99592536035838,0.441287501931027,0.0941373650699993,0.0215687266482801,0.0949764141480362
16.1950840679853,12.4901113905024,3.63054989572228,2.02182219401927,1.11849888020265,0.268896875077325,0.237567942778155,0.0560959950267499,0.13852189076099,0.316467826430665,0.00155799743317769,0.276412689501613,0.185719655048362,0.231838452943718,0.58890366678929,0.71636142375056,30.2387932832608,26.7913940357466,4.77367120076548,3.9696769356012,0.296928144334435,0.474796560834198,0.197737533588299,0.0850514355051362,54.5328217856659,2.666460707457,7.66072327356646,2.08505130915795,0.139531891906392,0.465775998907995,0.0119673324055041,0.0760151760336669,0.49303113434379,0.10176847478115,0.180023360300631,0.758308684844058,0.607006444763148,0.859800228204132,0.321116191885156,0.226448544784227,14.1037213437292,7.08800269471469,7.90183263836665,1.74799903856386,1.14083084642854,0.00172989989883878,0.0213455221647601,0.110719852719135,9.38208814680225,25.9655460822351,10.499462534479,3.07129620859956,0.0843452548556041,0.220348313502815,0.249634414765721,0.0337951576288979,0.850603970522196,0.364053210615877,0.778546787552925,0.201203765506865,0.275983219330481,0.22074658803204,0.0847605681359699,0.0393938627184289,0.707981870253546,1.15589511051147,1.41248979929679,0.11698673246392,0.772818312299162,0.210720139584922,0.102232479645446,0.200360862910168,7.89622017718196,27.1040683113057,2.61676488981999,1.69275378671248,0.255166626053678,0.2426795765021,0.0622122508402936,0.0549542545274437
13.0769125972645,20.3096516952147,3.06777538777115,4.05190499191808,1.53856800600576,0.275576750255097,0.387146597119276,0.194899349714745,0.156096309877698,0.539621283777449,0.00494746202564984,0.485700490743653,0.351801763526772,0.224167824355441,0.457811927486405,0.844747133771868,30.1577544483033,41.0529936000438,5.67670844374997,2.39754341376367,0.401091163175153,0.32442831087585,0.224996373236038,0.00927024664377605,10.8903987131636,1.92204724214359,5.07403655935824,1.16514933223552,0.0807258291850233,0.467979228026153,0.0112854995170302,0.0852141032920138,0.850021009207186,0.0783849746977174,0.190603387199484,0.50919465585291,0.290427779800331,0.774558800587689,0.411530599364177,0.137627625327476,13.9741918798884,5.62986958855564,9.68889736826216,1.12270971669355,1.34516446725377,0.00178441265663296,0.0280576049338925,0.156101285891579,22.0695641653642,47.4533179061979,7.54523429760409,1.81303935039694,0.0387566621125637,0.581966244408726,0.148173655472786,0.0211200247380161,0.817537803460365,0.161862668545969,0.528394263184239,0.258144958449855,0.307599574688332,0.295225529320866,0.06559012471041,0.0251206979895783,0.561995040096281,1.66712214080419,1.69012128869498,0.142770350464777,0.733829025150487,0.0465312845877516,0.110053300498157,0.261662658118061,18.0702816582106,23.2442583185427,3.13853349367394,1.36466559392424,0.32531211406015,0.163559787453586,0.0419981470437535,0.151559061428686
14.3529893677776,6.89267889818136,1.42268406846469,3.1015240813676,1.40680644707692,0.488724449387605,0.2947755690936,0.104885564029587,0.362378372627214,0.818865156441197,0.00893972775790696,0.638094530788892,0.33494165620414,0.186431262545268,0.513203789375505,0.500404371951514,25.9657704596125,36.4810508684398,5.25345247506508,0.267799184245345,0.252745575678594,0.567407060544611,0.421497293265897,0.10542743697095,41.4021122274199,4.72334427234397,7.4714218603757,2.52763245435179,0.155014477064303,0.3656302153898,0.00324251002196386,0.0418095332293343,0.350421295807951,0.0700680547387162,0.185638069120642,0.438086245725772,0.551227052300226,0.886649157679019,0.506833731629882,0.473107943047917,13.8338101690203,5.40379969542109,9.16292461941809,1.27696530748534,1.46534476152839,0.000733355830268594,0.0155258418307241,0.082019735769379,14.5463246668767,26.1357970954291,11.1029583799029,1.31593353830128,0.0484345352530409,0.359753458382882,0.324106743238952,0.0189791158681599,0.436317710362818,0.228821603476317,0.319375752341883,0.401824803303049,0.298643166485721,0.379078006779965,0.0971606369070296,0.0654676508739314,0.314322508998581,2.06496855879832,1.15038341428641,0.161266184799176,0.570005755323954,0.383355457826034,0.083426163594965,0.169799717517929,14.9343324687828,17.4311481093237,5.17418945438569,0.978409783430936,0.350346449597557,0.0719229877856793,0.0455888084328671,0.0556411921645692
0.150966793610617,12.8289751435424,1.40671614305598,5.50052034846829,2.63262151058471,0.304361383848575,0.253772588627783,0.148123067949999,0.250179281681327,0.184996244221196,0.00559298286914961,0.407054934098337,0.23836697175542,0.537132147886185,0.583766987484642,0.634231560266284,17.9668079055965,45.7381999979928,8.18785581080709,3.07053912298659,0.149530180835868,0.343219558864707,0.390230501520335,0.0720654594207171,17.1934774056013,6.93630451867231,5.84778014307785,1.28399177931218,0.133145891069664,0.64665921180114,0.0150452329246586,0.0712379285631996,0.460467171553652,0.0812245956817394,0.400217298060248,0.577753949720104,0.335522007920243,0.347283991203771,0.374932061782603,0.400515677349754,28.0469352710981,11.5979486713224,6.15932094527901,1.91831240405726,1.07697585886741,0.00110467653896578,0.00822400820165792,0.0341345338029418,4.24639817642981,14.4983604353277,16.3507262786845,1.53588319261857,0.0951068321702028,0.280724696130996,0.420167490196851,0.0138157504603392,0.441753291653679,0.343693158133138,0.506959875027983,0.5081492784904,0.201812854457513,0.301005888539124,0.0636812738101996,0.0345166822460305,0.670438478858847,1.73622093616525,1.24891748848067,0.0907402244977243,1.38528604076905,0.169829761491982,0.117924293738246,0.0451661775765486,13.940536198131,1.89661698635389,3.06057572913139,1.4448418903723,0.157838258205848,0.179549996341206,0.0251460438803638,0.115899267837709
13.9165502345798,19.5011218743063,1.45231036498936,3.70065991747246,1.65364077488402,0.30597008276527,0.208278662819541,0.136482316904171,0.354585704529503,0.392118959903334,0.00186623422791618,0.377929541556788,0.384777181858503,0.35433300969164,0.341411522901488,0.675431469088689,10.9097453431865,36.8977486139058,2.46349136280792,2.13476818852869,0.49237069750884,0.2699284647026,0.542937208922417,0.000251699650538478,23.6850799824594,4.61755745768021,1.51280538660407,1.79774813633093,0.0335568856305841,0.735983885951433,0.0282799376167972,0.0363292044873096,0.514764375052687,0.130228064442337,0.241848652820841,0.613393753181243,0.265419608860824,0.486434617573178,0.78159678807721,0.233034357341455,9.66836639305389,3.0766896283655,15.1409817384244,1.12825244200098,1.09798882902401,0.00174775315740649,0.0231700700993618,0.0805084915416728,14.7300912435826,46.9727783763836,4.51511261739196,2.63732711442334,0.0641457919970498,0.26821585344293,0.33249593388574,0.0220762775444907,0.864684679261128,0.252659126733156,0.546615217171558,0.310091806096057,0.201236556355205,0.568786848115727,0.0895940336410008,0.0783715424125406,0.174381551049398,1.81376949714485,2.22260752178759,0.13412746434472,1.04417103370244,0.122061749700619,0.106512953043757,0.119442213661221,19.2754694186508,17.9084446230024,1.49758315974493,1.54282379685307,0.317087413772204,0.0100511528136513,0.0326646912961668,0.0616330804533847
12.2356837737472,13.9577929240535,2.12433108265903,4.84911018854416,1.31505758019114,0.438573168678409,0.218779191894904,0.0683676772594214,0.254181498199918,0.415358171973117,0.00634648336440547,0.581530729832395,0.260539266318229,0.298376529976943,0.487551300385242,0.696821915341806,19.6464240517878,45.7916658586714,5.27695051453175,0.803552636544572,0.488275833533023,0.271097485722863,0.532926507008825,0.074901249208935,20.7789526729633,4.49034239447864,6.44091209588754,2.07480684151738,0.141641652824699,0.914976019393617,0.00787867672478352,0.0858299825614886,0.388946796211357,0.128616662367181,0.321710314253486,0.383685903041705,0.39290767468806,0.744764114158177,0.539353400593478,0.224853618341881,7.44640945449759,3.63180353643335,12.4455829871319,1.47312776534079,0.425477657435447,0.000748380789693618,0.00663701959945796,0.135102383813642,23.5311176515154,41.7875713741245,7.70892905373546,1.73750287183648,0.0389231798801547,0.342015180335437,0.308592241744927,0.0325483412658563,0.646438320052296,0.256132027308285,0.406872888267597,0.509560789601604,0.190380411804542,0.331554994884758,0.0956925708266801,0.058045555339329,0.481939899948052,1.40822792313209,1.55202819295009,0.0972254596574245,1.1354988208328,0.119366367305851,0.195101314025449,0.128845709158673,19.04620191616,13.7262319052443,3.95285329396748,2.13745848758647,0.110275833369445,0.0828154672484951,0.0268202596868375,0.0920695187489349
18.1107083426607,12.2414234417747,3.24100236969262,2.83251121107498,2.69184201490317,0.442112247848176,0.293697648344585,0.0768671667599193,0.249907213175397,0.283005061380168,0.0047153322895548,0.219137314220323,0.300604631952539,0.491287902065008,0.445723158918235,0.812666195967261,36.9311812855637,32.1166313703528,4.41328172400752,2.50651653710528,0.241226178269813,0.18850667646856,0.48676965005325,0.107453006046634,36.5559013057816,3.769455323556,1.62746258698149,1.27763310659988,0.109622710986789,0.469269584453474,0.00644190525417157,0.0653066470303823,0.663431197542579,0.129123500926812,0.39120485236186,0.302398065094122,0.349273276078137,0.457984435337719,0.498936900501884,0.258686956712399,13.5963816582815,4.46330177284228,8.41694886209942,1.83346422796954,0.389767859091995,0.00082578765520767,0.0246477530814274,0.0187662989839453,9.35277109013736,8.48888470510474,16.7101371799396,1.84601972896482,0.110002058659347,0.28919547358082,0.450106858999095,0.0294760472792076,1.2731008437577,0.179944786124925,0.465981910487926,0.346238333043545,0.241864704033281,0.410116824913079,0.0679517876186144,0.0471839149811836,0.234087389168448,1.9249012200463,1.61886805815607,0.122451448761585,1.0723405766841,0.00161203506220155,0.15271281297722,0.0738668351848198,14.480340158417,38.9245830157641,3.78910798699261,2.39365432928748,0.307245058089414,0.162883271214966,0.0523539004512434,0.131568322942863
13.2269664115582,24.5157175175331,0.93351966023608,3.42794766448259,0.879447785357078,0.303282005229552,0.221207895518441,0.140399801180728,0.392165909363587,0.549032431836005,0.00473217802345018,0.285059641649875,0.106582083818382,0.227031705984185,0.68924310943965,0.735150954843363,28.5102045164764,26.4239294565207,0.245785299499058,1.37098720797328,0.345486844833225,0.126511012982433,0.350255195736381,0.0739459178127852,55.0099158879528,2.89178103974167,6.77698715748403,1.3657700310596,0.131251705745268,0.546803171800798,0.00882033082695191,0.0527555350642658,0.976351980545813,0.0463263787885657,0.258071107561718,0.601105133696153,0.457188551739023,0.457223616420889,0.320650910710275,0.287261113805098,12.6680815811259,7.06619615306001,14.8029033623439,1.41493529550958,0.302636614960099,0.0010923204727433,0.00926301708099259,0.0777236296146952,10.4045847197428,24.9080470849898,7.11282035897971,2.27628984173243,0.0782341831850306,0.582998791350355,0.377333242766324,0.00852660569968311,0.575436825928195,0.22035434405875,0.634937320373769,0.450430101615974,0.183021077954168,0.484225337258649,0.0491189775510968,0.0697108048431361,0.309020382709531,3.21134751101508,1.0597269035656,0.142608442468894,1.23450759783455,0.223011273349943,0.0550566517219463,0.135715679433218,9.37345318494958,27.3988701809034,5.61239689055633,0.376729702020462,0.330186601914232,0.119739642734287,0.012763059238182,0.0817322267269999
15.2972763652212,14.2884391340673,3.5177670617597,1.32377847440226,1.82139400698018,0.193777232243388,0.230109359975484,0.0870922074578641,0.258291509804128,0.530364816512442,0.00179918068526023,0.460746871461605,0.281105652069387,0.235402755217479,0.759578370929294,0.686335936783041,21.6057691446921,18.3862705764563,6.1586145816042,2.64259071912494,0.335603174856025,0.479886279450136,0.270060428956092,0.0874911581310394,33.1583825505909,3.72818933194126,2.94267371486556,1.28523509354512,0.156441216903834,0.483476835360248,0.00788005053460856,0.0586699853526534,0.430136121465344,0.0640879108394249,0.487516447431065,0.447108971125406,0.393731299199452,0.808617599607947,0.337939823809603,0.287058911654348,22.431437083569,11.4279015336169,8.8978542571693,1.59763418407962,0.812228167142777,0.00211694671793052,0.0180537104218349,0.106967316985185,9.23453745386137,32.0520774496127,9.73410117043669,2.37111378266975,0.0494793604228696,0.209090947511493,0.390016307465625,0.0132995574931679,0.936871906064782,0.282787149448153,0.456726469635621,0.606945112610299,0.182272082878978,0.0802183808928394,0.0875343214969996,0.0305925178559373,0.422396142570331,0.692684469686693,1.07568974882907,0.174670060799422,1.01948028455012,0.186089405976203,0.155797298336655,0.0966217274391115,6.51091267581184,16.4256613410127,6.88010276918262,4.54704123343895,0.332398287205738,0.0694151856772657,0.0357477452289256,0.121717659388986
25.0414739270169,22.7471204681753,1.31207167526448,3.04109672562222,1.71018533450595,0.57967167371882,0.340235490648571,0.100610059747586,0.235274786688398,0.78258781216328,0.00410604635856648,0.419312606921124,0.131521079007864,0.212146808290578,0.693660722387723,0.618021628045614,23.7803626504125,31.7553007179564,3.55252817688402,3.03158743453439,0.30815820409028,0.579382425259562,0.328212854475315,0.0578865694595144,46.291434627124,3.07168488269426,3.62827557945358,1.66415122753235,0.156898535709274,0.827090603534015,0.00563862500757513,0.081442043132231,0.602013944857949,0.141198495091056,0.158602329909695,0.637200214128578,0.530728384765891,0.396247965509741,0.287135922544854,0.429827979711184,9.2757330692313,5.95551601921702,9.49971495669554,0.988390081067445,1.14571651450669,0.00101689485570282,0.0152641571302805,0.0750843737974424,12.72797047137,35.2801967130755,10.5442978781744,1.95759961072428,0.0759261951599174,0.490205813762812,0.470162011694799,0.00881030291026609,0.574117262830332,0.496322815251052,0.376702231595036,0.481420202506059,0.211474310547607,0.674599347508177,0.0285148984596638,0.0237478044651711,0.790649177219843,1.35144485548336,1.43610666133082,0.0778589045308219,0.794192884311291,0.296180159308229,0.109040989152404,0.157688375706755,24.2800346876646,10.2246959085056,4.30487560826561,2.94386325890055,0.292334343405352,0.044848316543662,0.00870633183132016,0.135112956156872
9.39705209055339,8.49325251016125,2.79834934405347,3.94376579560552,0.424705116616786,0.343329395107227,0.283167234666373,0.11316011758094,0.108223749534852,0.53390582115102,0.0024587753373238,0.375453921952262,0.322470380144901,0.169317054525805,0.594052130220649,0.73335913672313,27.5721519944458,32.0555109685427,1.41444343110179,2.19704458471952,0.21365982761417,0.257622629860603,0.323454695793403,0.0833712024542336,47.5069298884321,2.68416207265397,7.52880526882643,1.56846111673994,0.0811557857919184,0.471672558513621,0.0215597753358239,0.0595182654363124,0.395182315035029,0.147730434384722,0.288809849747619,0.637025515454999,0.417827002236162,0.74514985621062,0.372445498544756,0.384935952405678,16.6438435231633,4.33377266782601,16.1480631875126,1.46161191914096,1.01863117111528,0.00252558201146347,0.0138420479347238,0.0872094261473956,23.3898112446353,36.7692027501634,7.86600991471499,1.48824321627498,0.0597857177805671,0.475964683229734,0.381975612076927,0.028141654544736,0.863956945144525,0.345637265345617,0.538829928131517,0.233387736490448,0.363976417230884,0.322015973030254,0.118341144773864,0.0599828023394969,0.601662008589299,1.7272095450889,1.24716824279363,0.0353790612316442,0.793105082048497,0.144819096303167,0.089201929756646,0.152003534007814,18.2605428816545,30.1940065176728,2.43673544207521,2.17817507826873,0.0801487538837211,0.0853151872598743,0.0495736953526293,0.0805788214110604
22.7419049778847,24.3476704102823,2.74343681797342,3.32356566861451,0.881515021485361,0.368077942764652,0.271364550570778,0.123527495714551,0.288910196683076,0.553793049177506,0.00376311201896176,0.501840299556987,0.454238141409013,0.379499887090542,0.8338039755766,0.679490825039372,20.8003818372632,43.2042220686674,5.15726201041688,1.4888820830993,0.322039354377773,0.471120269276938,0.627846393331249,0.0789758859273201,22.6131925938037,1.73063774965556,6.27213910574827,1.77314675205445,0.169002287406166,0.255545482161711,0.00768317780213937,0.0850023569322676,0.643050102161398,0.092389843703542,0.140182839860588,0.525188840004234,0.326740406589533,0.464443591240898,0.296310450553133,0.272855330065192,12.3272264606919,5.77880208811215,11.6253311119622,1.14693867428986,0.598280965052459,0.00118262279380303,0.0153567419983184,0.0537337353513214,9.08309270108428,19.8307883669379,11.8577633177091,2.46574179367503,0.0767221190918877,0.50148589678716,0.284587198633699,0.00959571946555558,0.303227189807828,0.311783623072174,0.170517067546202,0.585382556682658,0.191209693445112,0.367290263276703,0.0477444952382893,0.0355128661168689,0.200301383725524,0.926685781949514,1.52203015150846,0.0768587618250549,0.341768386669383,0.150994220462612,0.139096746789586,0.182621108005366,6.37488251870378,16.3407925250194,3.38589082960907,1.76907471007837,0.423314472210461,0.0809001019259744,0.062492748346872,0.12120939937833
12.9594701742415,16.7871627592955,1.52218268260494,2.80753262811823,1.36336675743,0.382085633122808,0.244392046541644,0.067171889767481,0.200916654007781,0.439803817921227,0.00178686119441074,0.161553701617075,0.26017385731806,0.410624952528927,0.853643885790421,0.623179272094352,32.7840554247212,31.2466274587264,5.98011961688584,1.52242192231154,0.22127071324816,0.349412047257626,0.400665627620948,0.0588993183337671,37.9673705854282,0.629414590971821,7.21641170087039,1.28481705560166,0.116771951135037,0.529615213457986,0.0145029083414859,0.0392445136786614,0.210640874932536,0.167771250702262,0.280189272565243,0.828086198637218,0.511865524243033,0.40578311061937,0.265862477048921,0.502105608941213,8.82554528493333,12.4100936105134,17.4739940438075,0.2199489466653,0.679096855090667,0.00131896102441143,0.018273349570807,0.0518630621326042,23.7735357174186,33.0312795771376,11.8259719412935,2.53012127993843,0.0848130712706828,0.183380156467765,0.134249455798482,0.0219339363529991,0.827136817713,0.260814304639589,0.508028776301638,0.525978696576216,0.111772110374546,0.219565154765345,0.0757313871002397,0.037867060198518,0.451004704741036,1.76439447348615,1.00477402482317,0.0878820673702362,0.801953405769323,0.184518941566714,0.136502726467939,0.110548857352231,15.4374701171871,24.975296552423,2.83809157610298,1.28539279863842,0.349955160230341,0.0871785035923242,0.0268668246488978,0.0514861362418542
17.1848104511939,9.89465420881062,2.6561376972311,2.25389523975196,1.7447282471177,0.322175285313002,0.439031236874984,0.112251268511272,0.171936268499643,0.438539105049704,0.00561238196135959,0.276013075249015,0.426263244729656,0.182984805109684,0.456935881944306,0.641687075791428,21.8022874259675,31.5811429675264,2.92201474953202,3.78020779712259,0.168845566456778,0.258824290392041,0.454531055575732,0.0857981778816906,24.9256637406124,3.80384074581501,6.90345968749126,2.28902537404547,0.183957894421884,0.54955548847853,0.00782580187534219,0.0377038501636567,0.198653344861647,0.123082854153962,0.25490207775887,1.01252725720446,0.337295086055607,0.835013150366533,0.810838273555838,0.343330551351785,9.19145670031486,4.86992433308007,14.6653645677148,0.497890729654384,1.14214552933954,0.000966061908871883,0.0211012242502494,0.050721995555961,13.3650603871401,37.5987052429751,9.17220533857305,2.72106725994664,0.0624775656026747,0.350317033000253,0.288321049785288,0.0102267588334769,0.951807429953996,0.215909210691442,0.67636960548647,0.182510042370982,0.267303641351074,0.200540632880914,0.0994855673346079,0.0574625457846685,0.591766389212563,1.28552232408224,1.09678575402124,0.00940656154605755,0.591833838712142,0.163783374839593,0.123119972591746,0.136972103773471,13.8394893725582,17.8334003459242,2.04663469091237,3.09345770611176,0.401635915443755,0.022096798978258,0.042824892644633,0.114052927264375
26.1141217604342,17.7809545008669,3.55408874014531,5.55717752862598,1.40320731185579,0.349870213557225,0.184968253084831,0.170366918730007,0.162651766661048,0.346913649139172,0.00581885284714314,0.433059355839933,0.424464071044067,0.436442591755729,0.593255961248859,0.82204628273431,20.2132144154428,26.5718691655049,5.10494760740399,3.46951521801634,0.363963418121667,0.437316093397606,0.710672724145567,0.110027070704839,35.6355542358005,2.29661453895796,4.89466297620515,2.49118768558336,0.124145204969081,0.188105398903706,0.0204333299492705,0.0450578909440449,0.61162347295557,0.135391173381838,0.114102918341928,0.710573423189144,0.188432302288333,0.354140412011441,0.255930047519509,0.128464116553257,7.49826651874274,5.44388154692206,7.7936276215693,0.476507969234476,1.11985572122177,0.000955830942198746,0.00292977850425534,0.0679543235815444,12.9735448431342,38.0078044513953,3.4381115167709,3.00801062961212,0.0757232080998661,0.348601475817482,0.338219852338245,0.017501914624901,0.248253180033766,0.0237742939537699,0.196272929727895,0.248858506078561,0.104351109690005,0.243004016389788,0.0174748075201157,0.0421541158972867,0.407549703406716,1.24304979613997,1.68210644337112,0.061289164502434,0.909997995169729,0.0740115726627594,0.147639661684381,0.126441024763728,18.266612247425,8.04255561867853,4.49772912884515,3.11351357885318,0.343397125945676,0.179420559138005,0.0468689099064243,0.0413388278675472
17.5377339729803,16.7290424157964,3.56837183989991,3.28344964844966,1.489808981591,0.313814645009119,0.27262380784857,0.157809165602558,0.112815543740058,0.595218502072516,0.000581109381689942,0.425788761583506,0.260482611605998,0.0524402008350577,0.448467445782992,0.740225518424564,22.9161927870824,34.2793259094408,6.42164582738282,4.12543331576488,0.342105917220347,0.556200299072954,0.681266231699159,0.0568620482103251,31.6199270046174,1.23416601891583,5.32281143204581,1.37052191153737,0.322217076289812,0.494018275711475,0.0142998139841301,0.0503923688737539,0.490041108190281,0.189659266966205,0.229475582686934,0.446047598630245,0.178209719749011,1.36051434364129,0.467798473773719,0.286868225997138,3.08477679553507,5.6153897583078,12.5850489987574,0.669703026855294,1.27672623476233,0.00106274210214836,0.0208174940556773,0.114563244513827,8.89280098720524,33.8381754058685,11.795935114984,0.818536873363022,0.00414286934644767,0.348365876252024,0.249408601689037,0.0312142079046019,1.0041791328384,0.208915040462201,0.17957062942767,0.442056462384298,0.259670563718218,0.238388810158281,0.178767318251773,0.0200605301400104,0.580242793813834,0.938709865490532,2.20967577127351,0.0452578624241082,0.916130024442668,0.0601331857760042,0.04639779567651,0.217482738930388,17.3225026140799,14.3172683736272,1.1750388928694,0.780367624883771,0.427569047314634,0.107601678799817,0.00194252666520166,0.100809137187116
22.794849946965,26.0644621865814,0.165634232251925,1.26544634065944,1.40991460232956,0.521824535256457,0.481096441504675,0.0539293243777861,0.219482755198763,0.812594810667271,0.00468532439620903,0.549876751247719,0.153977695581848,0.235198812770034,0.757131440554917,0.627880747775157,22.1177398241966,31.7770366846956,8.06419051342658,1.15580594631347,0.379816509151985,0.354703963501623,0.204584525314641,0.000212593293731182,30.8487555628745,3.05557952777222,8.06767793439768,2.05735099862294,0.111338901593767,0.589842023402833,0.00816853137347827,0.0637533870475056,0.400255211948942,0.104364486089296,0.501560265859405,0.516397772187172,0.331020707013119,0.652917524203566,0.429575842652896,0.350941058490542,23.9631501855611,8.65531752588644,7.5466708787171,1.71910727877679,0.678745650601765,0.000896517547555916,0.0137475092451195,0.132480017018825,12.1711665520894,47.5105107010372,10.2330151635922,2.66082016549677,0.0706327052452074,0.610769077147984,0.430491074306017,0.0266754152395057,0.387959887859765,0.238755872935946,0.585476490166464,0.46820793190038,0.359570437949893,0.256301213915498,0.063466789600593,0.0476889698232795,0.308898832625786,1.315624395825,1.13294260960751,0.0965489696915147,0.924758275217234,0.181696968266871,0.110427600233035,0.235699803092128,6.02286946924223,34.4139538488841,6.38063450500706,1.20449284401163,0.426344649859244,0.0818889021948999,0.0562636164097857,0.116642414327244
7.808516579128,7.75679899094767,1.87713925391021,4.29055078312924,1.59038089950131,0.55958674238534,0.130454632091949,0.0137230108790934,0.332618573754324,0.738979316107313,0.00414369536619556,0.576050625615045,0.460535238806149,0.176492979113143,0.797284818771689,0.697738787421808,7.52811562671366,57.297343843362,0.16236574075014,2.63128970773774,0.238402645491747,0.327208040409516,0.532671462225997,0.107351606010438,22.7055903690189,1.89931214618367,6.67847480207701,0.549338428725172,0.114171831338447,0.563891542418157,0.0157449290555777,0.0758531721999804,0.573536340313342,0.0944621174663773,0.114097129020333,0.450973809787453,0.357913918073741,0.631399986482274,0.472419603002769,0.284723089946672,32.1366978086848,10.4136498650524,10.3113773520916,1.01362820821882,1.34926493212449,0.00209035128319469,0.0221165289532915,0.0202172252137605,15.4076933199933,21.5578669676031,12.1769813797877,1.53560151422987,0.114439532187275,0.368116124943085,0.578712920932652,0.014089868370285,1.06511254298068,0.518125969637055,0.864707587918474,0.121969047864096,0.187730939778862,0.471187980717789,0.069825942930085,0.0602545216837708,0.222703351428952,0.957518178936687,0.914309186388705,0.108815297245802,0.696946782698126,0.201484473718559,0.104375771160088,0.203313909677658,26.8398351422922,22.6253006352442,2.7235905098262,1.32241344928509,0.13967524699876,0.0951644693395256,0.0488111410593361,0.0663879249831603
13.0992856116859,18.5137068978839,1.6722242369591,2.03843577515116,0.967248307748094,0.183767841848423,0.269696785372939,0.0816004309100647,0.227999237596349,0.0204629949302031,0.00409923902532911,0.512679139838923,0.334523841067027,0.320071317915689,0.652166114717609,0.522766137552743,21.9301777362248,33.1770101299362,4.96648635357102,0.515767571855954,0.142096259010341,0.241084346809245,0.622094563583236,0.0751317560385765,34.6554486265758,2.98634223893365,4.69217345902617,1.41434976056205,0.155529614100658,0.302609605258749,0.010573956742934,0.0280989669386483,0.60515151636414,0.156607586998735,0.423436856464437,0.591098418857026,0.508300680931611,0.573203055964953,0.3588509845108,0.511939540531722,14.72200028068,6.80677236176553,13.734347534256,1.68421316861192,0.883505783184627,0.000908774637186123,0.0251311509955907,0.048790164306551,11.5936724093437,34.2493172703509,6.46960732451655,1.62899500613965,0.0491404857148666,0.412284052182808,0.161213713382228,0.00297959684152987,0.677122853795497,0.209239676882216,0.351503288965237,0.336536848096011,0.0600376123168351,0.413188639180267,0.0458832508161924,0.0605671159501273,0.363719702420218,1.06233901129615,1.83447456851135,0.0958138599721487,0.822676279229146,0.166902148676465,0.116468433769374,0.12084032494641,13.5161184611693,32.5567442685455,1.99235369629558,3.81062448999369,0.212667397122478,0.0453074424886477,0.00419275906574861,0.141658267190254
8.02189137740292,13.3200111529318,1.86187736867367,3.53375403919454,0.413771933588543,0.179748897504995,0.290116649025647,0.0717828012586272,0.318422359827929,0.729928005393641,0.00486226721424578,0.0814516215804791,0.422410886895239,0.191480304935863,0.591119105721174,0.576469509747315,19.2186500807441,28.257059113585,4.9675143537903,2.40048643261136,0.252637488814415,0.216666653484052,0.666676491803384,0.0354759487192416,29.6828988384431,2.03817226892493,6.89060461595754,2.33242563942401,0.115202302787994,0.595116636069201,0.0159914367081946,0.050117602030599,0.77040769195972,0.126020457512262,0.00363557910722004,0.715195720074847,0.20004828774811,0.892882664932553,0.38477537228269,0.453303633740467,23.5259870151818,6.73987705267912,10.0848063256144,1.52683607784808,0.770560755036879,0.00108223386491768,0.0201713631619816,0.132798268918257,14.9522827765062,42.89718039631,12.267927895427,0.596001962492769,0.0264305771999157,0.474737758590813,0.332844065644217,0.000546927378995119,0.611501043082793,0.495739849387992,0.624509303460944,0.637094626873102,0.286715412989997,0.242257865472768,0.129088470357567,0.051162342085828,0.247496887160294,1.5829452454193,2.44396172332446,0.0773698234892007,1.01240340336594,0.189570117021419,0.0865126533658361,0.096002410576815,24.3335145611836,19.8295366436905,3.89317395071722,1.10649453976836,0.126616109104625,0.185243416142548,0.0410375494287337,0.0369655091827337
9.48661121178101,11.2755781172479,3.12501937942855,5.26054861164606,0.686361001713096,0.202081800579473,0.207947382240355,0.079510515998472,0.23360544932549,0.343651089093438,0.0012503015895382,0.475927415088677,0.42227826082099,0.481905603240317,0.568808273898913,0.67787540969935,18.5710865088197,39.0491453285552,4.63878378498054,0.789556427466959,0.153040344572354,0.161581260403374,0.474382625633478,0.136202645133461,30.3051142454743,5.78041605119312,5.59299754367561,1.24592193477272,0.116827263579785,0.0968528309676325,0.00592357947133566,0.0574682260620972,0.444990613840975,0.154398647076553,0.14807973328712,0.485442045857602,0.4466828132357,0.456821138621063,0.428383259555807,0.37671772371887,22.5006121640297,6.39993585561599,10.3527077451253,1.70022640713691,1.03388904778056,0.001017142382368,0.0115742136942224,0.156585736779917,20.0580271125257,23.5929307302994,7.047166555856,1.71440591580411,0.0610355506553976,0.471450266810586,0.40175830383811,0.0253915069988087,0.978216682544654,0.1104409357615,0.258478066538464,0.113807766404893,0.181393735227118,0.224366916724898,0.0790309739292151,0.0298447283655036,0.586294737897088,2.32468813209904,2.22506222602225,0.175332596820274,0.508361913780017,0.0411768562318415,0.0782699953570842,0.145092980278434,12.4673524091496,15.7902546530366,4.94105905644333,3.37542746316391,0.323412443636424,0.0647145453765457,0.0418060938907861,0.162983900016367
17.0816911724787,8.22736961989422,2.51539420553495,3.67609791538418,1.9384839979286,0.445497435882817,0.264013707822372,0.0675776612545842,0.260851218028837,0.549563968868447,0.00654639150948347,0.461506828575264,0.30554207234935,0.220437521058473,0.62807515575341,0.695947479547416,27.4458801755234,32.4113730411312,3.99767585964954,2.50020391462323,0.209977250497995,0.225276208399428,0.46086083095084,0.0889675238267111,26.9305662363711,0.915521114918121,5.04386752896465,0.92755948852183,0.191504419716983,0.309143599263207,0.0173485719874926,0.0762629405301079,0.799643998693216,0.0816118772240112,0.357961483525244,0.5118349060373,0.454603702275706,0.61754257028925,0.423345705258612,0.342773580758061,16.9819601300467,6.85080942058675,11.484864373149,0.660989903848177,0.938298907137823,0.00288202481825844,0.0177032083335856,0.0480819319071099,10.2474305175876,21.9582811725379,9.52995731738893,2.39658250964414,0.0381425589949106,0.209488578234169,0.34318507353134,0.0173302141523802,0.513104991119073,0.37192195767988,0.370776177350032,0.212539693719365,0.180397615676931,0.390507555010168,0.099600720535236,0.0299333904817387,0.324043947796157,1.81513555791188,1.67850893109832,0.0243649437492527,0.67802525029104,0.0953779567969539,0.144596692352338,0.171035800375602,18.5673529853564,24.727634159946,4.15703635142416,1.48790410559496,0.311284094670153,0.109231419883376,0.0318271889097673,0.156904623412025
9.27743702914971,23.9198553331882,0.534854693755377,4.70801558889158,1.57258782306093,0.299719183251798,0.239762369506642,0.129645439216679,0.233849893513901,0.248407171249603,0.00208786780156331,0.487932449479198,0.471526849316232,0.340525138697116,0.796465635471497,0.531229732247407,25.5796594662452,53.9468879916083,4.04338306830925,1.54921508869417,0.213924753325313,0.225698098485894,0.417746927520932,0.091863491297839,21.3203422918083,4.57383756540409,4.05417741721404,1.34320009414061,0.12276439180317,0.277034821883011,0.00573403540739145,0.0926972036395564,0.266818572385309,0.15059075302204,0.23996167619436,0.467181688857572,0.560136899980367,0.644262842103944,0.361088296868992,0.390879579769361,12.2415682549285,6.21360552122584,8.64164468225349,2.0107182499503,0.577480116314646,0.00235141530721366,0.0246226359860964,0.101690244465679,20.2175604763872,23.2531282593176,12.5027783793312,2.1193223822429,0.119308806544566,0.0806974259179295,0.564410056972677,0.0009681610023945,0.907904874532509,0.154129099721979,0.287132957160042,0.426191853845522,0.208377176581994,0.584279925113365,0.0906412407526033,0.043114974019654,0.752486708890497,0.281023850645912,2.18513925844741,0.150751888897357,0.0232606664175203,0.161980908276641,0.241853136421406,0.130777358674009,14.1616058648961,24.9293174864095,3.82838644491067,1.18636533861953,0.434331115095425,0.163374300227399,0.0365149506003323,0.147648428001745
21.0393737692843,24.2669279527116,3.48792939267602,1.72930784455326,2.3380986064562,0.364598158312252,0.405555610952375,0.130599005594297,0.300453290620697,0.402090809458575,0.00594561834785898,0.469170703673157,0.393685785221684,0.463157856336477,0.597478422942996,0.660861804719935,22.9477177437593,40.5442854605934,2.35782892698494,3.30554675843353,0.287934392081209,0.314654132831256,0.340373986791298,0.0585335449698391,19.866150816055,1.79000683964801,3.43139082637854,1.7926093346088,0.147498582706194,0.253153080646259,0.0176754406168898,0.0553389470467885,0.344211648333978,0.148151223417296,0.331032152834654,0.526385591510954,0.332382236480762,0.356739501445041,0.367108987597235,0.29684628627267,9.68677917597159,8.81604052582864,13.2512320354187,0.928508739043157,0.65710991536713,0.0012246810037642,0.0269535281026548,0.0541919676286624,23.3090349170152,34.4925538698385,8.80008351120756,1.71365582332415,0.0991578902051923,0.148606138782132,0.366457954104065,0.0176349004453866,0.77883190191656,0.490786202443293,0.31052653015175,0.193099564166951,0.186043249165719,0.314895685608659,0.0984889721442191,0.0544487954085754,0.720802731792595,2.24135894842688,2.09775778460623,0.0735221110275205,0.826014288179292,0.175760163651211,0.178378221979942,0.117905332610803,8.93293418386349,11.2708757022794,1.74864433638724,2.16104381331458,0.215670363857425,0.088483887344113,0.0365015842352987,0.0817641467079907
8.66802897723288,7.55777407788739,2.30824851049448,2.80283892650986,1.86752258933638,0.300140321877752,0.221039938540121,0.0563624305526956,0.285524872762946,0.454733724311612,0.00569569343175198,0.188931229145966,0.164159977107317,0.438423539824643,0.6576665577004,0.688344990786743,22.2151478824862,24.7135432653074,4.25506609503045,2.36323546282271,0.187719109863647,0.331414900988638,0.292610374488182,0.10039574973891,16.5143314585712,1.12882777035278,4.4568960564898,2.58063323890151,0.143685073040692,0.718741637390199,0.015463055598007,0.0427494816178916,0.488771570880757,0.125193216967998,0.0784276387553859,0.836903405037696,0.440741530811065,0.39938690715127,0.457700224944042,0.27017852975501,12.3552325743196,9.89051157617558,14.3119171870508,1.27279265279674,1.09905859295665,0.000795362499991252,0.0272673946349255,0.190343999548584,13.8168749965177,39.5973610661289,9.46650581760703,2.66615717582496,0.0521551911271813,0.421628791180923,0.371019500679099,0.019896968047879,0.744819387295175,0.393558552331253,0.161050092390544,0.315294112058848,0.256112753577551,0.522832107366212,0.0467056497706686,0.0598305119890733,0.676457875980576,0.342105869206777,1.26043857146935,0.19611128041614,1.16384745056631,0.0593022361031491,0.193371476676308,0.105644248610977,11.7177388779119,23.2600798090072,1.50092360505981,1.85527914486167,0.442170878930784,0.150276888615029,0.0621208183847005,0.0284902554969738
12.034918093259,22.9324583064446,0.502879632618189,4.39268215065186,1.37308928067932,0.097710267202286,0.226547281085085,0.164675127554515,0.387088079944675,0.402275018488463,0.00336093129176608,0.548444226380298,0.212515184980713,0.348419042998422,0.688320311012994,0.68414013273385,38.7698503877339,44.8150226567183,6.00046169548105,3.73158924273933,0.567745769902465,0.262412256951499,0.21731623468799,0.0930407474339815,18.8604337478858,1.29982565777785,4.50413707503044,1.49990332352546,0.157213837578259,0.287023351205253,0.00780303663792006,0.0734352556873573,0.34432762022985,0.0344694453263216,0.248705847093431,0.422789979325616,0.486463864329762,0.733044941913531,0.300062011634916,0.300677717078332,12.6242966168879,8.62776610617955,10.1681715450529,1.31010829047664,0.637109788270958,0.00176993258095678,0.0214255857969834,0.095315489540078,14.4551327639487,22.5260741275403,14.2426023863773,0.999517033827112,0.0828356876869045,0.433581902877365,0.392480661368382,0.0228664839041715,0.787050468298947,0.122003959169294,0.298632874270689,0.421462903399354,0.14993896641755,0.12973578010515,0.0983958434135362,0.0291499716552567,0.310125176937049,1.68120944589906,1.51065078555148,0.172457376357254,0.972774976725433,0.193279654587505,0.126027319157573,0.134786872933817,4.24621183597331,11.902765465641,1.17776270864663,2.63599989236112,0.137059000402173,0.159169256771859,0.0200708476269795,0.132838797304285
12.9594701742415,16.7871627592955,1.52218268260494,2.80753262811823,1.36336675743,0.382085633122808,0.244392046541644,0.067171889767481,0.200916654007781,0.439803817921227,0.00178686119441074,0.161553701617075,0.26017385731806,0.410624952528927,0.853643885790421,0.623179272094352,32.7840554247212,31.2466274587264,5.98011961688584,1.52242192231154,0.22127071324816,0.349412047257626,0.400665627620948,0.0588993183337671,37.9673705854282,0.629414590971821,7.21641170087039,1.28481705560166,0.116771951135037,0.529615213457986,0.0145029083414859,0.0392445136786614,0.210640874932536,0.167771250702262,0.280189272565243,0.828086198637218,0.511865524243033,0.40578311061937,0.265862477048921,0.502105608941213,8.82554528493333,12.4100936105134,17.4739940438075,0.2199489466653,0.679096855090667,0.00131896102441143,0.018273349570807,0.0518630621326042,23.7735357174186,33.0312795771376,11.8259719412935,2.53012127993843,0.0848130712706828,0.183380156467765,0.134249455798482,0.0219339363529991,0.827136817713,0.260814304639589,0.508028776301638,0.525978696576216,0.111772110374546,0.219565154765345,0.0757313871002397,0.037867060198518,0.451004704741036,1.76439447348615,1.00477402482317,0.0878820673702362,0.801953405769323,0.184518941566714,0.136502726467939,0.110548857352231,15.4374701171871,24.975296552423,2.83809157610298,1.28539279863842,0.349955160230341,0.0871785035923242,0.0268668246488978,0.0514861362418542
19.1765861093243,23.4208068312476,2.62515814353844,2.0020951133023,1.44074488740301,0.301448091191968,0.09022624948518,0.115305215073271,0.242013431725113,0.378146664178361,0.00297434201947281,0.533441989760532,0.362460789643816,0.121813024458579,0.627162490239726,0.758649251268266,26.8032158635894,46.938575437055,4.79928531591325,4.26751696577629,0.288273356172842,0.556509934998462,0.308232199408557,0.0865462296904325,37.1495906570584,2.45420754665534,5.34220163226795,1.75447806436177,0.0649803965687857,0.685197727800769,0.015526172469757,0.0118334401666465,0.505166886533953,0.0807731260647172,0.244771766100178,0.535816548289165,0.621467996878729,0.872898653489086,0.48528769011649,0.274826053666335,14.5751823017268,11.4400177181529,12.2987046103888,2.03934241565965,0.328882122317532,0.00263773028959895,0.0223513037003708,0.0646224160334699,16.6288694681975,26.5473186288675,5.86105662339094,1.99505694627826,0.0956448225533402,0.441207545704308,0.397589738614317,0.0248380294588884,0.735710130514913,0.245416644571001,0.690118183900004,0.221387369034449,0.264342603361381,0.259559316516929,0.126756219013903,0.0564791996957647,0.204857453796764,2.52790437226064,0.935586557917511,0.120416755058974,0.313140493239645,0.152793598690399,0.129134903120284,0.119829979541128,7.43115717232133,24.2982910822045,3.01437740287593,2.53898169185079,0.219222955932088,0.0741456423707585,0.0699462219662677,0.117507501433586
11.4083773649633,28.6314996655825,3.61649823025864,3.13511338690629,1.50894403692666,0.266408252831475,0.316552147989129,0.120913996513793,0.250819617798008,0.300150942214228,0.000969532268773752,0.528233599978955,0.275340709239111,0.376192547764534,0.517959777348722,0.631248795219151,27.9382481247657,36.4864681413825,3.950061016449,3.55045140257685,0.364120593152072,0.446128803825505,0.166721417928294,0.0240804206755518,25.7532812483723,3.00730422751315,4.49450600333599,1.80363531116378,0.140360729538347,0.20274748894908,0.0113646114422238,0.0644571406142937,0.450717778054085,0.0743666331654378,0.294017026191757,0.697805632609456,0.515606218186606,0.49915495437883,0.456767227018735,0.297111074316661,16.4113821317287,7.2940283749358,9.99184570498153,0.151381136302772,0.783756495077865,0.00210875717706292,0.0105272928155898,0.108815614269696,15.938740527683,32.33238455231,12.7601815565885,1.79282761014577,0.071846125742356,0.648210253767314,0.198261716789485,0.00802102345789167,0.716231642856199,0.379191964001201,0.342678376261522,0.143690943889164,0.273410695919559,0.45735080134488,0.0795594913853332,0.0499692779727277,0.661517229125986,0.991536085264572,2.29308185738796,0.167890902247105,0.46763540160781,0.141995720540879,0.161663207108101,0.141169205740262,22.2428757726339,16.0492304689858,2.63878273649859,1.83496121593988,0.27825236149057,0.0697394765022457,0.0337808233347647,0.128971085789635
24.1497073372986,10.2321172813921,2.66714450821153,3.11117648903917,1.48673093677011,0.431461085328472,0.246011429500589,0.104130010934195,0.143188507241578,0.397590033911464,0.00509287097244384,0.700920371731746,0.204585318231858,0.558204742631816,0.644976567697986,0.653782229117573,33.8651078424858,40.1596831504882,1.3007438262263,1.46546201302324,0.24712003329387,0.182987330269524,0.637710935416505,0.0464916214519053,29.6385034161677,2.02580374942425,4.21982144586347,1.94446284813384,0.0624256656407055,0.595783489654748,0.00989864846811346,0.088134700847381,0.403671277832398,0.151143267595832,0.435613001779609,0.272424894424786,0.608049185047596,0.360839421819843,0.386478132985578,0.408491343875484,13.114697977036,10.5204944395629,14.1577698485141,0.288932767530252,0.825810200676107,0.00160324447306179,0.0180564090082675,0.068291635927149,8.66195414437867,54.3822410830288,6.40772277918735,1.32253781251527,0.0816456303228278,0.406417753486198,0.104938638429402,0.0212608277618765,0.814803862573464,0.275438872884721,0.442453066797307,0.377558840466463,0.109736123307389,0.337527468027769,0.0086717606113107,0.0348019197128264,0.63672245296497,2.0877968129408,1.16243952950056,0.113502268956856,0.610067383976569,0.126198476389197,0.147368581730845,0.158680570750237,18.6509384060778,16.3951733654129,5.73188265850957,2.51526476179601,0.223986087476715,0.206595565511863,0.0390106035044738,0.112333259740946
4.27179419005254,17.1011396961086,3.91677412101643,1.28261831603794,2.34362148421699,0.0121868920416565,0.0956708189828909,0.122669822952809,0.136834630569039,0.0748479056165873,0.00104175554800418,0.251648970121819,0.388292238312727,0.331477952857308,0.49798561570353,0.855739612412941,17.7050328910044,42.8624664590305,4.0156563518627,2.28220419238761,0.171488066729302,0.255777755529445,0.653522467454908,0.0501849506662103,46.1302278384569,1.3827602041488,2.43831835461827,0.707242071340061,0.138431180583565,0.2733050930684,0.0276084040923333,0.0203255261501983,0.210041760919384,0.168461119574806,0.240662042658259,0.600283519824839,0.435439888433553,0.603176060840813,0.370471944854837,0.210151280878262,28.6827713945506,9.59580117605738,14.7768017744175,0.720505376884908,1.43793755694767,0.00072122035676028,0.0212742812382094,0.0135659140110128,10.9980653669425,14.8387128400861,12.3524675352184,2.6970268717095,0.105394801467714,0.284524787213315,0.259174535004003,0.0202252635994171,1.07130174398259,0.521128962502452,0.454297150386906,0.493573252705427,0.246281959840474,0.0513314393486666,0.147560449532825,0.0393976640016944,0.611522103540746,2.2346129506397,2.36367747841572,0.0705995323568224,0.447059714540008,0.0623785474353044,0.103617837764789,0.181263476707525,15.4333545754063,15.9291219582038,5.42945337879908,1.34520273746843,0.263355001583013,0.219985960377091,0.0368299256127261,0.139828211327592
5.81225488268103,32.5152487735569,2.71979636875934,2.8446126978458,1.87190183994937,0.4378540396918,0.391168598512627,0.0643746752462644,0.290164129664735,0.568496548979476,0.00515224341045969,0.115585498111262,0.198229275789533,0.291120071662486,0.775087655770478,0.615907715341228,17.6927855869027,37.0371190700417,4.36785985491778,1.96785539469878,0.287682105656643,0.430692964325391,0.681951035916998,0.0818228889750671,31.7612787736741,2.54128616912931,6.27914675547528,1.09253117837356,0.0902837176402064,0.47647937698261,0.0124135461772416,0.0628983351953269,0.489329800783581,0.0481192538441384,0.202237079841216,0.986852868210565,0.664603353328921,0.798824000449596,0.11805096877666,0.410912060161408,10.7510614927669,9.16785123265189,9.44333962073777,2.12324605129299,1.26989686598979,0.00183268292912412,0.0183102538747783,0.133843330125405,16.4248723965766,30.80456721191,9.22911613404215,1.3693325047721,0.106708237579561,0.459953955740098,0.147233341875266,0.0249267122805983,0.713204209280974,0.210893860595884,0.244672057180429,0.332275489975068,0.166419057520846,0.224125599106904,0.0582588650825465,0.031095579364799,0.909129576281226,0.939418532288389,1.68743736314515,0.225683456654633,0.93196144442724,0.140756720552318,0.0282980327378876,0.0976166360338656,9.95716825661927,21.2839254494356,5.55740707198976,1.67453848788611,0.254233107405126,0.126099140586735,0.0445223765296816,0.0200942882791674
21.7796961312137,15.6086363496965,3.4971132273725,4.32230857058337,2.21427214950813,0.123683348119216,0.288862811082664,0.214934515723263,0.254735181574822,0.369502567313661,0.00252505861093375,0.301944346727369,0.231378054606347,0.21339113392837,0.696917078624469,0.701391729893264,31.6541161143066,59.7957262379787,6.48792912011,2.00312000975673,0.304462509684874,0.322098759932346,0.550327190079419,0.0616563784529157,52.9915488125555,1.5797223081923,7.67843194879067,1.45168571629008,0.243123326738367,0.467152277718414,0.0146933338975819,0.0456309736176397,0.650651533713401,0.07484129263659,0.296437905576236,0.473298422765113,0.276397178260197,0.637469106128243,0.152432478796249,0.390626607273682,8.93017087346945,1.67092559529479,9.21564632598098,1.3737820948778,0.507477677405781,0.00151187135653593,0.0278919461721873,0.102831690394223,22.6857137913187,27.4135508162901,7.5539038318797,1.60950809194981,0.0804408479923315,0.665100016960992,0.303622124254578,0.00217118290996664,0.516419287659448,0.315267447597395,0.383061825809116,0.532208115453743,0.252520708687903,0.495777488494453,0.0567608026778938,0.0125392982184466,0.560997144714782,2.41597056502946,2.34889832357114,0.0793549339402595,1.19621057595672,0.208200104454134,0.133999300808706,0.261039661555339,18.518639398025,17.5047923529792,3.04229356166606,1.02653041727632,0.433768118069672,0.131026099557306,0.0437469252962831,0.169860957742054
10.6686289975921,19.9101841555636,2.16238413005324,4.94798452990996,1.22432560776533,0.347005921718613,0.150453889750251,0.135745747846552,0.239967175683449,0.460492231118383,0.00857808232382132,0.188742541822636,0.328354302136736,0.426795482539682,0.471796195527077,0.621418410695533,37.2226935649819,35.8973851382387,3.74734748407001,1.70945855661508,0.255972050180158,0.358394481678433,0.287985913368651,0.0527140887761484,29.4922426048926,2.30033523446585,3.65956683390156,1.2401761621234,0.125255232933044,0.603661450148307,0.0131062634851844,0.0350412313307189,0.54082607382977,0.183200045534056,0.240979550430754,0.829442777965316,0.509697829557789,0.592406904009868,0.434206832680531,0.350277026769271,17.2531461025716,7.72755517715644,12.419128318775,0.884079552367485,0.369686108609418,0.00277420691929953,0.0222219385077694,0.120074060871695,8.64808065898943,18.1187468088785,5.89960420996909,0.797194106207794,0.0561131085800374,0.357350188593975,0.284345646957796,0.0112997317922016,0.531349269848188,0.369916842814728,0.36028181875193,0.427274069604437,0.139315603052708,0.282263168773789,0.166854693527078,0.052000388237417,0.478818275403764,0.446866686527013,1.5700398867188,0.0987708056280067,0.943421968064145,0.0630722753304027,0.0735453006489027,0.132597434330858,10.3721037979461,8.71518262889274,2.9635589273393,2.27275314517475,0.254059763776815,0.107121160170159,0.0515033941951464,0.0602603342309366
13.2768722287287,23.155166769512,1.20986742667935,3.21000473403259,1.77177864354415,0.445528783317255,0.290085865970837,0.0692617660234597,0.295084113237909,0.545962789133466,0.00552758434182528,0.318902674824769,0.265564802039532,0.423508399210335,0.459906129544683,0.604517181101597,20.5036106528798,46.0936160024012,4.39042496164816,1.18971358968013,0.285528271638312,0.340684655084919,0.521410208130007,0.0706438133202159,26.1977323064896,5.49962155520898,3.93971438188864,1.99826396902584,0.103482522575182,0.200952538688969,0.0145128362332024,0.071831239082646,0.499319310998864,0.119472261249168,0.297575594991315,0.61620959262917,0.441501654791899,0.505702924238932,0.429772162024065,0.334950245231324,13.9510762845984,3.68719739730596,11.6507552192915,0.271833531991071,1.17464806396581,0.00150401091111551,0.0181813380205127,0.0738801814537291,17.0745183761686,29.0930872158003,12.918121727638,1.33592377835249,0.0614358238335757,0.227925540267899,0.192129472364117,0.0224707572067752,0.93263698153228,0.331908708229477,0.361986093528219,0.633998627836701,0.154524824356536,0.281883798935632,0.0292243103383354,0.0650030863015565,0.455559296463142,1.88981305214609,1.44086509535523,0.118573297079103,0.964117840732573,0.15192606708853,0.106039185839078,0.144330345477172,8.46055924957799,19.4281993828698,4.4860809160731,2.02281556074604,0.281321919105238,0.172391544471718,0.00862382569047374,0.203402529531267
23.9729138415969,18.6993195185233,2.86633693922004,3.01658445205198,1.86246888021579,0.220113924713442,0.13326331495446,0.0992145330862887,0.330514075528307,0.49568884657869,0.00365619484719692,0.509045494520321,0.25065207745645,0.336393818283611,0.576568041062479,0.623779773116713,18.0217049749784,42.5848307777573,1.3395840743898,2.85255189369296,0.5117824973075,0.462885712368466,0.573814451375759,0.0502063076878769,40.8033944627545,2.85821245902129,10.9968789643879,2.4952934405822,0.142071592237242,0.202621847560537,0.00427398007899214,0.0515751139571719,0.453628864434028,0.103999461677449,0.368175127423344,0.682782999045288,0.452120004193023,0.558097024732774,0.34979929412181,0.398327351150129,10.0016522689896,4.85935031685075,17.5634773093482,0.143743521487705,0.958981973959781,0.00187865192900385,0.0194302719259609,0.114324688958902,12.8157384796368,20.6865583349111,8.11164213010903,1.68543536931869,0.0451154359017917,0.0841621059854029,0.238645564720449,0.017345567987699,0.345037261304328,0.21748054854515,0.216932244389895,0.448714151608389,0.191565502122125,0.153333098902287,0.0973029449100178,0.0396067058646696,0.547098025439293,2.87401279813976,0.300440948612132,0.122174366748235,1.05939923572578,0.129147849238748,0.102747180586536,0.202238703250741,21.3692885834276,20.1410592660584,2.5975010203157,1.56265010482216,0.201557240886915,0.198515569262059,0.0444998436380478,0.0971729928628442
23.9729138415969,18.6993195185233,2.86633693922004,3.01658445205198,1.86246888021579,0.220113924713442,0.13326331495446,0.0992145330862887,0.330514075528307,0.49568884657869,0.00365619484719692,0.509045494520321,0.25065207745645,0.336393818283611,0.576568041062479,0.623779773116713,18.0217049749784,42.5848307777573,1.3395840743898,2.85255189369296,0.5117824973075,0.462885712368466,0.573814451375759,0.0502063076878769,40.8033944627545,2.85821245902129,10.9968789643879,2.4952934405822,0.142071592237242,0.202621847560537,0.00427398007899214,0.0515751139571719,0.453628864434028,0.103999461677449,0.368175127423344,0.682782999045288,0.452120004193023,0.558097024732774,0.34979929412181,0.398327351150129,10.0016522689896,4.85935031685075,17.5634773093482,0.143743521487705,0.958981973959781,0.00187865192900385,0.0194302719259609,0.114324688958902,12.8157384796368,20.6865583349111,8.11164213010903,1.68543536931869,0.0451154359017917,0.0841621059854029,0.238645564720449,0.017345567987699,0.345037261304328,0.21748054854515,0.216932244389895,0.448714151608389,0.191565502122125,0.153333098902287,0.0973029449100178,0.0396067058646696,0.547098025439293,2.87401279813976,0.300440948612132,0.122174366748235,1.05939923572578,0.129147849238748,0.102747180586536,0.202238703250741,21.3692885834276,20.1410592660584,2.5975010203157,1.56265010482216,0.201557240886915,0.198515569262059,0.0444998436380478,0.0971729928628442
9.47277586975649,14.662225076509,2.83957205353162,3.34496892557082,1.30120814379318,0.415078885158321,0.179397431188967,0.106494148007095,0.199185167827241,0.0866905654552195,0.00544742451977145,0.349439948470751,0.36545802043887,0.313526855394897,0.781888113288354,0.678696265940257,16.3605877922172,21.3992424206818,3.41122742288626,2.68709822717454,0.197752680134588,0.383684202708985,0.781482441525494,0.04228868353527,40.8520191718477,1.90065406155774,8.72743329241089,1.49683289579153,0.228048371905355,0.421045330285444,0.0176604319116912,0.0708350660603575,0.375251464776993,0.123197417856416,0.3228113933594,0.711820204831125,0.437887335935775,0.510235619896259,0.183976094691701,0.355555982382478,20.8612763200768,7.00784809661048,10.9669037324516,1.85027082976251,1.13002894657912,0.00204341800650031,0.0136442957307943,0.0538869439292946,6.73552047415139,29.4968513398266,6.08445982188041,2.4861472727352,0.0627876036013682,0.0480231708885246,0.352710423791466,0.0192155582404578,0.796537365979186,0.187064832394485,0.464019652028588,0.441860636616458,0.123901377475218,0.375975302673532,0.145700933965755,0.045709658035925,0.401020953426802,2.38957420522829,0.958968437296884,0.0801088597627934,0.7407090007934,0.181365300773678,0.116767071287423,0.191243558022681,12.9836356003714,20.0662271013747,5.10691375450126,1.42719345598823,0.224588012741125,0.155579390501415,0.0249412795345882,0.11785526790405
12.9594701742415,16.7871627592955,1.52218268260494,2.80753262811823,1.36336675743,0.382085633122808,0.244392046541644,0.067171889767481,0.200916654007781,0.439803817921227,0.00178686119441074,0.161553701617075,0.26017385731806,0.410624952528927,0.853643885790421,0.623179272094352,32.7840554247212,31.2466274587264,5.98011961688584,1.52242192231154,0.22127071324816,0.349412047257626,0.400665627620948,0.0588993183337671,37.9673705854282,0.629414590971821,7.21641170087039,1.28481705560166,0.116771951135037,0.529615213457986,0.0145029083414859,0.0392445136786614,0.210640874932536,0.167771250702262,0.280189272565243,0.828086198637218,0.511865524243033,0.40578311061937,0.265862477048921,0.502105608941213,8.82554528493333,12.4100936105134,17.4739940438075,0.2199489466653,0.679096855090667,0.00131896102441143,0.018273349570807,0.0518630621326042,23.7735357174186,33.0312795771376,11.8259719412935,2.53012127993843,0.0848130712706828,0.183380156467765,0.134249455798482,0.0219339363529991,0.827136817713,0.260814304639589,0.508028776301638,0.525978696576216,0.111772110374546,0.219565154765345,0.0757313871002397,0.037867060198518,0.451004704741036,1.76439447348615,1.00477402482317,0.0878820673702362,0.801953405769323,0.184518941566714,0.136502726467939,0.110548857352231,15.4374701171871,24.975296552423,2.83809157610298,1.28539279863842,0.349955160230341,0.0871785035923242,0.0268668246488978,0.0514861362418542
17.3296946062207,17.103607493841,4.81659682134087,0.455424292943143,1.1472483446379,0.51485577299782,0.421341685878296,0.0672162784268145,0.231501735938467,0.306970283021176,0.00711590935252055,0.227905696027296,0.42186812033078,0.453058759296387,0.691962483656918,0.679673386835303,12.5736739141895,32.2671797696112,2.48475449228552,3.44361010058781,0.308881642084248,0.320375683611193,0.37000290928145,0.126529191457423,1.18594478010258,0.592333276147008,1.70965722460134,1.14410396271867,0.130944899352753,0.492346419061776,0.00854786586189971,0.0659239428635137,0.628971284768393,0.160332275606687,0.362661524566488,0.775464459731221,0.505267034658469,0.200876416720708,0.435213302993497,0.39413012109789,16.4675605152815,6.68379199347353,13.5287755026845,1.58241742318436,1.1879400520933,0.00151113601081804,0.0210928336220433,0.126310697140013,8.06072836141062,38.3215795262596,8.21929262870894,2.02628718639324,0.0917535555169082,0.0894370322268416,0.36018349730809,0.024275823550462,0.435777221971732,0.382016522386918,0.407694692347841,0.328477800121891,0.262723696020722,0.592083561620389,0.10322447046205,0.0343612733506261,0.313918278188461,0.95576061811421,2.12375617405334,0.116977782807715,0.484932579234841,0.0883099818570647,0.164468958839035,0.100211448462714,25.8008034648563,16.3028246497012,4.76500330863953,1.24928448737585,0.367656498398328,0.173299760969377,0.0648056677643552,0.119838812141506
22.3309451296894,21.7212318686177,3.43121751117068,3.21761936788729,1.60579400722479,0.255933390404747,0.332127149502921,0.0844216496585777,0.301875572509382,0.608977640366732,0.00412076347527393,0.745464079983556,0.277996228534735,0.346041837630812,0.763745116884938,0.662079160761105,20.2900275645591,41.5407404086756,2.37049902041203,1.14759837477647,0.206784899522863,0.498218714686162,0.422653769138261,0.0664106697760374,32.9321216738763,3.25471097576786,7.95852355641956,0.523798132776475,0.203241302878458,0.299085236014915,0.00620456790723773,0.0600297759150163,0.303104125427533,0.167206248403893,0.295580830497572,0.589553219998812,0.344789165594884,0.553637935219873,0.361719379582852,0.216343518475095,9.55023198315601,6.7945838655074,12.2842633247623,1.88984371891802,1.09300957526019,0.00178035198239556,0.0165481150666485,0.0504232254787055,14.5128198223614,28.9760182932993,6.59094568660043,1.24856137643691,0.0591525717587628,0.245126223333352,0.300281150389946,0.00637846457795221,0.0305475729813366,0.341427987897887,0.322685932094593,0.247044407811413,0.277379686263124,0.364672541135428,0.104307809938021,0.0412857997396002,0.661031657743906,1.46498909322607,1.08013197830852,0.088701654320809,0.825560017550269,0.253221086047402,0.119532473604226,0.085344292244194,21.8341653021998,24.0366240651776,3.55347362355576,1.92592360515585,0.254405525599136,0.15733560494451,0.0320920427035265,0.149431585467137
14.4254813747441,16.0395755594226,4.18581094439186,2.97405860802647,0.95396844601582,0.273199680196237,0.299499674871771,0.209433655633489,0.331484185207772,0.609221994819634,0.00557186266551624,0.193637555230427,0.39967057132132,0.25051456009338,0.592987471600356,0.725637445605973,17.8732809536568,32.9162308287794,4.13207453112623,1.30002049248464,0.236782101411827,0.139369090866964,0.620790400333498,0.0868854589524057,12.3606539656492,3.57178441465378,9.99927321224612,0.851199119429483,0.0636098244626927,0.0645195310154871,0.00775701757475064,0.0868154368680263,0.839033744732398,0.148032979655308,0.26991269419127,0.620090677728398,0.305043059241169,0.600548521908064,0.423729436291944,0.266404200609796,7.667266345023,5.15652780950716,10.4934680873689,1.6625641812392,1.325750714518,0.00253492346434423,0.0164810535985577,0.154399310576978,24.9743713607939,52.9429169601727,9.06300888864571,2.21359518578678,0.0566850664511462,0.121033477465361,0.267446649492554,0.00706640301779857,0.609312553904592,0.109314552014423,0.44423816206882,0.44728320938653,0.2599567693811,0.444179494394742,0.0443615342573624,0.0225802802573671,0.29525422964278,1.48175933070615,1.39710113944331,0.237046071026474,0.682628740427815,0.233320997019477,0.134112012155258,0.217374308008253,13.4876174722835,17.8490392926247,4.51535494550496,1.11787718388733,0.127233045742456,0.283266477536547,0.00842992189506409,0.114677606989268
17.0887273230779,20.293769158611,2.73467780336956,4.96560855786594,1.60716884340423,0.261641710346605,0.197674592492926,0.163371720611578,0.071329793107863,0.475408327288074,0.0074530424036529,0.392571176336983,0.175505907649629,0.322036328100959,0.58386763583385,0.689244271611382,20.9133642146796,41.6185283439074,4.76169197851842,2.3146787464481,0.452109239377427,0.283347755217331,0.555820478851697,0.0679969209615063,22.1951224321147,1.90825431154567,5.22117515560772,0.807477259138248,0.0754154235931046,0.191497975107875,0.0121967504872076,0.0100364244355487,0.309880136779463,0.0644193664705801,0.077947225531716,0.513550804653925,0.492407274917468,0.648627371762251,0.527321041832542,0.201022320745521,15.484919382871,6.03438309695739,10.4558540394012,1.33935941575243,0.649323741818898,0.00107235797115376,0.0118588489955869,0.144931335061534,12.852525333435,36.9089394816898,11.0658120754997,2.0731376350975,0.0729704265310342,0.413283927339589,0.281073704551319,0.017307077396554,0.803858796020192,0.118039445640695,0.492051918741248,0.466287044517291,0.177198647795571,0.390194822626039,0.112388211993611,0.0485375293449845,0.573187585183938,0.847920013979697,2.60547446640111,0.150118225930881,1.23446516821172,0.163789707455966,0.0708138239076657,0.107745100769434,18.0341035929789,22.5188691838714,4.2282888503154,1.87644333601764,0.398750456416929,0.228873975727188,0.0677410090995333,0.121799995973995
12.2356837737472,13.9577929240535,2.12433108265903,4.84911018854416,1.31505758019114,0.438573168678409,0.218779191894904,0.0683676772594214,0.254181498199918,0.415358171973117,0.00634648336440547,0.581530729832395,0.260539266318229,0.298376529976943,0.487551300385242,0.696821915341806,19.6464240517878,45.7916658586714,5.27695051453175,0.803552636544572,0.488275833533023,0.271097485722863,0.532926507008825,0.074901249208935,20.7789526729633,4.49034239447864,6.44091209588754,2.07480684151738,0.141641652824699,0.914976019393617,0.00787867672478352,0.0858299825614886,0.388946796211357,0.128616662367181,0.321710314253486,0.383685903041705,0.39290767468806,0.744764114158177,0.539353400593478,0.224853618341881,7.44640945449759,3.63180353643335,12.4455829871319,1.47312776534079,0.425477657435447,0.000748380789693618,0.00663701959945796,0.135102383813642,23.5311176515154,41.7875713741245,7.70892905373546,1.73750287183648,0.0389231798801547,0.342015180335437,0.308592241744927,0.0325483412658563,0.646438320052296,0.256132027308285,0.406872888267597,0.509560789601604,0.190380411804542,0.331554994884758,0.0956925708266801,0.058045555339329,0.481939899948052,1.40822792313209,1.55202819295009,0.0972254596574245,1.1354988208328,0.119366367305851,0.195101314025449,0.128845709158673,19.04620191616,13.7262319052443,3.95285329396748,2.13745848758647,0.110275833369445,0.0828154672484951,0.0268202596868375,0.0920695187489349
9.57650132008894,15.9450087857761,2.22303252280829,3.56158947731368,1.27470559952623,0.213461323748212,0.454016038226549,0.0954098729316464,0.195712978429451,0.450091261055668,0.00159871005637986,0.273283790035585,0.27766327437119,0.376609271837766,0.681184930516542,0.709959270482258,14.0785014878102,49.3033891635875,2.9922345238456,2.6778263967437,0.108736279317854,0.168405643332502,0.33503785110862,0.0472707408532895,32.4826199156741,1.09292416616229,3.01519054794313,1.21585576451059,0.0275103127573957,0.156391550316258,0.0075349122373659,0.0467094461507138,0.0903576875712161,0.13783770084196,0.34818964327266,0.775126471961594,0.51659194254829,0.463505465662373,0.171937932084058,0.326249541675709,16.7534968696334,4.96192308437544,7.38715329216625,1.69712518437147,1.59299860114877,0.00111224535302089,0.0262229999339586,0.0810703604170056,11.6269692245264,35.9966281007685,10.3699189621935,2.90801705065614,0.0844935082817682,0.383418450764892,0.308054845670024,0.000996453822943097,0.719911379375164,0.316124587898274,0.28946681758733,0.460439163221811,0.120842448683767,0.358742378276186,0.113936853953416,0.0398500241922204,0.820881745525658,2.28019403318098,1.63682476305196,0.174156266568446,0.717472959381555,0.157531879553005,0.196321208817112,0.0299946323262317,12.2824003480216,10.2732233426641,2.56526010635507,3.10279745268926,0.18017729762743,0.129931642160803,0.0923169846124494,0.147669079893406
9.89523334326434,6.42628428010081,1.18158503860412,1.63021985499117,1.358755824952,0.375182830936032,0.116416451435599,0.0619665703147876,0.180989508256439,0.432859375934609,0.00338308317048661,0.150232316414547,0.451293162933154,0.48150540042037,0.724942339368056,0.690401786971634,26.2842917914945,32.3215065184762,4.08443637121411,0.915780439649208,0.3811981236285,0.347980980926541,0.311331578963849,0.0514105420834604,23.3079839335666,1.78830732104183,4.04546743006918,0.83437941280418,0.000903926076936415,0.561056263240439,0.0105556521222146,0.0556989119233283,0.533342463058289,0.109475475836947,0.225989300956123,0.781175882736341,0.590643672971361,0.294783118272639,0.278976388157309,0.318097945384198,11.3405587283044,7.95559452740121,12.5606915277188,1.27022387518104,0.385739060889365,0.00151922778595584,0.0105332625550383,0.117177264953681,14.8764085036258,40.9724191721918,8.10591067701871,2.6421457614937,0.0506147047932544,0.406224811208264,0.349756750259468,0.0203189168639469,0.722245582259633,0.528304489139505,0.275269799267798,0.358870858133077,0.234045165136719,0.256601118656124,0.131915697839488,0.0540746985876661,0.745922472824278,1.46131019659289,2.04087581226955,0.161851911645049,0.501178405899748,0.16325540171061,0.146170225601342,0.0953174890895564,10.6269836984558,23.9471822981036,3.46533992804399,3.20115043436738,0.463628397316032,0.129668923380428,0.0443521405074434,0.0995067225591241
8.6708578470192,15.8134820760375,4.29163099097886,4.4043805098865,1.08998343239064,0.259736101968863,0.188996192838155,0.223887924397352,0.322226601001531,0.422308639930545,0.00446655519974651,0.347524110640276,0.229865355214782,0.242335165472151,0.409532785639221,0.860488482470532,28.3261444644125,23.0540898040767,2.72429989070432,1.82699582127741,0.194551865293576,0.598111566695088,0.875450182990166,0.03278010119228,31.9971587579054,4.1357601365828,4.95454218419039,0.318584144936784,0.243996669133849,0.490565149720159,0.0126897320348039,0.113218856853777,0.186964542881552,0.135847500528543,0.106170829872662,0.722092165303137,0.611031265047371,0.713601536030944,0.529733232734738,0.13508011110314,19.3462881727249,1.52540286534643,6.52670106187204,1.97056592585116,1.58065784399165,0.000269231070323907,0.0292622503961093,0.0514659862539031,18.2302898549531,61.0856128421045,5.74568245958232,1.28775919853416,0.0252656521411821,0.630054886091029,0.251796551595822,0.016426581009407,0.936225566296738,0.261192227662841,0.897069360636332,0.320586762859866,0.309426077348133,0.349419396659286,0.0874836759471662,0.00584580420045,0.512273562782272,3.02215748375837,1.1679413069843,0.162849475540878,0.485405586155104,0.193616226456074,0.132249921592518,0.0496707271738584,5.89504366889977,10.3703774991813,5.56414642236167,2.42054923961346,0.258547715847289,0.120979193191484,0.0511188952108149,0.0422466492939259
20.6654945301215,25.7906565980718,3.19562511701343,3.67881018169466,1.05088897426196,0.297771213251203,0.483544026754817,0.00434330353282042,0.335953428226981,0.256233450402061,0.00446054892467248,0.448367217377269,0.0974240324677058,0.495149264516174,0.601647752640637,0.763696625848956,19.7823169960484,47.9609711728895,2.65216424379862,0.999331861410934,0.232354186909808,0.574961826753226,0.252629969820065,0.0932650668620962,44.846876054155,1.69273538739177,5.54389446258681,2.3442173142396,0.144581704979023,0.569875614333857,0.0055821602256838,0.0564497635292297,0.163356333616579,0.0717444146716311,0.284418529759148,0.647451579028093,0.536449005367108,0.51934282978364,0.490130630535296,0.282348845183969,15.5706257671065,9.13024326229743,13.709789010135,1.05202666497236,1.22231766063093,0.00177971946919731,0.0170024312769521,0.0576558577983133,18.0507887161095,33.3037176953697,1.94211165727685,1.5618326601071,0.0469010568734203,0.367595183993639,0.150938736272276,0.0220766124377523,0.57581214898609,0.230053284999884,0.146129795097333,0.240927548621739,0.0566199253312204,0.277372893533235,0.0914687214636429,0.0237079703972874,0.699624968788552,1.28882867886395,0.7148112519922,0.110953941421033,0.83197445799801,0.0230965694273581,0.0765978867366218,0.196182915439962,17.7543272460324,25.3349498795402,5.10151813419118,4.59746364771121,0.456795584761107,0.169558428212454,0.0824953054043094,0.0746660221593795
18.9214553590555,26.4780078791037,2.31421846959371,4.3139345409791,1.41353038682472,0.357330640657947,0.170923896632871,0.0955324646194368,0.197688676803062,0.596070959956752,0.00152385674872129,0.185463510733606,0.269403081777715,0.385300009307847,0.614350477932117,0.663456087025885,38.0667017639308,22.6123477948037,4.21068434171385,3.8362369542783,0.365065628312032,0.38771926099288,0.42592995571721,0.071405163906719,45.6276137145596,1.75591544171803,0.226453295778167,2.57178038144355,0.133899185386097,0.169502583087328,0.0160219522931926,0.0651614646067027,0.56190581690082,0.192622395287715,0.242060329245219,1.00546533963482,0.411895588279397,0.641923535043349,0.360926040966499,0.386741784168114,9.34002821542823,6.94193422858242,13.2281822492946,1.12639334662356,1.0375250221822,0.00182017491640835,0.0278832288238886,0.12584182987,17.7439266697419,32.3310354140256,13.0185420341794,0.0654369560901236,0.0072148654671844,0.448101279821395,0.0308259291120659,0.0233685157839105,0.820969170990965,0.576781507265725,0.537561058027725,0.264152038973621,0.286370687434688,0.13597590437748,0.127921311599805,0.0516568341326499,0.382033946654949,1.34766405697747,1.18674893138626,0.0632126321064988,1.0034918333958,0.0510763136714321,0.0592548173138228,0.240984215701425,8.27204363252879,13.700241542422,3.43191864128009,1.98127476406774,0.209248156343288,0.0544864989872961,0.04514339454217,0.0542236430184247
15.555044877248,12.3796938143964,1.31364985865407,4.32714474738662,1.36160271037547,0.299036791796456,0.220679582868951,0.0356955933633777,0.197419762985538,0.347510976975887,0.00220646449940798,0.318005682677709,0.0912666177596191,0.357071058064757,0.438016255126153,0.809443473144623,26.5182919749051,41.0207660251516,7.37158095866831,0.638880296467229,0.322072764600621,0.457996939373951,0.442675448182785,0.0650333870027131,56.0374015388997,3.62312378773116,4.15603351585754,1.17632441050053,0.175680640784347,0.463901348874229,0.015955056732166,0.13466577984749,0.549344933206963,0.0755741437486265,0.259010449484566,0.730608108697414,0.492602792908221,0.686098901075713,0.475763365364447,0.0600284397909563,6.16787834583647,12.738078747264,11.0611833326357,0.790689158439181,0.918255450453806,0.00229186157902945,0.00892184446177714,0.101124798529601,3.53548153661917,29.4995873943098,10.7014697830666,2.36395769838084,0.0321453179358227,0.116822059296419,0.25666483135892,0.0193676306479264,1.09987364028212,0.305043890781005,0.474565552712924,0.370036140228836,0.305232482188545,0.23180411632957,0.136471902633842,0.0647832901134016,0.40660395884566,1.23798271841623,1.54825528993495,0.148290170014352,0.818666934860413,0.244500955603308,0.146167666818757,0.171956630387748,18.9458325467431,13.9554669632077,0.708574139215191,3.76298375116896,0.123127543022745,0.11003572017806,0.00349763576446482,0.127583295965551
11.3792922861801,24.948580961181,3.67781727683897,4.01098805496404,1.82492890937382,0.175336065934158,0.316496044173306,0.139766645568515,0.344902569147531,0.314745011274182,0.00584262011975076,0.429114983289197,0.174663759616805,0.254470044665148,0.738971174455536,0.697852341640708,16.7227296291786,48.0712721102446,1.60381618446115,1.77514482050798,0.297917043516755,0.386702949305736,0.749874064837925,0.066050452913028,23.2905241282952,5.03187835956354,3.05589935860178,1.97298255928423,0.195382599989753,0.492435672649908,0.0062642199753114,0.0638803987144069,0.541327093515605,0.15621462133832,0.214004436638399,0.591365693407471,0.459259140311632,0.787699965294646,0.100802576634975,0.434410248289023,16.2614218247186,10.3623696031434,9.41366553559764,1.78231420053546,0.308542115131563,0.00042858670157812,0.0109956785699468,0.132945813889934,20.990796354846,33.9896497900283,8.28736688309276,0.550048360104418,0.0780447369499406,0.259198917429013,0.320609960300213,0.0132183661760805,0.25301897303819,0.415146029394649,0.695901117240516,0.189103505443746,0.207139501608622,0.195222709818508,0.0587561029630914,0.0411375803650238,0.43791630319121,2.86557901097782,0.67435223178735,0.106767215308659,0.945230517001937,0.215929521690958,0.12968651989857,0.0772628308223847,11.7269165330705,25.2299856528951,5.97337476345436,4.28241659570363,0.230038913056749,0.0915833887601157,0.039036282194408,0.05437662282796
12.7429625685448,15.2297209462821,2.48305658871832,3.24964451332838,1.82236401421546,0.210484035673825,0.370784231264973,0.107939069495979,0.190064425077972,0.570316595168822,0.00157637181786286,0.231538476965261,0.373922425334142,0.269407286109364,0.562185795696202,0.644143400148103,24.7113046448616,21.1815253162011,2.54116776336682,2.86427417865555,0.0459467963527743,0.246640527638748,0.357695672209353,0.0480150323968703,33.4101604298862,3.49779374024907,4.56705362869634,1.60080072399728,0.137069526404912,0.4900580478379,0.0168729549417784,0.0490370690428233,0.482167963526445,0.171060053160017,0.255609192326897,1.05243657549912,0.169134634370912,0.687860071538748,0.522683409665536,0.309253718938397,18.7907559079151,6.40473806241135,12.6409411334563,2.26806167272574,0.0856149117267698,0.0028057586692123,0.0255807909096891,0.0972998527078613,9.66115071085501,23.3470021374891,7.98977044958546,2.36588670772493,0.0524983996729373,0.466471964947656,0.247935237354621,0.023833635159537,0.597883781196106,0.562833227577029,0.200324380685854,0.245679940932745,0.218361453771507,0.374575037739691,0.142069933273915,0.0681954694409925,0.708051944278634,1.14893163557919,1.9109444816282,0.122133850463539,1.08336923661595,0.173652538946445,0.0926339495205556,0.12892824842114,11.7430473767409,20.8321327329655,2.36675349687707,2.12754242204595,0.223077303247411,0.16733584822125,0.0382321747856895,0.0570773557038868
15.9778978883318,13.9888150025703,2.37743077115295,3.43300684852491,2.23990553460035,0.402072570011408,0.430532886229799,0.193707772180928,0.253843244589121,0.235107174320699,0.00437609722745679,0.679540548934689,0.229683309002053,0.195114375714921,0.61835513127317,0.824043222455481,29.5109369563403,42.1774678203356,2.30476745394063,2.76546680596032,0.538967414354664,0.620461399506289,0.27642679656877,0.0578445676540142,25.4058448700472,1.1218663083187,9.11084937040039,2.60282383777449,0.122385688630638,0.127549609075012,0.00827695861404795,0.0395137437650168,0.814249422902133,0.0917366615137578,0.0956414605883685,0.340902787652876,0.464920807166145,0.679241941421592,0.247604512457353,0.224722353754077,11.9853859632044,4.76993556815804,12.2244508103482,0.976110977438484,0.693063168374888,0.00120263125275766,0.0283784882610898,0.107167250113196,19.1878081474544,30.3166451539179,6.13283530969383,2.07842570412548,0.0631017950608691,0.411376787773312,0.328693256014169,0.0217564460879064,0.326214812284204,0.693705526589163,0.337295153967943,0.264149194186538,0.358929542499596,0.257979173732253,0.121529877274887,0.0112999065076142,0.349141407083364,0.353556812742989,1.67523916797645,0.075127096729493,0.76176984167121,0.274791123110024,0.0759462044167085,0.0276465145251097,8.86991909863598,18.982765245504,4.16246357555167,1.4295102376289,0.14447445056588,0.142243598776545,0.045745926198186,0.0927920675472248
10.354556966598,9.91493103698858,2.36360986791629,3.18076648068526,1.69470248775898,0.373489209209564,0.382796771390115,0.0792586412524793,0.180123562621369,0.356008747025366,0.00302649275942332,0.373274664787006,0.312988065761406,0.249340916184454,0.547301322582568,0.818371095253825,16.125800125524,47.6987779831908,1.90405647561629,2.09407042357147,0.137986813327096,0.484362221307499,0.381148058001558,0.0723089464693307,32.2582879512955,4.24169275301342,4.74327927897101,2.05449934528523,0.136383316667107,0.458359359579737,0.0173290858841517,0.0186738842522943,0.379631641266056,0.0326010440971797,0.179911058369586,0.703620958180676,0.305880850187242,0.681204590370804,0.325094829197752,0.189794547225139,16.2018857582538,10.1335147265395,13.091264271811,1.53979367034376,1.45570483255761,0.00104375942328852,0.0158174582712513,0.0733495763095593,13.2600427422499,39.7165926032828,9.44802298347526,2.17343444163387,0.0966931407596442,0.420043118573208,0.356325291494157,0.0263328390321407,0.649640398344273,0.615782448041666,0.357116856569639,0.434232195436415,0.0502315259727888,0.258817354048138,0.128042406121503,0.0379859611421509,0.558826725772311,1.95569098375651,0.935267015555604,0.134214477276947,0.911681485900335,0.322067803246965,0.223257734000014,0.0505046279019239,11.4001773759625,4.10128482664144,2.17818615237362,1.30710648471554,0.149679192083317,0.196234560371552,0.0665405536180074,0.155912780213083
17.0937773088648,14.9784454869638,1.75741390029257,3.25119272853917,1.6520102487287,0.306040761120503,0.404095134411003,0.0905307909976116,0.28696120005622,0.245499647989366,0.00310486900778559,0.413005667746368,0.315051009440679,0.25734812757529,0.642612722928094,0.69852116816654,21.8231228498558,49.5237261841236,4.55372285132289,2.62289516178586,0.325242625993757,0.358564817936323,0.175509417879812,0.0785549305349155,20.8959617334555,2.04966228246487,3.27808538932353,1.57634367219004,0.183626137436786,0.661918068670128,0.0119415605458618,0.0159107695880923,0.637921579707645,0.0667389028840981,0.338388844131941,0.67896926166471,0.632868172866469,0.563815432680028,0.463609131531286,0.278198018475965,16.7051801078749,5.49605811523148,10.4071461964055,0.3608150674584,0.772361044063877,0.00111393668597812,0.0161855506536476,0.134824745929455,19.2282900746887,27.5795292571295,9.99447812780743,2.81836680529098,0.161638996698364,0.205989750871037,0.435213995558243,0.0120273914668331,0.361949421717453,0.263789638030526,0.464720475356468,0.274011135361147,0.16494223257789,0.278336524633384,0.0307069331477029,0.0548842976788704,0.255080914236328,1.44226664765913,1.47640840739495,0.0995677786623026,0.616987623160824,0.198693695753198,0.112557531788082,0.123514865680715,16.1292482973806,12.2378615483765,4.5937565446016,2.91154301792913,0.181511248948921,0.163060969289433,0.0378781395108535,0.125900949417725
15.1458581472119,14.2115146755869,1.42529015013806,3.23664704924142,3.0923967991756,0.156999208222189,0.272321080160252,0.0703645547549697,0.211696138845692,0.300365629623799,0.00407562411488831,0.502571596596021,0.290386363916466,0.373829464470086,0.487192899522855,0.579224110382301,24.8011047743536,38.8786784879569,3.26957967358748,1.05453123176811,0.172140034622625,0.360295698582246,0.618685810435209,0.0614743150781827,20.0265469521453,3.50976013102217,6.90273491818595,0.967513304559111,0.176613337161174,0.506366884270847,0.0113584112294655,0.0794922514243639,0.460132224794662,0.138906816599785,0.135868192767616,0.45546201961358,0.423804465409903,0.678762026154522,0.572214008182433,0.42985782165,14.6856546779254,9.35407871289945,12.3687029506788,2.14570660996041,1.41736962841936,0.00116102008111625,0.0100592389118581,0.147114930963712,3.33994811134452,34.9884868175068,9.03694639210988,0.446165888633853,0.11734956841803,0.435434565993646,0.463544712768198,0.0204507959513238,0.29645818130737,0.441539492241634,0.94865583668128,0.447142067601051,0.289996265343349,0.215407317021421,0.141747447515099,0.0294463164706683,0.633738247343419,1.55220461896425,1.36041722915393,0.101465011255369,1.02752409395485,0.236175832136715,0.227471096258538,0.110340978303144,19.1015828214031,24.2955140497368,2.30437261875602,1.84128149692286,0.167511374305835,0.151505585480179,0.0400331290548525,0.138400828402242
12.5610161106942,26.0338768047234,1.84565056808937,3.04388231394541,1.25051434202816,0.230045527573114,0.387282983990524,0.122486446863164,0.218409302606098,0.728266978893743,0.00531928799287537,0.185582816756722,0.577133784067742,0.366483163749847,0.58953891393005,0.644974759570552,42.9223464596698,38.1628259259345,4.05160588268999,2.65200019720013,0.435236146015242,0.752147497049368,0.882893072848358,0.0106609149127694,36.6647711383357,0.243147372998029,4.29127109564292,1.27901737101574,0.172596625892061,0.244374014322282,0.017603787423549,0.072206035065772,0.504638245686674,0.100420043594649,0.140112181504078,0.93925440643078,0.0547705586383617,0.807408840940916,0.407022887239442,0.26884080755611,13.6296366506267,10.1661855195554,14.2750493309621,1.05757834413547,1.1567729980198,0.00199653100498944,0.0236458552137345,0.136471468737693,9.41868777451155,32.1802283148563,10.4944347640538,0.346362849959518,0.0749011453752122,0.336361943644315,0.217010675877452,0.00945739287615813,0.804188314498946,0.184424207739722,0.394531044676876,0.178793387344258,0.218039742066295,0.00819691533683814,0.128640030441826,0.0499256678979899,0.470244239957861,1.81078478861301,0.961749399598373,0.204638758835851,0.96168027772418,0.193120398178366,0.0888087611881465,0.16381537084951,10.5216318504859,32.3256847771455,2.00270482374962,2.04364728792511,0.292033604234003,0.113815579031244,0.0312337380083754,0.0159805095142061
17.683459908298,2.24760368755492,2.00327506464925,5.05063722407071,2.4358298190907,0.162794837479692,0.0218908891160082,0.12863591420265,0.139106461622309,0.23346698103112,0.00555583289922138,0.292791886110411,0.371876129044376,0.444825541768187,0.715131639170094,0.71435410290351,11.5172352995062,36.1224171473422,1.51201648173506,0.963031569680645,0.109898293318894,0.520375664525978,0.671903868722972,0.0557291904431634,29.5860785639293,2.17426706863994,7.17226354333823,2.90409590811786,0.189921927415031,0.283757627215399,0.0161633211728348,0.0935867797413374,0.563085905902153,0.0917751923685284,0.32446845817956,0.663779805147421,0.441941979144023,0.554978614986038,0.236593057105504,0.290540036065321,13.0133041316134,7.33611613692393,16.4754848882169,1.34865486514304,0.934472271415659,0.00149171798231089,0.0100238246034868,0.0819192033054464,12.0858426714391,32.6150221724358,5.98206874061646,1.73953597527874,0.00273183787395741,0.421553534148172,0.398033087549186,0.0159162637601888,0.504189080341648,0.37588092718111,0.298334467302325,0.320857098155224,0.155438237537982,0.206645936511043,0.103626894241278,0.0254368707897678,0.907669734281899,2.36656985927573,1.81016355708198,0.073183713102827,0.907957348629643,0.126743715719802,0.152194566730527,0.170560251545424,24.0390403654356,26.129934028253,4.89196529867239,2.24943959261175,0.375360542004595,0.200602471688757,0.0141689113548676,0.146168475834033
15.0665115190194,22.4790094282256,2.73746322905142,3.67353823312284,1.21821572014312,0.130387140348847,0.388687892425771,0.0501524449124283,0.321401527608399,0.672500651968612,0.0072029516693452,0.406777549667648,0.130788037074695,0.440733626954625,0.554071536100679,0.661699946190401,21.846745399388,20.9140353584906,5.23875630900101,2.26349647646977,0.188967834835477,0.461730429743944,0.302552482226446,0.0352445337940089,60.7013802403682,3.82827190235068,6.36901585722999,1.00369462486799,0.202986044615264,0.45198430508737,0.0104082666480405,0.0928252884243103,0.445589879154354,0.111667524432051,0.38446321965511,0.654223220974928,0.228429531500784,0.559060406837252,0.370458017853509,0.358153367380611,12.3554366444736,12.6643539180987,10.2106484160619,1.77062062961058,0.906834154763244,0.00109580110630514,0.0245050657716301,0.136921384350914,12.2337707246187,34.0101034864882,6.76285139131663,1.35424417248789,0.0996786987145484,0.456919414249935,0.316639942790637,0.0196141932165742,0.484634593133475,0.306060904136309,0.577335749370571,0.327151713283516,0.366362314955772,0.273999291109181,0.0861767225466463,0.0436858967103992,0.466125047169326,0.616300950274461,1.66486129207962,0.067004686081098,1.42746433715273,0.109236800143634,0.103712832020866,0.154207520341362,12.3399979393486,32.5652038156642,0.898607035584316,1.79713510781828,0.319013378262512,0.067999159363185,0.0277927659386555,0.0815166842468987
22.7419049778847,24.3476704102823,2.74343681797342,3.32356566861451,0.881515021485361,0.368077942764652,0.271364550570778,0.123527495714551,0.288910196683076,0.553793049177506,0.00376311201896176,0.501840299556987,0.454238141409013,0.379499887090542,0.8338039755766,0.679490825039372,20.8003818372632,43.2042220686674,5.15726201041688,1.4888820830993,0.322039354377773,0.471120269276938,0.627846393331249,0.0789758859273201,22.6131925938037,1.73063774965556,6.27213910574827,1.77314675205445,0.169002287406166,0.255545482161711,0.00768317780213937,0.0850023569322676,0.643050102161398,0.092389843703542,0.140182839860588,0.525188840004234,0.326740406589533,0.464443591240898,0.296310450553133,0.272855330065192,12.3272264606919,5.77880208811215,11.6253311119622,1.14693867428986,0.598280965052459,0.00118262279380303,0.0153567419983184,0.0537337353513214,9.08309270108428,19.8307883669379,11.8577633177091,2.46574179367503,0.0767221190918877,0.50148589678716,0.284587198633699,0.00959571946555558,0.303227189807828,0.311783623072174,0.170517067546202,0.585382556682658,0.191209693445112,0.367290263276703,0.0477444952382893,0.0355128661168689,0.200301383725524,0.926685781949514,1.52203015150846,0.0768587618250549,0.341768386669383,0.150994220462612,0.139096746789586,0.182621108005366,6.37488251870378,16.3407925250194,3.38589082960907,1.76907471007837,0.423314472210461,0.0809001019259744,0.062492748346872,0.12120939937833
20.7273789190103,19.7592585674347,1.75494394520963,0.788324519252421,2.54909065182708,0.392493450581262,0.187747498841774,0.153998469226514,0.160702526877606,0.0649608168725203,0.0030673037728936,0.596957440989528,0.139077855220393,0.342703572347958,0.699070031872343,0.612439236978607,21.896681337642,41.0599277632734,0.111457923039966,4.06623642826338,0.353758477248445,0.337574543745157,0.59521578618209,0.109887481985095,27.7979624255215,4.4652906452059,4.17230663513691,1.23172233343771,0.0427029801569481,0.540816306256982,0.0203215687591576,0.0539913258978712,0.714255390877807,0.133723370288186,0.177975113112257,0.418077974281504,0.507767617881311,0.625153612573949,0.415769172715866,0.454741530819623,16.8575436636808,6.04030856079992,13.0304276268347,1.06735068707944,1.04416886427159,0.000522901524407684,0.0143687444486616,0.086376185634582,13.71422172352,37.1895031467946,7.91279048700162,2.06052982512817,0.0906278923188702,0.454149850267752,0.311132633647433,0.0203562592166337,0.530993683042425,0.506714608921008,0.277796811766623,0.330557830621836,0.0922883787813447,0.138983596992491,0.0982663882312852,0.0786467392698742,0.131193355946725,1.66106269243133,1.55433178263337,0.111311711058824,1.15880160526001,0.174468678639577,0.0564931119875992,0.101471525538403,21.1031646165685,22.8940084614567,1.96013313996884,1.73084532528529,0.26065722807404,0.130542287260043,0.0440538858331913,0.102092270670563
15.5132697991138,19.5875687215577,3.08374370245333,1.68061071597094,0.852273873870872,0.684876148631395,0.198120894291864,0.0693148213765827,0.164043455142376,0.450276402793832,0.00718535070867255,0.20355045010408,0.374244710642818,0.338700333409014,0.518615798901442,0.677492478201921,19.1727813710989,39.0750440677484,3.79156790809474,2.7740717583399,0.296219579415994,0.599226364495124,0.680570732087751,0.101858156166316,20.6234999024362,1.56373469211489,0.421966961891869,0.954760338533682,0.186012836178574,0.379341950529539,0.00731536126087155,0.0424879049676775,0.456433213707491,0.128805276983618,0.221938739266022,0.809173670798767,0.215370304883367,0.854741669535144,0.668231429940406,0.241689537082863,11.8679258405582,3.27976325004553,12.5241109161768,1.41200104980833,1.00388767444685,0.0026370993692721,0.0333329719089769,0.0841492731410266,14.8533758623976,40.7252357969435,8.32268711296627,2.285172764227,0.042475593665874,0.275579272451849,0.322929607422928,0.0200388354508907,0.826780627228196,0.138386872482205,0.0754121559046606,0.343779746958119,0.0582200361225695,0.087536839238117,0.0711489541604599,0.0459441613966103,0.651198633082972,1.5996065073261,2.62093521644062,0.0711850935753041,1.10985075783594,0.20077526931177,0.0214714668850605,0.163391689337718,34.7179704472781,13.7508641488944,0.637548203607155,0.736525492836687,0.0790053643767039,0.024621084538503,0.0251987932895222,0.156945927219396
12.8734124270943,18.9923150196897,0.46472035196693,2.9476094069845,0.754969004905545,0.265814063944923,0.0870019733367936,0.148223846207472,0.299336735236332,0.659808326021198,0.00420149724222334,0.269493085665833,0.38082704665351,0.198813410115953,0.726037385703148,0.657082424327661,18.3338592150623,50.1461123852427,5.17583446620028,3.41531011660862,0.179075447760295,0.213915406679911,0.630747042158001,0.0826568620978574,57.5047400876251,3.43030347586979,6.20344689015474,1.49943880850836,0.103814785421046,0.434611093768971,0.0180085843569115,0.0731508504326206,0.765457360965617,0.0840017653123772,0.260262565753567,0.601986981239678,0.387497361912212,0.682298629961948,0.420498350371397,0.322377094906189,20.4420242913347,5.34503570368022,10.8834294496575,1.42715458965683,1.83529875268856,0.00153869784078163,0.00432622695664536,0.107580695655096,19.2030465473985,11.9864412947022,10.1591770032072,1.50262784349716,0.0351883623395421,0.494340559430752,0.500041592830069,0.0451942280787579,0.696180083575114,0.303896495645013,0.437740034579949,0.32222223951178,0.255441263051957,0.356132845589618,0.0511073070388645,0.017850339539445,0.622317460226314,1.58169054785882,0.879348361704869,0.166299405211223,0.686925629894249,0.241098820320718,0.168140998143919,0.0617352129774318,18.5977909693453,26.4282621411717,4.26820502897989,2.19357893071478,0.0182304796274766,0.105748241429731,0.0488214557666036,0.0995539386405428
17.683459908298,2.24760368755492,2.00327506464925,5.05063722407071,2.4358298190907,0.162794837479692,0.0218908891160082,0.12863591420265,0.139106461622309,0.23346698103112,0.00555583289922138,0.292791886110411,0.371876129044376,0.444825541768187,0.715131639170094,0.71435410290351,11.5172352995062,36.1224171473422,1.51201648173506,0.963031569680645,0.109898293318894,0.520375664525978,0.671903868722972,0.0557291904431634,29.5860785639293,2.17426706863994,7.17226354333823,2.90409590811786,0.189921927415031,0.283757627215399,0.0161633211728348,0.0935867797413374,0.563085905902153,0.0917751923685284,0.32446845817956,0.663779805147421,0.441941979144023,0.554978614986038,0.236593057105504,0.290540036065321,13.0133041316134,7.33611613692393,16.4754848882169,1.34865486514304,0.934472271415659,0.00149171798231089,0.0100238246034868,0.0819192033054464,12.0858426714391,32.6150221724358,5.98206874061646,1.73953597527874,0.00273183787395741,0.421553534148172,0.398033087549186,0.0159162637601888,0.504189080341648,0.37588092718111,0.298334467302325,0.320857098155224,0.155438237537982,0.206645936511043,0.103626894241278,0.0254368707897678,0.907669734281899,2.36656985927573,1.81016355708198,0.073183713102827,0.907957348629643,0.126743715719802,0.152194566730527,0.170560251545424,24.0390403654356,26.129934028253,4.89196529867239,2.24943959261175,0.375360542004595,0.200602471688757,0.0141689113548676,0.146168475834033
6.85605134483196,7.20435803678564,1.00384074580957,2.51930267901684,2.0685099835483,0.23351213648372,0.257752300957326,0.193089252755043,0.122429643429124,0.217516091524971,0.0040122158196995,0.340680603765388,0.103438656015383,0.436169479288065,0.449384574223293,0.575199265767388,17.9495556479287,47.8602981678362,4.04803418956056,3.26438296910421,0.065759177610517,0.367792904386939,0.277477713307523,0.0743965099663582,37.0620549431946,2.95338864027333,5.44190040602686,1.83444535984301,0.0953211415981344,0.35401313144203,0.0104395168878482,0.0855307564007231,0.404516844802069,0.163442150682395,0.1740267813111,0.77290436272014,0.523968282270702,0.316349808068925,0.585391320990503,0.529991230320155,20.3182861123561,5.84032274689191,13.4643147486548,0.703422849039495,1.74121399296113,0.000250839875562583,0.0189154462920133,0.126217031087267,11.2989931614018,47.1259979751452,5.57802089739119,2.09202183523754,0.100972347704729,0.499627223675673,0.384398542603593,0.00447251894846867,0.710569522145029,0.0488693497635968,0.41091750957802,0.367464551405446,0.241969816727242,0.359695807743742,0.0943039362089192,0.0230357579511129,0.629443777684051,2.81106176923908,1.28198073146071,0.142341449072289,1.12925473087824,0.182207625872318,0.156132975063738,0.183012658873501,1.79024072107488,12.5450590636664,1.79851215624513,2.69139980552449,0.267222974314581,0.170902529182326,0.0385169704830654,0.176342362614321
11.0485957964611,27.998467142442,3.80024805773762,3.30360713324389,1.03352577199401,0.150646437703634,0.165575493754429,0.116050920831369,0.183132458434122,0.88777073104639,0.004919842741029,0.366571403046549,0.0913391258628133,0.42922131262797,0.389093900227802,0.613760145708264,20.5870867589437,26.6737065901102,2.21940832991803,2.53259077738069,0.295891694127762,0.480326040464056,0.388941016922532,0.05626790528153,25.3783022407946,1.96707073813659,6.848370337147,0.626302941703329,0.185826054842518,0.403457845670082,0.008747425852877,0.042904183467743,0.497547406164943,0.138310058915914,0.274842355528932,0.838523875209932,0.407392000340983,0.586868755867897,0.487660145644369,0.47078115660112,14.1998833535256,6.96401963110594,11.1046704379179,1.39368229060926,1.01961909205815,0.0015249984030096,0.0118298642241479,0.0695158263298326,9.62155092578748,19.3696362081507,12.4064900240295,1.22566594570547,0.0657895011586164,0.375042255573106,0.23864060275268,0.0214236083618758,1.0558608877472,0.147090666770869,0.53872975847147,0.337094154313448,0.31594630757165,0.446954768967212,0.122585814124171,0.0553430294849083,0.280269553256818,1.41765663693063,1.38708355283325,0.0402161611893159,1.19851147423034,0.000808829738209185,0.0585266741107018,0.145087935521578,15.0196711131488,28.2600942366227,2.9477792663578,2.31084342666561,0.401323686100197,0.161921343490825,0.0451808425640352,0.0437279575668966
12.7165913096545,19.7619121527829,0.723554053605202,3.91703239760391,1.36902980968817,0.309176822444924,0.374620972435812,0.0744466329379159,0.310745364878624,0.533404743897403,0.00345101398976123,0.387937022865772,0.0638516504331634,0.357303090830214,0.582015888290825,0.766161628311628,24.1622724746251,41.0721786241428,6.34233897795027,4.04684813697871,0.22265242204963,0.365416990306873,0.25276839063107,0.0488029693248681,6.03212944482418,4.0934026245092,4.26886587094605,1.83580694672382,0.247876354692654,0.397869326103407,0.0217628166277438,0.107629676513938,0.158913436300902,0.0692673996544808,0.146409639518927,0.670895010434893,0.389499011068243,0.613554320977906,0.552593464428592,0.235745943407736,21.5394251076135,9.02502334427734,6.83748203631492,1.75518094829066,0.822140745214701,0.00147122059781292,0.02094609876135,0.0468306520766006,17.4954485503899,19.0857354043339,13.87772635769,1.14964913125536,0.128304093461326,0.237921960375072,0.481494897263382,0.0180873288355133,1.08722323793745,0.177584604506813,0.697156395528583,0.169834845418371,0.244696180991459,0.160618264107539,0.0308183991984904,0.0281385949110215,0.44048643120932,2.62445057168188,1.66315629541631,0.0441722174590497,1.54305735597126,0.12048565741365,0.114862679409403,0.0911534960024052,4.35254725606333,30.2761988701488,4.02052894723801,1.06442088881434,0.0711931812784879,0.100177979115602,0.0127133622575806,0.122572724606069
9.82375752632265,16.1111014776861,3.74181993739677,3.45282452245344,0.897219947085165,0.397889376607408,0.264640342937015,0.126765642942195,0.226704294263394,0.38864651963816,0.00337768894623788,0.358214584801506,0.137007539962404,0.410772520335373,0.52804462568078,0.723001875393094,19.9042994822461,39.5463705134803,6.19922686086429,3.98040162263941,0.459644860765846,0.263427694023631,0.458734175452726,0.0662026542970715,23.747147791118,2.89270922632528,2.84691267233794,2.54478706235256,0.138303649891058,0.58230770670712,0.010187107388701,0.0521743381330877,0.447727475053326,0.125716169872703,0.303788261326789,0.628072268296303,0.555894825694526,0.593929797592609,0.486850067323211,0.318044899376657,21.3165715757886,9.11019035497527,10.0810694598661,1.69410950140106,1.20741414814388,0.00107270373404289,0.0145533610796002,0.03937128924844,11.909814189875,40.7265208161163,7.76982878597079,2.85086050578837,0.0385519491798553,0.348661563317103,0.323935613152056,0.0119312286409878,0.746208066408696,0.342422765508819,0.374824296426146,0.176601373818543,0.143236221920091,0.248310656902007,0.111360434099259,0.0443218845454213,0.473863517421844,1.19813803232054,1.97136992860853,0.143168373123809,0.855235909919289,0.221973748621075,0.137767416530098,0.158043149552302,19.0025729311321,8.73576688727457,3.01993684568529,2.07712408512692,0.51229016402615,0.141076992239931,0.0481693911012916,0.132086666270133
8.02189137740292,13.3200111529318,1.86187736867367,3.53375403919454,0.413771933588543,0.179748897504995,0.290116649025647,0.0717828012586272,0.318422359827929,0.729928005393641,0.00486226721424578,0.0814516215804791,0.422410886895239,0.191480304935863,0.591119105721174,0.576469509747315,19.2186500807441,28.257059113585,4.9675143537903,2.40048643261136,0.252637488814415,0.216666653484052,0.666676491803384,0.0354759487192416,29.6828988384431,2.03817226892493,6.89060461595754,2.33242563942401,0.115202302787994,0.595116636069201,0.0159914367081946,0.050117602030599,0.77040769195972,0.126020457512262,0.00363557910722004,0.715195720074847,0.20004828774811,0.892882664932553,0.38477537228269,0.453303633740467,23.5259870151818,6.73987705267912,10.0848063256144,1.52683607784808,0.770560755036879,0.00108223386491768,0.0201713631619816,0.132798268918257,14.9522827765062,42.89718039631,12.267927895427,0.596001962492769,0.0264305771999157,0.474737758590813,0.332844065644217,0.000546927378995119,0.611501043082793,0.495739849387992,0.624509303460944,0.637094626873102,0.286715412989997,0.242257865472768,0.129088470357567,0.051162342085828,0.247496887160294,1.5829452454193,2.44396172332446,0.0773698234892007,1.01240340336594,0.189570117021419,0.0865126533658361,0.096002410576815,24.3335145611836,19.8295366436905,3.89317395071722,1.10649453976836,0.126616109104625,0.185243416142548,0.0410375494287337,0.0369655091827337
17.3533749236351,19.1210605968239,5.74044123814218,2.43506137242894,1.11471719409751,0.449829279163753,0.141982293146647,0.124409192954506,0.267887902838627,0.233406638144334,0.00256347261671771,0.398919185006781,0.186378797829033,0.405800861398124,0.815323076342191,0.711197854547862,16.1943118894148,39.844273434858,1.79876607743713,3.24887122089291,0.0195339616385304,0.678965986610659,0.518901498020843,0.0920364881310156,19.7686721345228,1.63928314610782,6.24701646871261,0.551503614139334,0.214559190495396,0.678450601514379,0.00132292052017223,0.0909803244035056,0.680211498602064,0.0876030666677602,0.0789232247930985,0.565069970697328,0.277083828650233,0.509746839435934,0.153510031847699,0.358750735744594,11.1717972467596,4.83875577744911,11.1163062175812,0.880217384291471,0.819937472408368,0.00182903446751846,0.0359206810560139,0.0546739558994874,13.6198949451341,34.7067987984407,7.50680167832178,2.97297288709791,0.0721185956536303,0.442158748945507,0.356586585343196,0.0121528297490423,0.420925265639727,0.288170646509601,0.468264980162311,0.428561999476253,0.275239963874853,0.264712893008505,0.073973885005691,0.0184091301145105,0.158580884421141,1.66342243152759,1.60736773241926,0.0831854077887514,0.751256366680751,0.104094586731325,0.025123304909725,0.040700554795519,14.0483338959774,23.1546919994391,5.1442977130248,0.610435148124826,0.0971166134558126,0.115921144879895,0.0239905225427127,0.047700967900866
15.555044877248,12.3796938143964,1.31364985865407,4.32714474738662,1.36160271037547,0.299036791796456,0.220679582868951,0.0356955933633777,0.197419762985538,0.347510976975887,0.00220646449940798,0.318005682677709,0.0912666177596191,0.357071058064757,0.438016255126153,0.809443473144623,26.5182919749051,41.0207660251516,7.37158095866831,0.638880296467229,0.322072764600621,0.457996939373951,0.442675448182785,0.0650333870027131,56.0374015388997,3.62312378773116,4.15603351585754,1.17632441050053,0.175680640784347,0.463901348874229,0.015955056732166,0.13466577984749,0.549344933206963,0.0755741437486265,0.259010449484566,0.730608108697414,0.492602792908221,0.686098901075713,0.475763365364447,0.0600284397909563,6.16787834583647,12.738078747264,11.0611833326357,0.790689158439181,0.918255450453806,0.00229186157902945,0.00892184446177714,0.101124798529601,3.53548153661917,29.4995873943098,10.7014697830666,2.36395769838084,0.0321453179358227,0.116822059296419,0.25666483135892,0.0193676306479264,1.09987364028212,0.305043890781005,0.474565552712924,0.370036140228836,0.305232482188545,0.23180411632957,0.136471902633842,0.0647832901134016,0.40660395884566,1.23798271841623,1.54825528993495,0.148290170014352,0.818666934860413,0.244500955603308,0.146167666818757,0.171956630387748,18.9458325467431,13.9554669632077,0.708574139215191,3.76298375116896,0.123127543022745,0.11003572017806,0.00349763576446482,0.127583295965551
17.4547989728778,15.7231128613551,2.22231866587097,2.36489857181891,1.25936513633028,0.609392462971563,0.25659494910823,0.137011900018095,0.221914433295089,0.398553250578951,0.00550283857322425,0.528336484316188,0.140759042071106,0.436737763284064,0.588695354248584,0.693204340938459,38.2489032006094,32.8810506568476,3.29588754466103,2.10791049186596,0.381379150678326,0.456821284338709,0.2978255030348,0.101219096659688,40.1188202680449,2.19571954446688,7.56388673318584,1.47279810149396,0.167282163421277,0.286146647519045,0.0171779719125378,0.0344623001903769,0.45885085075622,0.0931312415436827,0.105790299507469,0.552445056434744,0.453563571237093,0.447264422459405,0.621434700248706,0.28944342815283,12.4258376814278,12.1035798495498,13.2378818472337,1.71990057542805,0.66828542537438,0.00234942182802227,0.0206174148496719,0.116039751125301,21.4833075855163,22.2736662820504,8.33468574179248,1.6375327429974,0.0731048022368244,0.395587159259842,0.203777912166473,0.0177147912951504,0.771084913541997,0.235445700792011,0.351431686930133,0.321634321520821,0.174988021549835,0.338263514699938,0.0386101879660707,0.0416548582252563,0.52576994770638,1.58938160373461,2.00259449975492,0.0864566195763672,0.923483780750552,0.0927157813158827,0.0737933127862486,0.158758019590002,19.5519368468779,15.8381923845334,3.08213304251395,2.06023970653298,0.123588163752007,0.167529569188441,0.0266570578563255,0.072620203095365
21.8861248483005,25.3551240455544,2.91593275553068,3.04393907657753,1.36978624980672,0.182956782652784,0.148558483580668,0.148725843313025,0.245375026950189,0.48344198306319,0.00237615198625976,0.497378700204252,0.452341918761892,0.350464325581384,0.657633265424805,0.61825413151582,28.7882013718596,30.2470832196942,4.83332514210741,2.00564965798242,0.340630067931114,0.0511833656846422,0.634942018847325,0.0737566306446237,50.2906581936838,3.1541206596355,2.24829661514193,0.740597588226286,0.0640403007498747,0.267299727128215,0.00868867150177729,0.0585917936168076,0.515089417009168,0.0975273447794935,0.25819129632926,0.449496377507603,0.12823343447755,0.638221859328523,0.345665402784035,0.282384627848407,19.2669684293803,11.4945252538386,12.4068011839217,2.06081189010876,0.764442148835616,4.06299452675829e-05,0.0166610165416829,0.112370523110571,6.31476114948368,15.7723589734275,12.7160090117211,1.49554787254038,0.0771412679102979,0.486588303883459,0.399584580961419,0.00360528955779526,0.332543681374171,0.363318394465495,0.201959920385828,0.625343093288933,0.0806632376320126,0.358768487136623,0.0801836968223751,0.0140231125892829,0.742096161610246,2.01820928997374,1.49480172078246,0.12396087728885,1.15839495372556,0.239294387618312,0.0938842592791389,0.205164011474804,9.05393550576218,13.8325349335943,3.76821365702591,3.08601270868402,0.258554149645916,0.174188413717362,0.0586255508969956,0.0919403921937253
11.7590429849457,25.068346288434,3.044330700567,2.96525910887748,0.332404956742169,0.380006319110872,0.0637946506834653,0.150395545872646,0.272129336511787,0.112466970395662,0.00243294293308734,0.240497104312529,0.230137662836462,0.35103120868272,0.409238087979107,0.892583735052455,27.8100166058125,43.238241773582,4.17675447552179,0.724746739865332,0.263396469486082,0.336824562776413,0.569691566248334,0.0898165625441664,38.0747351255145,0.782995374645994,6.4780503053274,0.061352554195343,0.147094860467928,0.370208432073345,0.00502647342956019,0.0557105526673195,0.480772097791511,0.0218780993136145,0.356826748417636,0.641828575628908,0.636529350336776,0.49401917602784,0.590722820312363,0.0398268708014606,21.1190594892442,7.64284072170461,10.5664167572455,1.82404672314277,0.634301236145344,0.00172683494980641,0.0171476885826887,0.0836242856162591,13.4868161820496,22.1151290061153,12.7522030898748,2.68143690356167,0.102736381528637,0.141326611337567,0.438410197052687,0.0296228719253631,0.235153578158681,0.42079389790198,0.424356271115054,0.301011310147652,0.17016003850814,0.5036855718871,0.0901009927720246,0.0100757116567765,1.20726242934236,1.01185972981688,1.81224479699452,0.115991295134271,0.556670353023234,0.162568937395244,0.122552253441269,0.0958536157051643,11.5448290000882,18.8099943580549,3.98883708515228,2.00387408379466,0.0266222063376985,0.0788459537280372,0.0401174946019328,0.0688005055859424
13.5234822855895,19.3464440838441,1.59944664858067,3.73519308372466,0.187104171040402,0.478006936422484,0.338139116818244,0.151477495296473,0.288953806343824,0.296095683949317,0.0048924728840618,0.661838960366255,0.22974405402013,0.278785387863086,0.654266415880071,0.685930764047094,22.2816365985749,26.185837727495,6.36351073482101,2.08849904978281,0.196699602670486,0.377788970341415,0.232745010143095,0.0894068854720549,29.5568632915004,2.71950852540345,6.61424024925185,1.76182094977302,0.119937891691423,0.191260998973978,0.019418537753098,0.0504928341134575,0.480036457262155,0.117817506210617,0.141009160877062,0.418027226629533,0.389721968316689,0.585172434134463,0.308458566037285,0.298870341947003,12.1807824200198,10.2350059921329,11.2658824750381,1.64688982272284,1.01967750199319,0.00219765744605408,0.0215856525306999,0.0292071186757304,14.8369274377173,26.6118192974541,7.96207794980041,1.27837222375494,0.0411736230208697,0.168150218877057,0.330502182054313,0.013437362313934,0.686111036979293,0.297079692633337,0.191962142341148,0.288904999697945,0.399296875379582,0.362917217990739,0.0796019519641583,0.0489007494062285,0.597922747939725,1.85968257310181,1.63025434545684,0.0783897850870926,0.761268201128463,0.159171105029107,0.0908679178459109,0.147140758546644,16.22129391428,18.2922243897259,5.81524807196886,2.17905029864647,0.260787470412533,0.0930325068707038,0.0415177621144767,0.0477672712706605
11.4126426042006,12.2200548759656,1.25282987227304,5.23477423603194,2.01052539475525,0.203203489600978,0.0266670705920329,0.120743537566931,0.260785988324446,0.675128412720781,0.00327773903829604,0.149640953761211,0.415516125079958,0.392802504457167,0.706893130404704,0.625680249285234,35.958202393937,50.322690269007,3.52838271959429,2.10486822332249,0.299599434591498,0.155935957851747,0.514908003622898,0.0803272058233783,40.6637202268822,4.65034146382638,6.3839491663675,1.1780749337464,0.0951755317096581,0.880390453045256,0.0126436022664741,0.0431624696210638,0.310073226273635,0.1374863471727,0.202711237123545,0.493996085735772,0.714297930871488,0.605301606707719,0.333033883601236,0.285329444196814,14.3635673515283,5.20279282870117,9.92690434748539,0.0239281010217919,0.539345661488696,0.00189357703565075,0.00891833363464835,0.0839966292273288,5.21054095727696,30.5874201988123,11.8211086787844,2.15811120316054,0.0475211554485124,0.569241752281382,0.561575238286729,0.0149148793262908,0.936659783029069,0.0220678079279914,0.265100672454702,0.506212154954848,0.241336413321207,0.493780428441499,0.0447451147289714,0.0346015469212404,0.265621670492199,1.98267492888736,1.54695514669962,0.10401194431561,0.190737555900876,0.0641704288112081,0.14794816181226,0.119628595638881,11.2360883200683,4.85857859550999,2.72853969694607,2.86542599845853,0.309472031764966,0.12729681472885,0.024745176670989,0.125292189926139
7.65990115249914,20.4923491509675,3.60201132159336,4.36637381200737,1.60963761336686,0.130602688830489,0.421854519822652,0.140280701264155,0.246036402645864,0.244525155690596,0.00609845161843617,0.396099488801127,0.290269731660763,0.482128727880619,0.663276358477873,0.545071070770436,28.0351501586459,48.0615518720094,3.88274138902958,2.20186147827391,0.227508364124969,0.557769754863349,0.58587858394097,0.0550432059481264,48.5564446614805,3.38953856390114,6.65232457972206,1.10116516534023,0.195019865669083,0.373249497832953,0.00204414623004236,0.0740210923469868,0.630090001287766,0.187582505102985,0.25989402638245,0.916790454106053,0.426125495389232,0.741413354483968,0.424434293616997,0.484700556981195,9.33926156137789,6.87017196725511,9.74482996739117,0.63568303104363,1.240509012879,0.0011280603056237,0.0177305436781618,0.0936373393289826,10.3015693133841,21.3786508050844,11.5121745453752,1.11286214882338,0.00424823832529044,0.297052720364196,0.147353999269598,0.0209158350244884,0.661855303539507,0.44850457807401,0.15635030759558,0.231340050135511,0.209016217589101,0.0875776886989331,0.0576305226471611,0.0338657821061927,0.312533182581573,0.878517725151615,1.26608171903448,0.139897857284375,0.466927567092916,0.0907878760818017,0.159424547398487,0.142418867572494,17.1731523150136,15.1452070046713,4.87513916563175,3.07017506963184,0.318467708276604,0.0794976375880792,0.0355862616055593,0.129967540694986
7.59680942076334,22.7105643611862,2.58629361946307,6.06344188480495,1.5628974464508,0.555292828280703,0.296101261789176,0.151985246423756,0.121957681471409,0.708846452141574,0.0062968277209304,0.166412426112519,0.196232765303956,0.139827991855125,1.04830367202718,0.662772941075778,31.2725293159337,54.3742038623612,5.41962264548745,4.37694674188401,0.0904783866746043,0.416327693292536,0.301778781853754,0.0766968035188677,44.3888171747951,1.88166403155811,3.52587546524267,0.496757087829124,0.0917831571488574,0.278650818004683,0.0185783317797885,0.085913791564046,0.601330089790678,0.0793490037868355,0.208424439231403,0.676341114738431,0.270707642546409,0.728285582895714,0.131175988482834,0.253108296083745,2.69113064707795,1.44475391553949,3.96533792694263,1.30207134450993,0.996612742457235,0.00135547027916089,0.024097272013491,0.117455171304364,14.892803971233,50.4151903343986,3.2260281402133,0.950568567786159,0.0701844311463288,0.514270187567379,0.189479540804314,0.00705132796947628,1.01129990966547,0.375688592935143,0.654436398608182,0.47840307024482,0.270915531838758,0.48720193844167,0.0663577343585207,0.0754731372268817,0.462915501683051,1.60836219778279,2.08888398511304,0.161165541013868,1.24426405313554,0.201808313762069,0.125095385764727,0.131086558631629,13.9192558573543,19.1379523525815,4.94263396736785,3.67466702883719,0.3952898256924,0.0533320013518919,0.0202836830487358,0.0990207779103064
17.0713213574552,19.6590236969993,1.44065901892894,2.3526666513008,0.9754060788802,0.407851027599499,0.0721421009345041,0.0664162573379978,0.14405973346068,0.509666138548,0.00489517082916009,0.549718707506695,0.366190029657678,0.300746222051202,0.742405870973382,0.721921758002997,30.6629051796163,36.1889727563147,5.01375647279305,2.96991599436487,0.163969352813183,0.312702362752902,0.722683234410495,0.104596605095875,30.0945553780657,2.44230519773438,4.03089017384954,1.16771938640566,0.233914735691906,0.587544372425026,0.00515837385916871,0.0528422789570711,0.640281316004784,0.0616372294246605,0.148307159788148,0.76361563269989,0.178202166324595,0.629647779074916,0.398103834562526,0.158946052191817,13.2701234411346,2.12496173171914,11.496984792322,0.75018267118127,1.48426215637081,0.00133626818437694,0.0111978975865967,0.0359980804074949,14.2004513387749,28.1018632446189,12.9889404292278,1.39511130493932,0.0714009246946815,0.100513751625481,0.133411268657485,0.0237247121240923,0.0707275055497337,0.0526011972461166,0.563169141289345,0.259941359861439,0.136466820447379,0.257564698253882,0.0952855732701594,0.0517387240666281,0.876216754090804,1.39002927686192,1.42432564230091,0.0872556961125856,1.39598671810178,0.0380278369251788,0.206810186269765,0.17618145634052,13.9608793310193,21.2969073906475,2.73637281326428,2.55836341974458,0.26591227488038,0.109408100426489,0.0545377761110719,0.120545258694241
11.3312568073922,1.93003298316784,2.9736811782499,5.02118082154461,1.57893017081262,0.383383737115124,0.348497462057145,0.16985107689269,0.104735597719479,0.594539010342519,0.00759655290493656,0.0935116907252838,0.213788011760277,0.412956287531326,0.634533242281884,0.742246129509426,11.7184245084128,37.6328649586239,1.49314551105696,4.19064249056503,0.167052005751051,0.667397296482342,0.744297677611429,0.0408556356854438,14.0750639377326,2.16197959978185,4.95833998409685,1.06442854619141,0.219104110880012,0.398590195559629,0.00552273251815109,0.0723590282005363,0.180286711947344,0.0543804142438125,0.0442212732390459,0.680722942791162,0.601868100573409,0.611927394618438,0.35330820833239,0.205686534169758,14.7690694409836,7.19993186863817,10.8559079453283,1.05901385700904,0.822788939772207,0.00132372180593464,0.0189253285066629,0.11616788282561,13.2724118646174,59.195780596145,5.52132683841437,1.27947985790507,0.0619850667429836,0.380201017472093,0.346533421380903,0.0330260787440093,0.85380575146754,0.142694351088366,0.64462595131885,0.6853202906883,0.201405109321985,0.161138640330393,0.108291242972104,0.0450740084321715,0.67225817365432,1.51920161787814,2.20025005520287,0.124169942500938,0.589651449351559,0.0654010856351856,0.0561560019922475,0.218847607224529,15.8310468203525,16.1123887637507,3.71246011076166,0.559097639686603,0.226000045198759,0.163279985252744,0.039907943647938,0.0969151380110114
9.80441160366978,11.5225214589088,2.16335682119133,3.68467311080152,1.464233411632,0.244099747501805,0.242982423659588,0.123509732654678,0.0746849844893717,0.852301300436845,0.00253335927868087,0.342173199367342,0.280673306874981,0.117133017218042,0.645733911589836,0.681959466777011,21.7871776310652,50.2799691456917,3.46756940174828,2.59024684517817,0.244471787178903,0.251070851558096,0.363526279776657,0.0806427390083841,22.213277070944,2.1407655776701,1.30436110318492,1.73098793793849,0.127846848981311,0.770956557561703,0.0184263660510415,0.0978853803693331,0.630106939362444,0.164736843462747,0.311315855425962,0.47743847891089,0.458178167766445,0.837365929794027,0.343810049482072,0.291228268940701,13.164201373476,4.73173636849616,15.0601576175648,0.766817696312961,1.17819758644827,0.00115119232822764,0.0190667301182032,0.0849934628539543,18.4304484651211,50.2219790862562,6.28397608682258,1.42051131339425,0.0591081137989985,0.488405946786537,0.373079477442593,0.0389034620803135,0.819803953927934,0.542096051177663,0.221596590645322,0.458385549069217,0.206603998758077,0.367581806697387,0.0756748636042561,0.0549441408598455,0.789334266922055,0.727606435891257,1.63364789002516,0.0831229346648182,0.920508235078971,0.136062532649878,0.141027774631095,0.074036138794424,15.4389568986165,17.6989023093087,0.849774398973921,1.1061603420006,0.298280651862448,0.0717538072885929,0.0383623423292033,0.13023036147424
30.3670559127259,14.8697975317592,3.81432380400626,4.73508227468397,2.27479382336744,0.439008560161214,0.204417126020278,0.11200467887429,0.107266822695372,0.527713832968446,0.0019105132412154,0.358479254639725,0.283646756790775,0.581982900389496,0.7927660126941,0.605563442961077,21.1879204536214,42.0235476827389,3.53087383896656,1.82581349058053,0.227933538158258,0.223405982699727,0.284444411074356,0.0415773836862121,53.5771367871401,1.16265144294128,3.92260819460685,1.43799972065643,0.193997583494323,0.807624066887959,0.0181007364858559,0.0908819097612888,0.28876851993234,0.158632174485378,0.218695871695665,0.584492888491691,0.307408754704005,0.20241758756015,0.326311273767954,0.368919981568686,13.1768303931833,1.61350624486528,14.4564964550636,1.44133587465402,0.927401924678285,0.00202382904632405,0.0159571182081622,0.036380590376349,10.6040033717254,35.4964831964799,5.87075738611006,1.96555618969803,0.109267098826095,0.0850701656892805,0.277089168563468,0.0321270272069286,1.18742679786434,0.294746324427024,0.459782104259825,0.530087830882271,0.182056326486397,0.431590772870116,0.0371063649724724,0.0507254063888938,0.657721702682093,1.2929840601175,1.32590244517041,0.13401254408921,1.47454651078363,0.17978726827125,0.137918969978921,0.216986826468295,19.3165447795861,13.1002426653072,3.78883663404646,3.0731594969814,0.123933452767193,0.146304892076045,0.0236457359412194,0.0328376903149482
5.87886273925148,22.2107097655882,1.99194051441928,3.36015081366796,2.23362801946726,0.28773038810767,0.218766326725021,0.110342113380074,0.24861791985718,0.201091524274619,0.00670158359792148,0.474011719044941,0.335263163160214,0.115366108550525,0.640138501887065,0.767701525472796,39.2991901480488,39.0062408445437,3.63804602738237,1.98284397957874,0.290413319228393,0.589489218169654,0.123737299131584,0.0380741155469457,34.9411102765617,0.410903419171293,7.0913882546093,2.00719047577756,0.254956649979294,0.255186149383278,0.0115409753779133,0.0861437592309486,0.229709312145005,0.0949205824589964,0.309386999632474,0.313043492369029,0.49136789911856,1.14741454553464,0.120274720869325,0.2135715222636,14.7704264395969,4.95066636345652,12.2386645865116,1.33931541144027,1.05549014560496,0.00102271165853344,0.0181613964375537,0.123767558215649,18.8144623726323,48.2815451388038,7.7203782208019,0.604596984433468,0.0677936938809492,0.481769539952503,0.177693058190865,0.0361050288614012,0.693980245123693,0.284382514385237,0.427292410981267,0.376033825808115,0.205947503353192,0.139385391809093,0.0788169539088409,0.0267882842300911,0.944807947588198,1.71643113299354,1.17241049195134,0.163543585278188,0.539913929227194,0.25298931450218,0.180323046894385,0.226313038783555,20.5293761759984,15.9442604077031,4.07210055217337,2.04905349224354,0.102644819393813,0.0971191562109375,0.0512652264141263,0.111221153810319
18.3528132336635,22.4976067419929,2.96386888617197,4.95642392850247,0.825296518398039,0.192419494762425,0.287098339941906,0.109143863771986,0.12491327990298,0.440439809283874,0.00713539042516406,0.357440563858412,0.374173416603016,0.197737962568741,0.505314638716366,0.72792043188762,20.900210223896,37.2843217463962,4.67414450346025,2.38792757384065,0.289724827247603,0.575456826444911,0.592229508613941,0.0984976464552165,38.4824732481167,2.42494381491046,7.11320164729931,1.78511053964939,0.211029296170623,0.442742936502296,0.0100493635838755,0.056984235462324,0.442164136361765,0.20520563164491,0.315971588516475,0.517798878627776,0.109558283140079,0.973969624311042,0.480312709830704,0.237213779219285,10.7660895101001,11.7852513579017,9.04741715890119,1.26038150696356,0.547491862654503,0.00154324084754538,0.00856007207356875,0.0561656987954317,12.9359795845474,22.3548137837898,7.8749338854416,2.02554518763569,0.0786219017636664,0.312248166900671,0.335144723017213,0.00175662752371782,0.624156028859933,0.230601159832879,0.38559312419659,0.540078942056189,0.228272347153785,0.227382997408901,0.0984208536135616,0.0384336118808626,0.570770376940474,1.01419517553969,0.946352150210875,0.0704787355505123,1.05705271876436,0.15830507612567,0.152786475881886,0.12069275957079,14.0792643782455,22.3878621557608,5.01250469434116,2.66982863878026,0.259772899329374,0.165736786490531,0.0281818390224342,0.0512252740011788
17.101032569799,15.3008487072548,2.5986283100928,2.74242237806701,0.884612715472819,0.182064441747597,0.149920364175018,0.113653244866845,0.118766270325071,0.27823865407447,0.00560084525638455,0.0537939063325797,0.106624622723891,0.247180354592909,0.707725787161702,0.661039032088755,26.5309915882473,31.6224937834015,5.30355668672693,2.93347378452937,0.403294177035707,0.342446186476583,0.449540234168108,0.0505334528371238,35.056910111151,3.25825197003354,10.5666647160045,2.05442334678661,0.095779198038552,0.428469913241142,0.00925122150846522,0.0555788432853872,0.248222741994665,0.232741560656777,0.316901903190411,0.944671152891099,0.515028493296905,0.499680076439769,0.298709985405711,0.432469066745131,8.50725270354506,10.555853702791,13.4572908086155,1.02753196033993,1.18461727032879,0.00159481531229975,0.0210144552390828,0.00694024312120725,15.6209535140038,36.0916424536094,6.50184147235745,1.19361992737793,0.0806952044400424,0.302279327247852,0.159079318447215,0.0218500158550705,0.798718793420784,0.175589695992443,0.469405454548317,0.263305429331062,0.21948328501135,0.55011278883656,0.130466130268877,0.0662370243726807,0.439115260016482,2.0301701664063,1.1483167212322,0.10639163187043,1.01412628946525,0.241778228240189,0.0967519097540252,0.202343153797068,22.0265301514736,32.1496080114154,4.42734243060764,1.29521856557376,0.216608176389609,0.165869167632836,0.0587224007703381,0.0636860007061052
12.0208295050227,21.5007520649276,3.59882550738953,2.98096406107428,0.477703775070539,0.644172225451006,0.231147525273247,0.104060000567067,0.134557338510552,0.568707831915047,0.00143947324655792,0.441432542952952,0.248039850416616,0.295628501181874,0.421409595624808,0.591070065210757,24.5449157905959,50.6817728196519,6.82829079123256,1.046678651424,0.0683402282166728,0.257583437712197,0.517212757575249,0.0894609276256181,18.1773094636175,1.44586580832148,4.96690410068438,2.25999968346869,0.0849837703465498,0.502965742294726,0.00506009620603788,0.0407980428488861,0.932011766355786,0.146186678519801,0.236059804174656,0.399103725247749,0.530212679721006,0.542563154530566,0.841668665972322,0.325472739225511,23.7043733680782,4.1829952662146,13.0231087905221,2.35812966144051,0.953713498141725,0.000643167317004813,0.0230480221542501,0.136585123661117,12.7112472369465,16.3466724124778,9.20397389457469,1.71209573936467,0.0642183352495903,0.448360431556779,0.439431535780873,0.0226141791564324,0.608536337181336,0.32367234381142,0.456041659049562,0.377689884438061,0.124495991062759,0.487249894653546,0.0989886676002051,0.0480075746947652,0.833517713905814,1.54251525170342,1.98394006439324,0.113142065126499,1.28155550327489,0.219554802746851,0.0358623481362224,0.149937965679971,18.5099497395218,20.711475146293,7.84009317073701,1.23765829880532,0.137237698045062,0.114219000589174,0.0478451366545626,0.0615648872628381
15.5964137210823,9.23908041886471,2.22714347468022,3.76260760178297,1.85255668682667,0.331267665720218,0.300592866384407,0.11438003252604,0.345439639057127,0.27012200505786,0.00466996565817326,0.295787393087317,0.400841773135301,0.31279553772626,0.494029489866998,0.858035444901412,19.6806649883125,48.1758939713754,1.85696320944404,1.44500591894569,0.178876733284042,0.280942799062222,0.452996115022253,0.0288335103705847,30.2572451227412,1.2001675821414,2.96485218318724,0.762330781058173,0.221920386353322,0.165600460245472,0.00728459896077295,0.0612735280062475,0.592892441845379,0.152714019886997,0.164392263133715,0.717054200235527,0.377750902915683,0.612500804089888,0.519409896912437,0.18780218783747,17.5367165063151,4.93320468654364,14.1618797744581,1.79770498129304,1.05023044294925,0.00139274140385458,0.021747806153061,0.130177454535691,11.142751479928,34.858180902479,13.5688608541712,1.09198974740024,0.0320002332074701,0.550204455925031,0.296559934120442,0.035278937215671,0.680919837966082,0.501118865515959,0.192083513541695,0.252667466499018,0.237382467853919,0.329195272864619,0.0812799052862061,0.0541560728968401,0.336848079468317,1.20230584066407,2.24640317261397,0.0973987629987202,0.670097529779404,0.160739418328057,0.0837340377004844,0.0315739218521045,19.9465780868165,12.4153828256038,5.51292596107658,1.65780303366488,0.21279564369955,0.153031683465092,0.0403985214018432,0.154625109755714
14.4254813747441,16.0395755594226,4.18581094439186,2.97405860802647,0.95396844601582,0.273199680196237,0.299499674871771,0.209433655633489,0.331484185207772,0.609221994819634,0.00557186266551624,0.193637555230427,0.39967057132132,0.25051456009338,0.592987471600356,0.725637445605973,17.8732809536568,32.9162308287794,4.13207453112623,1.30002049248464,0.236782101411827,0.139369090866964,0.620790400333498,0.0868854589524057,12.3606539656492,3.57178441465378,9.99927321224612,0.851199119429483,0.0636098244626927,0.0645195310154871,0.00775701757475064,0.0868154368680263,0.839033744732398,0.148032979655308,0.26991269419127,0.620090677728398,0.305043059241169,0.600548521908064,0.423729436291944,0.266404200609796,7.667266345023,5.15652780950716,10.4934680873689,1.6625641812392,1.325750714518,0.00253492346434423,0.0164810535985577,0.154399310576978,24.9743713607939,52.9429169601727,9.06300888864571,2.21359518578678,0.0566850664511462,0.121033477465361,0.267446649492554,0.00706640301779857,0.609312553904592,0.109314552014423,0.44423816206882,0.44728320938653,0.2599567693811,0.444179494394742,0.0443615342573624,0.0225802802573671,0.29525422964278,1.48175933070615,1.39710113944331,0.237046071026474,0.682628740427815,0.233320997019477,0.134112012155258,0.217374308008253,13.4876174722835,17.8490392926247,4.51535494550496,1.11787718388733,0.127233045742456,0.283266477536547,0.00842992189506409,0.114677606989268
9.39705209055339,8.49325251016125,2.79834934405347,3.94376579560552,0.424705116616786,0.343329395107227,0.283167234666373,0.11316011758094,0.108223749534852,0.53390582115102,0.0024587753373238,0.375453921952262,0.322470380144901,0.169317054525805,0.594052130220649,0.73335913672313,27.5721519944458,32.0555109685427,1.41444343110179,2.19704458471952,0.21365982761417,0.257622629860603,0.323454695793403,0.0833712024542336,47.5069298884321,2.68416207265397,7.52880526882643,1.56846111673994,0.0811557857919184,0.471672558513621,0.0215597753358239,0.0595182654363124,0.395182315035029,0.147730434384722,0.288809849747619,0.637025515454999,0.417827002236162,0.74514985621062,0.372445498544756,0.384935952405678,16.6438435231633,4.33377266782601,16.1480631875126,1.46161191914096,1.01863117111528,0.00252558201146347,0.0138420479347238,0.0872094261473956,23.3898112446353,36.7692027501634,7.86600991471499,1.48824321627498,0.0597857177805671,0.475964683229734,0.381975612076927,0.028141654544736,0.863956945144525,0.345637265345617,0.538829928131517,0.233387736490448,0.363976417230884,0.322015973030254,0.118341144773864,0.0599828023394969,0.601662008589299,1.7272095450889,1.24716824279363,0.0353790612316442,0.793105082048497,0.144819096303167,0.089201929756646,0.152003534007814,18.2605428816545,30.1940065176728,2.43673544207521,2.17817507826873,0.0801487538837211,0.0853151872598743,0.0495736953526293,0.0805788214110604
8.02189137740292,13.3200111529318,1.86187736867367,3.53375403919454,0.413771933588543,0.179748897504995,0.290116649025647,0.0717828012586272,0.318422359827929,0.729928005393641,0.00486226721424578,0.0814516215804791,0.422410886895239,0.191480304935863,0.591119105721174,0.576469509747315,19.2186500807441,28.257059113585,4.9675143537903,2.40048643261136,0.252637488814415,0.216666653484052,0.666676491803384,0.0354759487192416,29.6828988384431,2.03817226892493,6.89060461595754,2.33242563942401,0.115202302787994,0.595116636069201,0.0159914367081946,0.050117602030599,0.77040769195972,0.126020457512262,0.00363557910722004,0.715195720074847,0.20004828774811,0.892882664932553,0.38477537228269,0.453303633740467,23.5259870151818,6.73987705267912,10.0848063256144,1.52683607784808,0.770560755036879,0.00108223386491768,0.0201713631619816,0.132798268918257,14.9522827765062,42.89718039631,12.267927895427,0.596001962492769,0.0264305771999157,0.474737758590813,0.332844065644217,0.000546927378995119,0.611501043082793,0.495739849387992,0.624509303460944,0.637094626873102,0.286715412989997,0.242257865472768,0.129088470357567,0.051162342085828,0.247496887160294,1.5829452454193,2.44396172332446,0.0773698234892007,1.01240340336594,0.189570117021419,0.0865126533658361,0.096002410576815,24.3335145611836,19.8295366436905,3.89317395071722,1.10649453976836,0.126616109104625,0.185243416142548,0.0410375494287337,0.0369655091827337
17.651024656293,24.6246566118912,1.96317553089237,4.19726339664452,0.452866184524612,0.240185252142597,0.237144038543204,0.226319853563752,0.287598369308442,0.31252986972059,0.00107274891425524,0.246766383290517,0.339340940370677,0.263493710691432,0.557637134920262,0.605327063793658,17.459360484833,31.6148603876477,5.90040091001265,4.45759846892936,0.42796604230182,0.524273858370701,0.593123769594075,0.0510573760059587,27.1977593309338,1.51830183844941,5.5622244713627,0.598190783675683,0.179122197952183,0.267532648825329,0.00891347077985746,0.0861014368093501,0.423449269833529,0.147549190837815,0.34434656546962,0.895454738964978,0.287719398492828,0.69977106606469,0.384090614458959,0.401180747043792,14.3476915377096,12.6615218070097,8.50753728176424,1.29121156831239,1.23597411660507,0.00122009383465147,0.0157967144544657,0.0553200311874965,3.19312595929468,22.2763177330903,11.4867429877072,2.24935818931047,0.0457842308973783,0.533187190676987,0.363639425119548,0.0079116041618186,0.375419241159661,0.418511868140653,0.0540896208610723,0.311319064048552,0.176923981872982,0.236382768289736,0.0967536940855573,0.046603388415441,0.381218332285782,1.87458038293649,1.57211111869251,0.0750699576793461,1.03337233434776,0.315830505073,0.175119831319324,0.247748941390939,21.8791165188233,31.079548022571,4.26170268763935,1.36487093435465,0.317226496979203,0.0983064827956613,0.0750067183786395,0.0802447644274995
11.4126426042006,12.2200548759656,1.25282987227304,5.23477423603194,2.01052539475525,0.203203489600978,0.0266670705920329,0.120743537566931,0.260785988324446,0.675128412720781,0.00327773903829604,0.149640953761211,0.415516125079958,0.392802504457167,0.706893130404704,0.625680249285234,35.958202393937,50.322690269007,3.52838271959429,2.10486822332249,0.299599434591498,0.155935957851747,0.514908003622898,0.0803272058233783,40.6637202268822,4.65034146382638,6.3839491663675,1.1780749337464,0.0951755317096581,0.880390453045256,0.0126436022664741,0.0431624696210638,0.310073226273635,0.1374863471727,0.202711237123545,0.493996085735772,0.714297930871488,0.605301606707719,0.333033883601236,0.285329444196814,14.3635673515283,5.20279282870117,9.92690434748539,0.0239281010217919,0.539345661488696,0.00189357703565075,0.00891833363464835,0.0839966292273288,5.21054095727696,30.5874201988123,11.8211086787844,2.15811120316054,0.0475211554485124,0.569241752281382,0.561575238286729,0.0149148793262908,0.936659783029069,0.0220678079279914,0.265100672454702,0.506212154954848,0.241336413321207,0.493780428441499,0.0447451147289714,0.0346015469212404,0.265621670492199,1.98267492888736,1.54695514669962,0.10401194431561,0.190737555900876,0.0641704288112081,0.14794816181226,0.119628595638881,11.2360883200683,4.85857859550999,2.72853969694607,2.86542599845853,0.309472031764966,0.12729681472885,0.024745176670989,0.125292189926139
21.8691318774364,17.3459287250588,4.14379088575366,2.2354855742866,1.50497503767093,0.316192825418063,0.168199592398874,0.17965937071054,0.122562482340948,0.785769648175495,0.00371715471961275,0.387059042983732,0.446200262148103,0.415582590911828,0.771305079279574,0.778331267000704,26.8965916216445,46.1480735064588,1.45828409511257,3.31853512697519,0.34833414772069,0.172353833095359,0.531029595761014,0.0668942306480775,42.0110598715603,5.42390734147928,5.4597354130601,2.15929559760883,0.172217332095199,0.648304162736417,0.00765325575431224,0.103149078356552,0.658607050431784,0.111950114492129,0.20698528027073,0.685196127614689,0.293244986973336,0.461182486241511,0.225972014060929,0.131650332762703,11.2869118262538,8.99764011561738,14.7717606767891,1.32504403753744,0.952942644050137,0.00197875791345026,0.0213448228262397,0.0717789594995227,9.29861772302553,34.3586924584566,7.87721448644152,2.1390098491956,0.0488624943220171,0.230854769110031,0.33423131082257,0.0204018930189476,0.349791727205908,0.210021168249795,0.506882444071128,0.293825451899082,0.202900574676616,0.292144432432497,0.0625365765607037,0.0361070677794735,0.736316611072857,1.70701857011511,1.93121366304536,0.094370188195423,0.60413241000677,0.175608908963625,0.12691466211164,0.135809874857575,6.82953400251318,16.6342723355875,4.91563592776024,0.855684050391407,0.208919560097082,0.113718269637676,0.0638639278763084,0.153709264763821
13.0769125972645,20.3096516952147,3.06777538777115,4.05190499191808,1.53856800600576,0.275576750255097,0.387146597119276,0.194899349714745,0.156096309877698,0.539621283777449,0.00494746202564984,0.485700490743653,0.351801763526772,0.224167824355441,0.457811927486405,0.844747133771868,30.1577544483033,41.0529936000438,5.67670844374997,2.39754341376367,0.401091163175153,0.32442831087585,0.224996373236038,0.00927024664377605,10.8903987131636,1.92204724214359,5.07403655935824,1.16514933223552,0.0807258291850233,0.467979228026153,0.0112854995170302,0.0852141032920138,0.850021009207186,0.0783849746977174,0.190603387199484,0.50919465585291,0.290427779800331,0.774558800587689,0.411530599364177,0.137627625327476,13.9741918798884,5.62986958855564,9.68889736826216,1.12270971669355,1.34516446725377,0.00178441265663296,0.0280576049338925,0.156101285891579,22.0695641653642,47.4533179061979,7.54523429760409,1.81303935039694,0.0387566621125637,0.581966244408726,0.148173655472786,0.0211200247380161,0.817537803460365,0.161862668545969,0.528394263184239,0.258144958449855,0.307599574688332,0.295225529320866,0.06559012471041,0.0251206979895783,0.561995040096281,1.66712214080419,1.69012128869498,0.142770350464777,0.733829025150487,0.0465312845877516,0.110053300498157,0.261662658118061,18.0702816582106,23.2442583185427,3.13853349367394,1.36466559392424,0.32531211406015,0.163559787453586,0.0419981470437535,0.151559061428686
7.65990115249914,20.4923491509675,3.60201132159336,4.36637381200737,1.60963761336686,0.130602688830489,0.421854519822652,0.140280701264155,0.246036402645864,0.244525155690596,0.00609845161843617,0.396099488801127,0.290269731660763,0.482128727880619,0.663276358477873,0.545071070770436,28.0351501586459,48.0615518720094,3.88274138902958,2.20186147827391,0.227508364124969,0.557769754863349,0.58587858394097,0.0550432059481264,48.5564446614805,3.38953856390114,6.65232457972206,1.10116516534023,0.195019865669083,0.373249497832953,0.00204414623004236,0.0740210923469868,0.630090001287766,0.187582505102985,0.25989402638245,0.916790454106053,0.426125495389232,0.741413354483968,0.424434293616997,0.484700556981195,9.33926156137789,6.87017196725511,9.74482996739117,0.63568303104363,1.240509012879,0.0011280603056237,0.0177305436781618,0.0936373393289826,10.3015693133841,21.3786508050844,11.5121745453752,1.11286214882338,0.00424823832529044,0.297052720364196,0.147353999269598,0.0209158350244884,0.661855303539507,0.44850457807401,0.15635030759558,0.231340050135511,0.209016217589101,0.0875776886989331,0.0576305226471611,0.0338657821061927,0.312533182581573,0.878517725151615,1.26608171903448,0.139897857284375,0.466927567092916,0.0907878760818017,0.159424547398487,0.142418867572494,17.1731523150136,15.1452070046713,4.87513916563175,3.07017506963184,0.318467708276604,0.0794976375880792,0.0355862616055593,0.129967540694986
20.7273789190103,19.7592585674347,1.75494394520963,0.788324519252421,2.54909065182708,0.392493450581262,0.187747498841774,0.153998469226514,0.160702526877606,0.0649608168725203,0.0030673037728936,0.596957440989528,0.139077855220393,0.342703572347958,0.699070031872343,0.612439236978607,21.896681337642,41.0599277632734,0.111457923039966,4.06623642826338,0.353758477248445,0.337574543745157,0.59521578618209,0.109887481985095,27.7979624255215,4.4652906452059,4.17230663513691,1.23172233343771,0.0427029801569481,0.540816306256982,0.0203215687591576,0.0539913258978712,0.714255390877807,0.133723370288186,0.177975113112257,0.418077974281504,0.507767617881311,0.625153612573949,0.415769172715866,0.454741530819623,16.8575436636808,6.04030856079992,13.0304276268347,1.06735068707944,1.04416886427159,0.000522901524407684,0.0143687444486616,0.086376185634582,13.71422172352,37.1895031467946,7.91279048700162,2.06052982512817,0.0906278923188702,0.454149850267752,0.311132633647433,0.0203562592166337,0.530993683042425,0.506714608921008,0.277796811766623,0.330557830621836,0.0922883787813447,0.138983596992491,0.0982663882312852,0.0786467392698742,0.131193355946725,1.66106269243133,1.55433178263337,0.111311711058824,1.15880160526001,0.174468678639577,0.0564931119875992,0.101471525538403,21.1031646165685,22.8940084614567,1.96013313996884,1.73084532528529,0.26065722807404,0.130542287260043,0.0440538858331913,0.102092270670563
9.27743702914971,23.9198553331882,0.534854693755377,4.70801558889158,1.57258782306093,0.299719183251798,0.239762369506642,0.129645439216679,0.233849893513901,0.248407171249603,0.00208786780156331,0.487932449479198,0.471526849316232,0.340525138697116,0.796465635471497,0.531229732247407,25.5796594662452,53.9468879916083,4.04338306830925,1.54921508869417,0.213924753325313,0.225698098485894,0.417746927520932,0.091863491297839,21.3203422918083,4.57383756540409,4.05417741721404,1.34320009414061,0.12276439180317,0.277034821883011,0.00573403540739145,0.0926972036395564,0.266818572385309,0.15059075302204,0.23996167619436,0.467181688857572,0.560136899980367,0.644262842103944,0.361088296868992,0.390879579769361,12.2415682549285,6.21360552122584,8.64164468225349,2.0107182499503,0.577480116314646,0.00235141530721366,0.0246226359860964,0.101690244465679,20.2175604763872,23.2531282593176,12.5027783793312,2.1193223822429,0.119308806544566,0.0806974259179295,0.564410056972677,0.0009681610023945,0.907904874532509,0.154129099721979,0.287132957160042,0.426191853845522,0.208377176581994,0.584279925113365,0.0906412407526033,0.043114974019654,0.752486708890497,0.281023850645912,2.18513925844741,0.150751888897357,0.0232606664175203,0.161980908276641,0.241853136421406,0.130777358674009,14.1616058648961,24.9293174864095,3.82838644491067,1.18636533861953,0.434331115095425,0.163374300227399,0.0365149506003323,0.147648428001745
12.7429625685448,15.2297209462821,2.48305658871832,3.24964451332838,1.82236401421546,0.210484035673825,0.370784231264973,0.107939069495979,0.190064425077972,0.570316595168822,0.00157637181786286,0.231538476965261,0.373922425334142,0.269407286109364,0.562185795696202,0.644143400148103,24.7113046448616,21.1815253162011,2.54116776336682,2.86427417865555,0.0459467963527743,0.246640527638748,0.357695672209353,0.0480150323968703,33.4101604298862,3.49779374024907,4.56705362869634,1.60080072399728,0.137069526404912,0.4900580478379,0.0168729549417784,0.0490370690428233,0.482167963526445,0.171060053160017,0.255609192326897,1.05243657549912,0.169134634370912,0.687860071538748,0.522683409665536,0.309253718938397,18.7907559079151,6.40473806241135,12.6409411334563,2.26806167272574,0.0856149117267698,0.0028057586692123,0.0255807909096891,0.0972998527078613,9.66115071085501,23.3470021374891,7.98977044958546,2.36588670772493,0.0524983996729373,0.466471964947656,0.247935237354621,0.023833635159537,0.597883781196106,0.562833227577029,0.200324380685854,0.245679940932745,0.218361453771507,0.374575037739691,0.142069933273915,0.0681954694409925,0.708051944278634,1.14893163557919,1.9109444816282,0.122133850463539,1.08336923661595,0.173652538946445,0.0926339495205556,0.12892824842114,11.7430473767409,20.8321327329655,2.36675349687707,2.12754242204595,0.223077303247411,0.16733584822125,0.0382321747856895,0.0570773557038868
12.034918093259,22.9324583064446,0.502879632618189,4.39268215065186,1.37308928067932,0.097710267202286,0.226547281085085,0.164675127554515,0.387088079944675,0.402275018488463,0.00336093129176608,0.548444226380298,0.212515184980713,0.348419042998422,0.688320311012994,0.68414013273385,38.7698503877339,44.8150226567183,6.00046169548105,3.73158924273933,0.567745769902465,0.262412256951499,0.21731623468799,0.0930407474339815,18.8604337478858,1.29982565777785,4.50413707503044,1.49990332352546,0.157213837578259,0.287023351205253,0.00780303663792006,0.0734352556873573,0.34432762022985,0.0344694453263216,0.248705847093431,0.422789979325616,0.486463864329762,0.733044941913531,0.300062011634916,0.300677717078332,12.6242966168879,8.62776610617955,10.1681715450529,1.31010829047664,0.637109788270958,0.00176993258095678,0.0214255857969834,0.095315489540078,14.4551327639487,22.5260741275403,14.2426023863773,0.999517033827112,0.0828356876869045,0.433581902877365,0.392480661368382,0.0228664839041715,0.787050468298947,0.122003959169294,0.298632874270689,0.421462903399354,0.14993896641755,0.12973578010515,0.0983958434135362,0.0291499716552567,0.310125176937049,1.68120944589906,1.51065078555148,0.172457376357254,0.972774976725433,0.193279654587505,0.126027319157573,0.134786872933817,4.24621183597331,11.902765465641,1.17776270864663,2.63599989236112,0.137059000402173,0.159169256771859,0.0200708476269795,0.132838797304285
21.8861248483005,25.3551240455544,2.91593275553068,3.04393907657753,1.36978624980672,0.182956782652784,0.148558483580668,0.148725843313025,0.245375026950189,0.48344198306319,0.00237615198625976,0.497378700204252,0.452341918761892,0.350464325581384,0.657633265424805,0.61825413151582,28.7882013718596,30.2470832196942,4.83332514210741,2.00564965798242,0.340630067931114,0.0511833656846422,0.634942018847325,0.0737566306446237,50.2906581936838,3.1541206596355,2.24829661514193,0.740597588226286,0.0640403007498747,0.267299727128215,0.00868867150177729,0.0585917936168076,0.515089417009168,0.0975273447794935,0.25819129632926,0.449496377507603,0.12823343447755,0.638221859328523,0.345665402784035,0.282384627848407,19.2669684293803,11.4945252538386,12.4068011839217,2.06081189010876,0.764442148835616,4.06299452675829e-05,0.0166610165416829,0.112370523110571,6.31476114948368,15.7723589734275,12.7160090117211,1.49554787254038,0.0771412679102979,0.486588303883459,0.399584580961419,0.00360528955779526,0.332543681374171,0.363318394465495,0.201959920385828,0.625343093288933,0.0806632376320126,0.358768487136623,0.0801836968223751,0.0140231125892829,0.742096161610246,2.01820928997374,1.49480172078246,0.12396087728885,1.15839495372556,0.239294387618312,0.0938842592791389,0.205164011474804,9.05393550576218,13.8325349335943,3.76821365702591,3.08601270868402,0.258554149645916,0.174188413717362,0.0586255508969956,0.0919403921937253
17.0887273230779,20.293769158611,2.73467780336956,4.96560855786594,1.60716884340423,0.261641710346605,0.197674592492926,0.163371720611578,0.071329793107863,0.475408327288074,0.0074530424036529,0.392571176336983,0.175505907649629,0.322036328100959,0.58386763583385,0.689244271611382,20.9133642146796,41.6185283439074,4.76169197851842,2.3146787464481,0.452109239377427,0.283347755217331,0.555820478851697,0.0679969209615063,22.1951224321147,1.90825431154567,5.22117515560772,0.807477259138248,0.0754154235931046,0.191497975107875,0.0121967504872076,0.0100364244355487,0.309880136779463,0.0644193664705801,0.077947225531716,0.513550804653925,0.492407274917468,0.648627371762251,0.527321041832542,0.201022320745521,15.484919382871,6.03438309695739,10.4558540394012,1.33935941575243,0.649323741818898,0.00107235797115376,0.0118588489955869,0.144931335061534,12.852525333435,36.9089394816898,11.0658120754997,2.0731376350975,0.0729704265310342,0.413283927339589,0.281073704551319,0.017307077396554,0.803858796020192,0.118039445640695,0.492051918741248,0.466287044517291,0.177198647795571,0.390194822626039,0.112388211993611,0.0485375293449845,0.573187585183938,0.847920013979697,2.60547446640111,0.150118225930881,1.23446516821172,0.163789707455966,0.0708138239076657,0.107745100769434,18.0341035929789,22.5188691838714,4.2282888503154,1.87644333601764,0.398750456416929,0.228873975727188,0.0677410090995333,0.121799995973995
12.1092980637773,9.78619980377294,2.48903430581326,3.23142525773876,1.41148567606162,0.45108108101616,0.460279921679972,0.159048048827954,0.193788270661168,0.04861968378455,0.00152434747013716,0.217780455863694,0.395008891845525,0.245369974274569,0.389449553819181,0.777838458868936,21.9125555886314,36.7293930866409,1.41841834392095,3.53398215421595,0.225320746153162,0.349167264780475,0.693338912860589,0.0605428489802059,35.917230671057,3.33278895785587,3.76760170649845,1.73502952534675,0.180039010940609,0.342690244493646,0.0138444085441119,0.0693013462450929,0.452722077251903,0.0556973635680121,0.175888700075244,0.971294349990215,0.606959888489193,0.629716415414823,0.584555392878999,0.115007074321855,16.6440130605564,4.67402836728453,14.6037621799794,1.51272721472419,0.60455868815012,0.00127757867213743,0.023308217237854,0.0835486344458096,26.0813016335294,27.7794796764419,6.75841195441885,1.82825915827788,0.0524199190200427,0.413083188384672,0.352477399433855,0.0188677379160341,0.827957054435271,0.245514281887126,0.382496747570135,0.1126379266669,0.0903766072612863,0.282769429230294,0.0954323213189429,0.0480187553034696,0.831368250927739,1.68072308550171,1.86985649516745,0.161457975111727,0.618174418951748,0.182319387636999,0.114468741355562,0.177629405819966,14.1984228880702,19.54475537235,2.79458612437702,2.58139923369086,0.190530110208266,0.0334516984032179,0.0217754490665041,0.166750221981493
11.7294953444212,16.4694959090534,4.88370600843346,5.42621319508504,1.54281426466572,0.391284286606942,0.188731279825282,0.20266087233885,0.142964420199584,0.412671265369928,0.00383231005048694,0.625337922536406,0.145770877069673,0.455572221244883,0.577397881642233,0.638121875583985,16.2940256285022,62.4566371513996,6.64546326614639,2.6565769195138,0.321234856575828,0.23005222935405,0.541948858572087,0.0641537716595057,45.8172820531024,0.940117157541692,7.29131072486374,1.58606131421963,0.187065360467429,0.579364020610487,0.0152640750407738,0.0500309858485026,0.308405095850009,0.128218986015271,0.295192387316808,0.472278410813683,0.381805453836841,0.522043415714673,0.396739570145847,0.351382448723163,10.5780988106194,1.7699874404977,10.1930927306044,0.528844089866176,1.00916858539075,0.00158257477021026,0.0152720186525506,0.109224016925129,10.2703301699966,38.010494108945,10.5417576296253,0.451975422449501,0.0485782772993762,0.176386558801596,0.220527881530816,0.0228292593013804,0.683213370573021,0.308227876465335,0.407034801451884,0.313928658337231,0.26857409283682,0.260439315594623,0.0276143908983835,0.0777025768475769,0.137998616985662,1.26335987674145,1.48898706285046,0.0911822874598882,0.914776997817398,0.139511924380282,0.161621159327315,0.209696847376672,14.2098731415197,9.67445920164048,1.58676198586455,2.2172230782039,0.318840440108982,0.129192277233605,0.000709195047799892,0.103469360729718
15.6951485217363,10.4837873908851,3.9359691075862,3.1803990019146,1.23120240480696,0.177393903662026,0.220702322021383,0.119542635081419,0.427536481526891,0.277379970650064,0.00584032527939287,0.434884383485543,0.178532677106573,0.183782344609456,0.654567503028985,0.789644511789532,11.7955849349382,38.2702251194295,1.94993343368483,3.41984739210555,0.270261546661273,0.297749729006646,0.385032083263889,0.0910644028101954,18.1713086053667,2.15943045134733,3.09540581205238,1.93217928566794,0.0686285565653402,0.395487518414026,0.00944473096663381,0.0941585952177776,0.345298646796995,0.0889044253006093,0.386641041798831,0.656086651709889,0.514079978962488,0.787003708077569,0.0736560227983067,0.318879987958951,15.2823369384329,3.69146865468417,17.0309363219051,1.46746636035037,0.881407781848152,0.0018626103773575,0.0267673818998972,0.0878369083893565,4.40505938159695,35.1623317887786,8.07195096307125,1.59266296608082,0.0191868977398861,0.392386975629853,0.365672748213149,0.0264218988280661,0.863697313443764,0.551670695379382,0.0321258368364537,0.0403176870635081,0.102136460915913,0.22818330949223,0.161521046607296,0.0415597795543945,0.647740247572233,1.44465021047025,1.8167148932734,0.0932783688274041,0.983141027062927,0.164812413191541,0.13177491378836,0.0439554014503443,16.16082322403,18.5276149306788,6.50976125223629,1.87174527895956,0.367851087363839,0.140538288012765,0.0527703874950586,0.0318603866930328
21.8861248483005,25.3551240455544,2.91593275553068,3.04393907657753,1.36978624980672,0.182956782652784,0.148558483580668,0.148725843313025,0.245375026950189,0.48344198306319,0.00237615198625976,0.497378700204252,0.452341918761892,0.350464325581384,0.657633265424805,0.61825413151582,28.7882013718596,30.2470832196942,4.83332514210741,2.00564965798242,0.340630067931114,0.0511833656846422,0.634942018847325,0.0737566306446237,50.2906581936838,3.1541206596355,2.24829661514193,0.740597588226286,0.0640403007498747,0.267299727128215,0.00868867150177729,0.0585917936168076,0.515089417009168,0.0975273447794935,0.25819129632926,0.449496377507603,0.12823343447755,0.638221859328523,0.345665402784035,0.282384627848407,19.2669684293803,11.4945252538386,12.4068011839217,2.06081189010876,0.764442148835616,4.06299452675829e-05,0.0166610165416829,0.112370523110571,6.31476114948368,15.7723589734275,12.7160090117211,1.49554787254038,0.0771412679102979,0.486588303883459,0.399584580961419,0.00360528955779526,0.332543681374171,0.363318394465495,0.201959920385828,0.625343093288933,0.0806632376320126,0.358768487136623,0.0801836968223751,0.0140231125892829,0.742096161610246,2.01820928997374,1.49480172078246,0.12396087728885,1.15839495372556,0.239294387618312,0.0938842592791389,0.205164011474804,9.05393550576218,13.8325349335943,3.76821365702591,3.08601270868402,0.258554149645916,0.174188413717362,0.0586255508969956,0.0919403921937253
15.3518314812732,17.2115552205846,1.4030541881982,3.58581963303652,1.23630993554899,0.204965516378843,0.264355870201816,0.0364329495042751,0.18407373708117,0.142821153036593,0.00443942133380035,0.315473777960924,0.274133527784102,0.24177330194748,0.675652469736649,0.681317254527917,27.3889041773183,17.7523653444186,3.64044127796122,3.59840302283391,0.22933813879709,0.446208858471543,0.795274478203113,0.062893732105778,23.1862545410865,1.3724253819032,8.08400399338895,1.57883434260368,0.16410770286645,0.309416010108274,0.0106360232892169,0.0679577336886443,0.531742447618561,0.165092106473293,0.347222867237949,0.788760300926924,0.357659169422725,0.840612593467473,0.451371674681656,0.273143677180235,8.05090034399263,5.16787756400681,9.29674975435338,1.0218362820547,0.641114949987799,0.00199066489727624,0.0143648072000734,0.124897320506851,8.71246973864592,29.5337447109962,10.7841370827918,0.534610518490696,0.0742026661506378,0.322710045747255,0.291154015887671,0.0134636985918615,1.08149196712574,0.285985064788221,0.485261234846769,0.226693015284944,0.147745162562308,0.27091407332311,0.0546135197579782,0.0494279478912142,0.893228673805275,1.83019635308816,1.26790745016289,0.134823537799381,0.893066579796146,0.167267291624486,0.040811025697646,0.272110421038122,20.9844867935389,27.8792963963966,3.6234536124162,4.46774533208672,0.45596773826271,0.131822071536509,0.0634189864116568,0.101273364305225
20.2252675765527,27.1412490186992,2.24750376082215,3.9797716970621,2.23975868492204,0.194833925671893,0.159855432876701,0.103358408719141,0.0880430260115554,0.463220154448114,0.00583426314266886,0.450430596269102,0.195345663115599,0.337676935433229,0.784030808112567,0.618120981519033,26.5160785553671,52.9866720034201,3.76120880418984,3.73788778554224,0.396970631822002,0.609934526362625,0.361046285635074,0.0782255954817729,0.356780491992492,4.36534028903852,8.56661978117835,1.10820985637862,0.00827785192643541,0.840504719996662,0.0216672540173017,0.0275580942090124,0.345245964404475,0.156184858888274,0.236094677066826,0.752620707184039,0.474239490684247,0.492657025451489,0.278901920082357,0.332458690061534,8.52786203011397,3.29469817670752,13.7398096279283,0.331499858890651,0.88882144349298,0.00159550961744182,0.0138619660320657,0.118072828769091,7.88341719426803,30.9016346427512,4.94583442363346,1.2450062582011,0.0609457561989245,0.344634094687751,0.257928918720025,0.0143904002877895,1.20293893610227,0.418142983458332,0.780244282834081,0.352422256480563,0.346887587993363,0.197728148378133,0.113023028719247,0.053429168428126,0.454680201673998,0.870649564182287,1.05765726849773,0.123507168035606,0.667033675482904,0.227555082459613,0.142955530648388,0.212397484793527,18.2816238168978,27.1037121108289,1.50465399130898,1.79387300431434,0.207692740652183,0.0297015302797824,0.0178409809731071,0.148867419738522
